0.000000000000000000e+00 0.000000000000000000e+00
6.765899864682003214e-04 0.000000000000000000e+00
6.765899864682003214e-04 1.354096140825998594e-03
2.029769959404600747e-03 1.354096140825998594e-03
2.029769959404600747e-03 2.031144211238998000e-03
2.706359945872801286e-03 2.031144211238998000e-03
2.706359945872801286e-03 3.385240352064996811e-03
3.382949932341001390e-03 3.385240352064996811e-03
3.382949932341001390e-03 4.739336492890995622e-03
4.059539918809201495e-03 4.739336492890995622e-03
4.059539918809201495e-03 8.124576844955992000e-03
5.412719891745602571e-03 8.124576844955992000e-03
5.412719891745602571e-03 8.801624915368991622e-03
6.089309878213802242e-03 8.801624915368991622e-03
6.089309878213802242e-03 1.150981719702098838e-02
6.765899864682002780e-03 1.150981719702098838e-02
6.765899864682002780e-03 1.286391333784698762e-02
7.442489851150203319e-03 1.286391333784698762e-02
7.442489851150203319e-03 1.624915368991198400e-02
8.119079837618402989e-03 1.624915368991198400e-02
8.119079837618402989e-03 1.692620176032498189e-02
9.472259810554804066e-03 1.692620176032498189e-02
9.472259810554804066e-03 1.760324983073798324e-02
1.014884979702300460e-02 1.760324983073798324e-02
1.150202976995940395e-02 1.760324983073798324e-02
1.150202976995940395e-02 1.828029790115098113e-02
1.285520974289580502e-02 1.828029790115098113e-02
1.285520974289580502e-02 1.895734597156398249e-02
1.353179972936400556e-02 1.895734597156398249e-02
1.353179972936400556e-02 1.963439404197698038e-02
1.488497970230040664e-02 1.963439404197698038e-02
1.488497970230040664e-02 2.031144211238997827e-02
1.556156968876860544e-02 2.031144211238997827e-02
1.556156968876860544e-02 2.098849018280297962e-02
1.623815967523680598e-02 2.098849018280297962e-02
1.826792963464140759e-02 2.098849018280297962e-02
1.962110960757780867e-02 2.098849018280297962e-02
1.962110960757780867e-02 2.234258632362897887e-02
2.097428958051420975e-02 2.234258632362897887e-02
2.097428958051420975e-02 2.572782667569397524e-02
2.300405953991880789e-02 2.572782667569397524e-02
2.300405953991880789e-02 2.979011509817196951e-02
2.368064952638700843e-02 2.979011509817196951e-02
2.368064952638700843e-02 3.249830737982396800e-02
2.503382949932340951e-02 3.249830737982396800e-02
2.774018944519621166e-02 3.249830737982396800e-02
2.841677943166441220e-02 3.249830737982396800e-02
2.841677943166441220e-02 3.520649966147596649e-02
2.909336941813261274e-02 3.520649966147596649e-02
2.909336941813261274e-02 3.588354773188896091e-02
2.976995940460081327e-02 3.588354773188896091e-02
3.112313937753721088e-02 3.588354773188896091e-02
3.112313937753721088e-02 4.062288422477995653e-02
3.179972936400541489e-02 4.062288422477995653e-02
3.179972936400541489e-02 4.129993229519295789e-02
3.247631935047361196e-02 4.129993229519295789e-02
3.247631935047361196e-02 4.265402843601896060e-02
3.315290933694181597e-02 4.265402843601896060e-02
3.315290933694181597e-02 4.333107650643195502e-02
3.382949932341001303e-02 4.333107650643195502e-02
3.382949932341001303e-02 4.400812457684495638e-02
3.585926928281461118e-02 4.400812457684495638e-02
3.585926928281461118e-02 4.739336492890994929e-02
3.788903924221921626e-02 4.739336492890994929e-02
3.788903924221921626e-02 4.942450914014895336e-02
3.924221921515561734e-02 4.942450914014895336e-02
3.924221921515561734e-02 5.010155721056194777e-02
4.127198917456021549e-02 5.010155721056194777e-02
4.262516914749661656e-02 5.010155721056194777e-02
4.262516914749661656e-02 5.077860528097494913e-02
4.330175913396482057e-02 5.077860528097494913e-02
4.465493910690121471e-02 5.077860528097494913e-02
4.465493910690121471e-02 5.484089370345294340e-02
4.600811907983761578e-02 5.484089370345294340e-02
4.668470906630581979e-02 5.484089370345294340e-02
4.668470906630581979e-02 5.551794177386594475e-02
4.803788903924222087e-02 5.551794177386594475e-02
4.871447902571041794e-02 5.551794177386594475e-02
5.006765899864681901e-02 5.551794177386594475e-02
5.006765899864681901e-02 5.619498984427894611e-02
5.074424898511502302e-02 5.619498984427894611e-02
5.074424898511502302e-02 6.364251861882193329e-02
5.209742895805142410e-02 6.364251861882193329e-02
5.412719891745602224e-02 6.364251861882193329e-02
5.412719891745602224e-02 6.431956668923494158e-02
5.548037889039242332e-02 6.431956668923494158e-02
5.683355886332882440e-02 6.431956668923494158e-02
5.683355886332882440e-02 6.499661475964793600e-02
5.751014884979702146e-02 6.499661475964793600e-02
5.751014884979702146e-02 6.567366283006093042e-02
5.886332882273342254e-02 6.567366283006093042e-02
5.886332882273342254e-02 6.838185511171293585e-02
6.021650879566982362e-02 6.838185511171293585e-02
6.021650879566982362e-02 7.176709546377792182e-02
6.089309878213802762e-02 7.176709546377792182e-02
6.089309878213802762e-02 7.312119160460392453e-02
6.224627875507442176e-02 7.312119160460392453e-02
6.224627875507442176e-02 7.379823967501693283e-02
6.359945872801082978e-02 7.379823967501693283e-02
6.359945872801082978e-02 7.447528774542992724e-02
6.427604871447901991e-02 7.447528774542992724e-02
6.562922868741542792e-02 7.447528774542992724e-02
6.630581867388363193e-02 7.447528774542992724e-02
6.630581867388363193e-02 7.582938388625592996e-02
6.698240866035182206e-02 7.582938388625592996e-02
6.698240866035182206e-02 7.853757616790792151e-02
6.833558863328823008e-02 7.853757616790792151e-02
6.833558863328823008e-02 7.921462423832091593e-02
6.901217861975643408e-02 7.921462423832091593e-02
6.901217861975643408e-02 7.989167230873392422e-02
7.036535859269282822e-02 7.989167230873392422e-02
7.036535859269282822e-02 8.124576844955991306e-02
7.104194857916103223e-02 8.124576844955991306e-02
7.104194857916103223e-02 8.530805687203792120e-02
7.239512855209742637e-02 8.530805687203792120e-02
7.239512855209742637e-02 8.666215301286391004e-02
7.307171853856563037e-02 8.666215301286391004e-02
7.307171853856563037e-02 8.801624915368991275e-02
7.442489851150202451e-02 8.801624915368991275e-02
7.442489851150202451e-02 8.869329722410290717e-02
7.645466847090663653e-02 8.869329722410290717e-02
7.645466847090663653e-02 9.140148950575491260e-02
7.713125845737482666e-02 9.140148950575491260e-02
7.713125845737482666e-02 9.343263371699390973e-02
7.780784844384303067e-02 9.343263371699390973e-02
7.780784844384303067e-02 9.478672985781989857e-02
7.848443843031123468e-02 9.478672985781989857e-02
7.848443843031123468e-02 9.681787406905890958e-02
7.983761840324762882e-02 9.681787406905890958e-02
8.051420838971583283e-02 9.681787406905890958e-02
8.051420838971583283e-02 9.817197020988489842e-02
8.119079837618403683e-02 9.817197020988489842e-02
8.119079837618403683e-02 9.884901828029790671e-02
8.254397834912043097e-02 9.884901828029790671e-02
8.254397834912043097e-02 1.002031144211238955e-01
8.525033829499323312e-02 1.002031144211238955e-01
8.525033829499323312e-02 1.008801624915369038e-01
8.660351826792964114e-02 1.008801624915369038e-01
8.660351826792964114e-02 1.029113067027759010e-01
8.728010825439783127e-02 1.029113067027759010e-01
8.728010825439783127e-02 1.035883547731888954e-01
8.795669824086603528e-02 1.035883547731888954e-01
8.795669824086603528e-02 1.049424509140148981e-01
8.863328822733423928e-02 1.049424509140148981e-01
8.863328822733423928e-02 1.056194989844278925e-01
8.998646820027063342e-02 1.056194989844278925e-01
8.998646820027063342e-02 1.171293161814488809e-01
9.066305818673883743e-02 1.171293161814488809e-01
9.066305818673883743e-02 1.178063642518618753e-01
9.201623815967523157e-02 1.178063642518618753e-01
9.201623815967523157e-02 1.191604603926878780e-01
9.336941813261163958e-02 1.191604603926878780e-01
9.336941813261163958e-02 1.198375084631008863e-01
9.404600811907984359e-02 1.198375084631008863e-01
9.404600811907984359e-02 1.218686526743398835e-01
9.539918809201623773e-02 1.218686526743398835e-01
9.539918809201623773e-02 1.225457007447528779e-01
9.675236806495263187e-02 1.225457007447528779e-01
1.008119079837618420e-01 1.225457007447528779e-01
1.008119079837618420e-01 1.232227488151658723e-01
1.021650879566982362e-01 1.232227488151658723e-01
1.021650879566982362e-01 1.252538930264048833e-01
1.035182679296346442e-01 1.252538930264048833e-01
1.035182679296346442e-01 1.266079891672308722e-01
1.041948579161028482e-01 1.266079891672308722e-01
1.041948579161028482e-01 1.272850372376438666e-01
1.048714479025710383e-01 1.272850372376438666e-01
1.048714479025710383e-01 1.299932295192958720e-01
1.062246278755074463e-01 1.299932295192958720e-01
1.062246278755074463e-01 1.313473256601218608e-01
1.075778078484438405e-01 1.313473256601218608e-01
1.075778078484438405e-01 1.327014218009478774e-01
1.082543978349120445e-01 1.327014218009478774e-01
1.082543978349120445e-01 1.333784698713608718e-01
1.089309878213802485e-01 1.333784698713608718e-01
1.089309878213802485e-01 1.347325660121868607e-01
1.102841677943166426e-01 1.347325660121868607e-01
1.102841677943166426e-01 1.354096140825998551e-01
1.116373477672530506e-01 1.354096140825998551e-01
1.116373477672530506e-01 1.360866621530128773e-01
1.123139377537212408e-01 1.360866621530128773e-01
1.123139377537212408e-01 1.394719025050778494e-01
1.129905277401894448e-01 1.394719025050778494e-01
1.129905277401894448e-01 1.401489505754908715e-01
1.184032476319350491e-01 1.401489505754908715e-01
1.184032476319350491e-01 1.462423832092078491e-01
1.190798376184032531e-01 1.462423832092078491e-01
1.190798376184032531e-01 1.482735274204468601e-01
1.197564276048714432e-01 1.482735274204468601e-01
1.197564276048714432e-01 1.489505754908598545e-01
1.211096075778078512e-01 1.489505754908598545e-01
1.211096075778078512e-01 1.503046716316858433e-01
1.217861975642760552e-01 1.503046716316858433e-01
1.217861975642760552e-01 1.523358158429248543e-01
1.231393775372124494e-01 1.523358158429248543e-01
1.231393775372124494e-01 1.530128639133378488e-01
1.244925575101488435e-01 1.530128639133378488e-01
1.244925575101488435e-01 1.536899119837508432e-01
1.265223274695534417e-01 1.536899119837508432e-01
1.265223274695534417e-01 1.557210561949898542e-01
1.271989174560216596e-01 1.557210561949898542e-01
1.271989174560216596e-01 1.570751523358158430e-01
1.285520974289580398e-01 1.570751523358158430e-01
1.305818673883626657e-01 1.570751523358158430e-01
1.305818673883626657e-01 1.577522004062288374e-01
1.312584573748308558e-01 1.577522004062288374e-01
1.312584573748308558e-01 1.604603926878808429e-01
1.326116373477672639e-01 1.604603926878808429e-01
1.326116373477672639e-01 1.618144888287068317e-01
1.346414073071718620e-01 1.618144888287068317e-01
1.366711772665764602e-01 1.618144888287068317e-01
1.380243572395128682e-01 1.618144888287068317e-01
1.380243572395128682e-01 1.631685849695328483e-01
1.387009472259810583e-01 1.631685849695328483e-01
1.387009472259810583e-01 1.645226811103588371e-01
1.393775372124492484e-01 1.645226811103588371e-01
1.407307171853856564e-01 1.645226811103588371e-01
1.407307171853856564e-01 1.665538253215978204e-01
1.414073071718538466e-01 1.665538253215978204e-01
1.414073071718538466e-01 1.672308733920108426e-01
1.427604871447902546e-01 1.672308733920108426e-01
1.427604871447902546e-01 1.679079214624238370e-01
1.434370771312584447e-01 1.679079214624238370e-01
1.434370771312584447e-01 1.692620176032498258e-01
1.447902571041948527e-01 1.692620176032498258e-01
1.447902571041948527e-01 1.706161137440758424e-01
1.454668470906630706e-01 1.706161137440758424e-01
1.454668470906630706e-01 1.740013540961408145e-01
1.461434370771312607e-01 1.740013540961408145e-01
1.461434370771312607e-01 1.746784021665538367e-01
1.474966170500676688e-01 1.746784021665538367e-01
1.474966170500676688e-01 1.753554502369668311e-01
1.481732070365358589e-01 1.753554502369668311e-01
1.481732070365358589e-01 1.760324983073798255e-01
1.488497970230040490e-01 1.760324983073798255e-01
1.488497970230040490e-01 1.800947867298578198e-01
1.495263870094722669e-01 1.800947867298578198e-01
1.515561569688768651e-01 1.807718348002708142e-01
1.522327469553450552e-01 1.807718348002708142e-01
1.535859269282814632e-01 1.807718348002708142e-01
1.535859269282814632e-01 1.814488828706838086e-01
1.542625169147496533e-01 1.814488828706838086e-01
1.542625169147496533e-01 1.821259309410968308e-01
1.549391069012178712e-01 1.821259309410968308e-01
1.549391069012178712e-01 1.828029790115098252e-01
1.556156968876860613e-01 1.828029790115098252e-01
1.556156968876860613e-01 1.834800270819228196e-01
1.583220568335588496e-01 1.834800270819228196e-01
1.583220568335588496e-01 1.868652674339878195e-01
1.603518267929634755e-01 1.868652674339878195e-01
1.603518267929634755e-01 1.882193635748138083e-01
1.617050067658998558e-01 1.882193635748138083e-01
1.617050067658998558e-01 1.895734597156397971e-01
1.623815967523680737e-01 1.895734597156397971e-01
1.637347767253044539e-01 1.895734597156397971e-01
1.644113667117726718e-01 1.895734597156397971e-01
1.644113667117726718e-01 1.922816519972918026e-01
1.650879566982408619e-01 1.922816519972918026e-01
1.664411366711772700e-01 1.922816519972918026e-01
1.664411366711772700e-01 1.949898442789438080e-01
1.664411366711772700e-01 1.963439404197697968e-01
1.671177266576454601e-01 1.963439404197697968e-01
1.671177266576454601e-01 1.970209884901827913e-01
1.684709066305818681e-01 1.970209884901827913e-01
1.684709066305818681e-01 1.976980365605958134e-01
1.698240866035182761e-01 1.976980365605958134e-01
1.705006765899864662e-01 1.976980365605958134e-01
1.705006765899864662e-01 1.990521327014218023e-01
1.732070365358592823e-01 1.990521327014218023e-01
1.732070365358592823e-01 2.004062288422477911e-01
1.752368064952638804e-01 2.004062288422477911e-01
1.752368064952638804e-01 2.010832769126607855e-01
1.765899864682002607e-01 2.010832769126607855e-01
1.765899864682002607e-01 2.024373730534868021e-01
1.772665764546684786e-01 2.024373730534868021e-01
1.772665764546684786e-01 2.051455653351388075e-01
1.779431664411366687e-01 2.051455653351388075e-01
1.779431664411366687e-01 2.071767095463777908e-01
1.786197564276048588e-01 2.071767095463777908e-01
1.786197564276048588e-01 2.078537576167907852e-01
1.806495263870094847e-01 2.078537576167907852e-01
1.820027063599458650e-01 2.078537576167907852e-01
1.820027063599458650e-01 2.098849018280297962e-01
1.833558863328822730e-01 2.098849018280297962e-01
1.847090663058186810e-01 2.098849018280297962e-01
1.847090663058186810e-01 2.119160460392687795e-01
1.860622462787550613e-01 2.119160460392687795e-01
1.860622462787550613e-01 2.132701421800947961e-01
1.887686062246278773e-01 2.132701421800947961e-01
1.887686062246278773e-01 2.139471902505077905e-01
1.887686062246278773e-01 2.153012863913337793e-01
1.887686062246278773e-01 2.173324306025727903e-01
1.894451962110960674e-01 2.180094786729857848e-01
1.894451962110960674e-01 2.186865267433987792e-01
1.901217861975642853e-01 2.186865267433987792e-01
1.901217861975642853e-01 2.193635748138117736e-01
1.901217861975642853e-01 2.207176709546377902e-01
1.901217861975642853e-01 2.234258632362897679e-01
1.914749661705006656e-01 2.234258632362897679e-01
1.914749661705006656e-01 2.247799593771157844e-01
1.921515561569688835e-01 2.247799593771157844e-01
1.935047361299052637e-01 2.247799593771157844e-01
1.941813261163734816e-01 2.247799593771157844e-01
1.941813261163734816e-01 2.261340555179417733e-01
1.948579161028416717e-01 2.261340555179417733e-01
1.948579161028416717e-01 2.281651997291807843e-01
1.975642760487144878e-01 2.281651997291807843e-01
1.975642760487144878e-01 2.295192958700067731e-01
1.982408660351826779e-01 2.295192958700067731e-01
1.982408660351826779e-01 2.301963439404197675e-01
1.989174560216508680e-01 2.301963439404197675e-01
1.995940460081190859e-01 2.315504400812457564e-01
2.002706359945872761e-01 2.315504400812457564e-01
2.002706359945872761e-01 2.322274881516587786e-01
2.016238159675236841e-01 2.322274881516587786e-01
2.016238159675236841e-01 2.335815842924847674e-01
2.043301759133964723e-01 2.335815842924847674e-01
2.043301759133964723e-01 2.349356804333107562e-01
2.056833558863328804e-01 2.349356804333107562e-01
2.056833558863328804e-01 2.356127285037237507e-01
2.063599458728010705e-01 2.356127285037237507e-01
2.070365358592692884e-01 2.362897765741367728e-01
2.070365358592692884e-01 2.369668246445497672e-01
2.077131258457374785e-01 2.369668246445497672e-01
2.077131258457374785e-01 2.376438727149627617e-01
2.090663058186738865e-01 2.376438727149627617e-01
2.090663058186738865e-01 2.383209207853757561e-01
2.097428958051420766e-01 2.383209207853757561e-01
2.097428958051420766e-01 2.417061611374407559e-01
2.104194857916102945e-01 2.417061611374407559e-01
2.104194857916102945e-01 2.444143534190927614e-01
2.110960757780784847e-01 2.444143534190927614e-01
2.124492557510148927e-01 2.444143534190927614e-01
2.124492557510148927e-01 2.450914014895057558e-01
2.131258457374830828e-01 2.450914014895057558e-01
2.131258457374830828e-01 2.457684495599187502e-01
2.144790257104194908e-01 2.457684495599187502e-01
2.144790257104194908e-01 2.471225457007447390e-01
2.151556156968876810e-01 2.471225457007447390e-01
2.151556156968876810e-01 2.477995937711577612e-01
2.165087956698240890e-01 2.477995937711577612e-01
2.165087956698240890e-01 2.505077860528097666e-01
2.171853856562922791e-01 2.505077860528097666e-01
2.178619756427604970e-01 2.511848341232227333e-01
2.178619756427604970e-01 2.525389302640487221e-01
2.192151556156968772e-01 2.525389302640487221e-01
2.205683355886332853e-01 2.525389302640487221e-01
2.205683355886332853e-01 2.532159783344617443e-01
2.219215155615696933e-01 2.532159783344617443e-01
2.219215155615696933e-01 2.538930264048747665e-01
2.232746955345061013e-01 2.538930264048747665e-01
2.232746955345061013e-01 2.572782667569397663e-01
2.253044654939106994e-01 2.572782667569397663e-01
2.253044654939106994e-01 2.593094109681787218e-01
2.273342354533152976e-01 2.593094109681787218e-01
2.273342354533152976e-01 2.606635071090047662e-01
2.280108254397834877e-01 2.606635071090047662e-01
2.280108254397834877e-01 2.620176032498307550e-01
2.280108254397834877e-01 2.633716993906567438e-01
2.280108254397834877e-01 2.640487474610697105e-01
2.300405953991880859e-01 2.640487474610697105e-01
2.300405953991880859e-01 2.654028436018957549e-01
2.313937753721244939e-01 2.654028436018957549e-01
2.313937753721244939e-01 2.660798916723087215e-01
2.327469553450609019e-01 2.660798916723087215e-01
2.334235453315290920e-01 2.667569397427217437e-01
2.334235453315290920e-01 2.701421800947867435e-01
2.347767253044655000e-01 2.701421800947867435e-01
2.347767253044655000e-01 2.708192281651997102e-01
2.347767253044655000e-01 2.721733243060257545e-01
2.354533152909336902e-01 2.721733243060257545e-01
2.354533152909336902e-01 2.735274204468517434e-01
2.361299052774019080e-01 2.735274204468517434e-01
2.361299052774019080e-01 2.748815165876777322e-01
2.374830852503382883e-01 2.748815165876777322e-01
2.374830852503382883e-01 2.769126607989167432e-01
2.388362652232746963e-01 2.769126607989167432e-01
2.388362652232746963e-01 2.775897088693297099e-01
2.395128552097428865e-01 2.782667569397427321e-01
2.395128552097428865e-01 2.789438050101556987e-01
2.401894451962111043e-01 2.789438050101556987e-01
2.401894451962111043e-01 2.802979011509817431e-01
2.408660351826792945e-01 2.802979011509817431e-01
2.408660351826792945e-01 2.836831415030467429e-01
2.415426251691474846e-01 2.836831415030467429e-01
2.428958051420838926e-01 2.836831415030467429e-01
2.428958051420838926e-01 2.850372376438727318e-01
2.435723951285521105e-01 2.850372376438727318e-01
2.435723951285521105e-01 2.863913337846987206e-01
2.449255751014884908e-01 2.863913337846987206e-01
2.456021650879567086e-01 2.870683818551116873e-01
2.456021650879567086e-01 2.884224779959377316e-01
2.469553450608930889e-01 2.884224779959377316e-01
2.469553450608930889e-01 2.938388625592416870e-01
2.476319350473613068e-01 2.938388625592416870e-01
2.476319350473613068e-01 2.965470548408937201e-01
2.496617050067659049e-01 2.965470548408937201e-01
2.496617050067659049e-01 2.979011509817197090e-01
2.503382949932341228e-01 2.979011509817197090e-01
2.510148849797023130e-01 2.985781990521326756e-01
2.510148849797023130e-01 3.012863913337847088e-01
2.530446549391068833e-01 3.012863913337847088e-01
2.537212449255751290e-01 3.012863913337847088e-01
2.543978349120433191e-01 3.019634394041976755e-01
2.550744248985115092e-01 3.033175355450237198e-01
2.550744248985115092e-01 3.039945836154366865e-01
2.557510148849796994e-01 3.039945836154366865e-01
2.571041948579160796e-01 3.039945836154366865e-01
2.571041948579160796e-01 3.046716316858497087e-01
2.584573748308525154e-01 3.046716316858497087e-01
2.591339648173207055e-01 3.046716316858497087e-01
2.598105548037888957e-01 3.053486797562626753e-01
2.598105548037888957e-01 3.080568720379147085e-01
2.604871447902570858e-01 3.080568720379147085e-01
2.611637347767253314e-01 3.087339201083276752e-01
2.618403247631935216e-01 3.087339201083276752e-01
2.618403247631935216e-01 3.094109681787406974e-01
2.625169147496617117e-01 3.094109681787406974e-01
2.625169147496617117e-01 3.121191604603926750e-01
2.631935047361299018e-01 3.121191604603926750e-01
2.631935047361299018e-01 3.127962085308056972e-01
2.645466847090662821e-01 3.127962085308056972e-01
2.645466847090662821e-01 3.141503046716316860e-01
2.652232746955345277e-01 3.141503046716316860e-01
2.652232746955345277e-01 3.161814488828706970e-01
2.658998646820027179e-01 3.161814488828706970e-01
2.658998646820027179e-01 3.168584969532836637e-01
2.665764546684709080e-01 3.168584969532836637e-01
2.679296346414072882e-01 3.168584969532836637e-01
2.692828146143437240e-01 3.168584969532836637e-01
2.692828146143437240e-01 3.175355450236966859e-01
2.699594046008119141e-01 3.175355450236966859e-01
2.713125845737482944e-01 3.175355450236966859e-01
2.713125845737482944e-01 3.188896411645226747e-01
2.719891745602164845e-01 3.188896411645226747e-01
2.719891745602164845e-01 3.195666892349356969e-01
2.746955345060893006e-01 3.195666892349356969e-01
2.753721244925574907e-01 3.195666892349356969e-01
2.767253044654939265e-01 3.202437373053486636e-01
2.774018944519621166e-01 3.202437373053486636e-01
2.787550744248984969e-01 3.202437373053486636e-01
2.787550744248984969e-01 3.215978334461746524e-01
2.794316644113666870e-01 3.215978334461746524e-01
2.794316644113666870e-01 3.222748815165876746e-01
2.794316644113666870e-01 3.236289776574136634e-01
2.807848443843031228e-01 3.236289776574136634e-01
2.814614343707713129e-01 3.243060257278266856e-01
2.814614343707713129e-01 3.263371699390656966e-01
2.814614343707713129e-01 3.270142180094786633e-01
2.828146143437076931e-01 3.270142180094786633e-01
2.834912043301759388e-01 3.270142180094786633e-01
2.834912043301759388e-01 3.276912660798916854e-01
2.848443843031123190e-01 3.276912660798916854e-01
2.855209742895805092e-01 3.290453622207176743e-01
2.861975642760486993e-01 3.290453622207176743e-01
2.861975642760486993e-01 3.303994583615436631e-01
2.875507442489851351e-01 3.303994583615436631e-01
2.889039242219215153e-01 3.303994583615436631e-01
2.895805142083897055e-01 3.303994583615436631e-01
2.909336941813261412e-01 3.303994583615436631e-01
2.909336941813261412e-01 3.310765064319566853e-01
2.916102841677943314e-01 3.317535545023696519e-01
2.929634641407307116e-01 3.317535545023696519e-01
2.956698240866035277e-01 3.317535545023696519e-01
2.970230040595399079e-01 3.317535545023696519e-01
2.970230040595399079e-01 3.337846987136086629e-01
2.976995940460080980e-01 3.337846987136086629e-01
2.990527740189445338e-01 3.337846987136086629e-01
2.997293640054127239e-01 3.337846987136086629e-01
2.997293640054127239e-01 3.351387948544346518e-01
3.017591339648172943e-01 3.351387948544346518e-01
3.024357239512855400e-01 3.351387948544346518e-01
3.031123139377537301e-01 3.358158429248476740e-01
3.037889039242219202e-01 3.358158429248476740e-01
3.037889039242219202e-01 3.385240352064996516e-01
3.064952638700947363e-01 3.385240352064996516e-01
3.071718538565629264e-01 3.385240352064996516e-01
3.071718538565629264e-01 3.392010832769126738e-01
3.078484438430311165e-01 3.392010832769126738e-01
3.078484438430311165e-01 3.398781313473256405e-01
3.085250338294993067e-01 3.405551794177386626e-01
3.092016238159674968e-01 3.405551794177386626e-01
3.092016238159674968e-01 3.412322274881516848e-01
3.098782138024357424e-01 3.412322274881516848e-01
3.098782138024357424e-01 3.432633716993906403e-01
3.098782138024357424e-01 3.446174678402166291e-01
3.098782138024357424e-01 3.466486120514556402e-01
3.105548037889039326e-01 3.473256601218686623e-01
3.105548037889039326e-01 3.480027081922816290e-01
3.112313937753721227e-01 3.480027081922816290e-01
3.132611637347767486e-01 3.480027081922816290e-01
3.146143437077131289e-01 3.480027081922816290e-01
3.146143437077131289e-01 3.486797562626946512e-01
3.152909336941813190e-01 3.493568043331076733e-01
3.159675236806495091e-01 3.493568043331076733e-01
3.159675236806495091e-01 3.500338524035206400e-01
3.179972936400541350e-01 3.500338524035206400e-01
3.179972936400541350e-01 3.507109004739336622e-01
3.200270635994587054e-01 3.507109004739336622e-01
3.200270635994587054e-01 3.513879485443466288e-01
3.240866035182679572e-01 3.513879485443466288e-01
3.254397834912043375e-01 3.513879485443466288e-01
3.254397834912043375e-01 3.520649966147596510e-01
3.261163734776725276e-01 3.520649966147596510e-01
3.261163734776725276e-01 3.540961408259986620e-01
3.274695534506089079e-01 3.540961408259986620e-01
3.274695534506089079e-01 3.547731888964116287e-01
3.288227334235453436e-01 3.547731888964116287e-01
3.294993234100135338e-01 3.554502369668246509e-01
3.294993234100135338e-01 3.588354773188896507e-01
3.335588633288227300e-01 3.588354773188896507e-01
3.349120433017591103e-01 3.588354773188896507e-01
3.355886332882273559e-01 3.588354773188896507e-01
3.362652232746955461e-01 3.601895734597156395e-01
3.369418132611637362e-01 3.601895734597156395e-01
3.369418132611637362e-01 3.615436696005416284e-01
3.376184032476319263e-01 3.622207176709546506e-01
3.376184032476319263e-01 3.656059580230196504e-01
3.403247631935047424e-01 3.656059580230196504e-01
3.410013531799729325e-01 3.656059580230196504e-01
3.410013531799729325e-01 3.669600541638456392e-01
3.416779431664411226e-01 3.669600541638456392e-01
3.416779431664411226e-01 3.703452945159106391e-01
3.464140730717185646e-01 3.703452945159106391e-01
3.484438430311231349e-01 3.703452945159106391e-01
3.491204330175913251e-01 3.710223425863236058e-01
3.518267929634641411e-01 3.710223425863236058e-01
3.518267929634641411e-01 3.716993906567366279e-01
3.525033829499323312e-01 3.723764387271496501e-01
3.525033829499323312e-01 3.730534867975626168e-01
3.552097428958051473e-01 3.730534867975626168e-01
3.572395128552097177e-01 3.730534867975626168e-01
3.579161028416779633e-01 3.737305348679756389e-01
3.599458728010825337e-01 3.744075829383886056e-01
3.599458728010825337e-01 3.764387271496276166e-01
3.606224627875507238e-01 3.764387271496276166e-01
3.606224627875507238e-01 3.777928232904536054e-01
3.606224627875507238e-01 3.791469194312795943e-01
3.606224627875507238e-01 3.798239675016926165e-01
3.612990527740189695e-01 3.798239675016926165e-01
3.612990527740189695e-01 3.805010155721056386e-01
3.633288227334235398e-01 3.805010155721056386e-01
3.633288227334235398e-01 3.811780636425186053e-01
3.660351826792963559e-01 3.811780636425186053e-01
3.660351826792963559e-01 3.818551117129316275e-01
3.667117726657645460e-01 3.818551117129316275e-01
3.667117726657645460e-01 3.825321597833445941e-01
3.673883626522327361e-01 3.825321597833445941e-01
3.673883626522327361e-01 3.832092078537576163e-01
3.687415426251691719e-01 3.832092078537576163e-01
3.687415426251691719e-01 3.852403520649966273e-01
3.700947225981055522e-01 3.852403520649966273e-01
3.714479025710419324e-01 3.852403520649966273e-01
3.728010825439783682e-01 3.852403520649966273e-01
3.728010825439783682e-01 3.859174001354095940e-01
3.734776725304465583e-01 3.859174001354095940e-01
3.748308525033829386e-01 3.859174001354095940e-01
3.755074424898511287e-01 3.865944482058226161e-01
3.761840324763193744e-01 3.865944482058226161e-01
3.761840324763193744e-01 3.872714962762356383e-01
3.788903924221921349e-01 3.872714962762356383e-01
3.788903924221921349e-01 3.886255924170616272e-01
3.802435723951285707e-01 3.886255924170616272e-01
3.802435723951285707e-01 3.913337846987136048e-01
3.809201623815967608e-01 3.920108327691266270e-01
3.822733423545331410e-01 3.920108327691266270e-01
3.822733423545331410e-01 3.926878808395395937e-01
3.836265223274695768e-01 3.926878808395395937e-01
3.836265223274695768e-01 3.933649289099526158e-01
3.849797023004059571e-01 3.933649289099526158e-01
3.863328822733423373e-01 3.933649289099526158e-01
3.863328822733423373e-01 3.940419769803655825e-01
3.876860622462787731e-01 3.940419769803655825e-01
3.890392422192151534e-01 3.940419769803655825e-01
3.890392422192151534e-01 3.960731211916045935e-01
3.897158322056833435e-01 3.960731211916045935e-01
3.910690121786197793e-01 3.960731211916045935e-01
3.917456021650879694e-01 3.960731211916045935e-01
3.917456021650879694e-01 3.974272173324305824e-01
3.930987821380243497e-01 3.974272173324305824e-01
3.930987821380243497e-01 3.994583615436695934e-01
3.937753721244925398e-01 3.994583615436695934e-01
3.937753721244925398e-01 4.021665538253215710e-01
3.958051420838971657e-01 4.021665538253215710e-01
3.971583220568335459e-01 4.021665538253215710e-01
3.971583220568335459e-01 4.035206499661476154e-01
3.985115020297699817e-01 4.035206499661476154e-01
3.985115020297699817e-01 4.055517941773865709e-01
3.985115020297699817e-01 4.069058903182126152e-01
3.985115020297699817e-01 4.082599864590386041e-01
3.991880920162381718e-01 4.089370345294515707e-01
3.998646820027063620e-01 4.089370345294515707e-01
4.012178619756427422e-01 4.089370345294515707e-01
4.012178619756427422e-01 4.102911306702776151e-01
4.025710419485791780e-01 4.102911306702776151e-01
4.025710419485791780e-01 4.116452268111036039e-01
4.032476319350473681e-01 4.116452268111036039e-01
4.032476319350473681e-01 4.123222748815165706e-01
4.039242219215155583e-01 4.123222748815165706e-01
4.052774018944519385e-01 4.123222748815165706e-01
4.052774018944519385e-01 4.136763710223425594e-01
4.059539918809201842e-01 4.136763710223425594e-01
4.059539918809201842e-01 4.190927555856465703e-01
4.066305818673883743e-01 4.190927555856465703e-01
4.066305818673883743e-01 4.204468517264725591e-01
4.073071718538565644e-01 4.204468517264725591e-01
4.086603518267929447e-01 4.204468517264725591e-01
4.100135317997293805e-01 4.204468517264725591e-01
4.100135317997293805e-01 4.224779959377115701e-01
4.100135317997293805e-01 4.238320920785375590e-01
4.100135317997293805e-01 4.265402843601895921e-01
4.106901217861975706e-01 4.265402843601895921e-01
4.106901217861975706e-01 4.292484766418415698e-01
4.113667117726657607e-01 4.292484766418415698e-01
4.113667117726657607e-01 4.299255247122545920e-01
4.127198917456021410e-01 4.299255247122545920e-01
4.147496617050067669e-01 4.299255247122545920e-01
4.147496617050067669e-01 4.319566689234935475e-01
4.154262516914749570e-01 4.319566689234935475e-01
4.167794316644113928e-01 4.319566689234935475e-01
4.167794316644113928e-01 4.326337169939065697e-01
4.201623815967523434e-01 4.326337169939065697e-01
4.208389715832205891e-01 4.333107650643195918e-01
4.221921515561569693e-01 4.333107650643195918e-01
4.242219215155615952e-01 4.333107650643195918e-01
4.242219215155615952e-01 4.360189573459715695e-01
4.255751014884979755e-01 4.360189573459715695e-01
4.255751014884979755e-01 4.373730534867975583e-01
4.269282814614343557e-01 4.373730534867975583e-01
4.282814614343707915e-01 4.373730534867975583e-01
4.296346414073071718e-01 4.373730534867975583e-01
4.309878213802435520e-01 4.373730534867975583e-01
4.316644113667117977e-01 4.373730534867975583e-01
4.323410013531799878e-01 4.380501015572105805e-01
4.323410013531799878e-01 4.387271496276235472e-01
4.357239512855209940e-01 4.387271496276235472e-01
4.357239512855209940e-01 4.394041976980365694e-01
4.364005412719891841e-01 4.394041976980365694e-01
4.364005412719891841e-01 4.441435341909275580e-01
4.370771312584573742e-01 4.441435341909275580e-01
4.384303112313937545e-01 4.454976303317535469e-01
4.391069012178620001e-01 4.454976303317535469e-01
4.391069012178620001e-01 4.461746784021665690e-01
4.404600811907983804e-01 4.461746784021665690e-01
4.404600811907983804e-01 4.468517264725795357e-01
4.411366711772665705e-01 4.468517264725795357e-01
4.411366711772665705e-01 4.475287745429925579e-01
4.424898511502029508e-01 4.475287745429925579e-01
4.424898511502029508e-01 4.482058226134055245e-01
4.431664411366711964e-01 4.482058226134055245e-01
4.431664411366711964e-01 4.495599187542315689e-01
4.445196211096075767e-01 4.495599187542315689e-01
4.465493910690122026e-01 4.495599187542315689e-01
4.465493910690122026e-01 4.522681110358835466e-01
4.485791610284167730e-01 4.522681110358835466e-01
4.512855209742895890e-01 4.522681110358835466e-01
4.512855209742895890e-01 4.529451591062965687e-01
4.526387009472259693e-01 4.529451591062965687e-01
4.539918809201624050e-01 4.529451591062965687e-01
4.539918809201624050e-01 4.536222071767095354e-01
4.560216508795669754e-01 4.536222071767095354e-01
4.560216508795669754e-01 4.556533513879485464e-01
4.566982408660351656e-01 4.556533513879485464e-01
4.573748308525033557e-01 4.563303994583615686e-01
4.573748308525033557e-01 4.576844955991875574e-01
4.573748308525033557e-01 4.583615436696005241e-01
4.594046008119079816e-01 4.583615436696005241e-01
4.594046008119079816e-01 4.597156398104265129e-01
4.614343707713126075e-01 4.597156398104265129e-01
4.614343707713126075e-01 4.610697359512525573e-01
4.627875507442489877e-01 4.610697359512525573e-01
4.641407307171853680e-01 4.610697359512525573e-01
4.641407307171853680e-01 4.624238320920785461e-01
4.648173207036536136e-01 4.624238320920785461e-01
4.661705006765899939e-01 4.624238320920785461e-01
4.661705006765899939e-01 4.631008801624915128e-01
4.675236806495263742e-01 4.631008801624915128e-01
4.688768606224628099e-01 4.631008801624915128e-01
4.688768606224628099e-01 4.651320243737305238e-01
4.695534506089310001e-01 4.651320243737305238e-01
4.695534506089310001e-01 4.685172647257955236e-01
4.709066305818673803e-01 4.685172647257955236e-01
4.709066305818673803e-01 4.698713608666215125e-01
4.715832205683355705e-01 4.698713608666215125e-01
4.715832205683355705e-01 4.705484089370345346e-01
4.736129905277401964e-01 4.705484089370345346e-01
4.749661705006765766e-01 4.705484089370345346e-01
4.763193504736130124e-01 4.705484089370345346e-01
4.763193504736130124e-01 4.719025050778605235e-01
4.769959404600812025e-01 4.725795531482735456e-01
4.769959404600812025e-01 4.732566012186865123e-01
4.776725304465493926e-01 4.732566012186865123e-01
4.776725304465493926e-01 4.759647935003385455e-01
4.797023004059540185e-01 4.759647935003385455e-01
4.803788903924222087e-01 4.766418415707515122e-01
4.803788903924222087e-01 4.779959377115775010e-01
4.810554803788903988e-01 4.779959377115775010e-01
4.810554803788903988e-01 4.800270819228165120e-01
4.817320703653585889e-01 4.800270819228165120e-01
4.830852503382949692e-01 4.800270819228165120e-01
4.830852503382949692e-01 4.813811780636425008e-01
4.844384303112314050e-01 4.813811780636425008e-01
4.844384303112314050e-01 4.834123222748815119e-01
4.857916102841677852e-01 4.834123222748815119e-01
4.857916102841677852e-01 4.840893703452945340e-01
4.871447902571042210e-01 4.840893703452945340e-01
4.878213802435724111e-01 4.840893703452945340e-01
4.884979702300406013e-01 4.847664184157075007e-01
4.891745602165087914e-01 4.847664184157075007e-01
4.891745602165087914e-01 4.867975626269465117e-01
4.898511502029769815e-01 4.867975626269465117e-01
4.898511502029769815e-01 4.881516587677725005e-01
4.905277401894451716e-01 4.881516587677725005e-01
4.905277401894451716e-01 4.895057549085984894e-01
4.912043301759134173e-01 4.895057549085984894e-01
4.912043301759134173e-01 4.922139471902505226e-01
4.925575101488497975e-01 4.922139471902505226e-01
4.925575101488497975e-01 4.928909952606634892e-01
4.939106901217861778e-01 4.928909952606634892e-01
4.945872801082544234e-01 4.928909952606634892e-01
4.959404600811908037e-01 4.928909952606634892e-01
4.959404600811908037e-01 4.935680433310765114e-01
4.972936400541271840e-01 4.935680433310765114e-01
4.972936400541271840e-01 4.949221394719025002e-01
4.979702300405953741e-01 4.949221394719025002e-01
4.979702300405953741e-01 4.989844278943805223e-01
5.013531799729363803e-01 4.989844278943805223e-01
5.013531799729363803e-01 4.996614759647934889e-01
5.020297699594046259e-01 4.996614759647934889e-01
5.020297699594046259e-01 5.030467163168584888e-01
5.033829499323410062e-01 5.030467163168584888e-01
5.033829499323410062e-01 5.050778605280974443e-01
5.047361299052773864e-01 5.050778605280974443e-01
5.054127198917456321e-01 5.050778605280974443e-01
5.054127198917456321e-01 5.064319566689234886e-01
5.060893098782137667e-01 5.064319566689234886e-01
5.060893098782137667e-01 5.071090047393365108e-01
5.074424898511502580e-01 5.071090047393365108e-01
5.094722598105547728e-01 5.071090047393365108e-01
5.094722598105547728e-01 5.111712931618145328e-01
5.121786197564276444e-01 5.111712931618145328e-01
5.121786197564276444e-01 5.118483412322274440e-01
5.135317997293640246e-01 5.118483412322274440e-01
5.135317997293640246e-01 5.125253893026404661e-01
5.148849797023004049e-01 5.125253893026404661e-01
5.148849797023004049e-01 5.132024373730534883e-01
5.155615696887686505e-01 5.132024373730534883e-01
5.155615696887686505e-01 5.152335815842924438e-01
5.169147496617050308e-01 5.152335815842924438e-01
5.169147496617050308e-01 5.206499661475965102e-01
5.189445196211096567e-01 5.206499661475965102e-01
5.189445196211096567e-01 5.213270142180095323e-01
5.202976995940460370e-01 5.213270142180095323e-01
5.202976995940460370e-01 5.220040622884224435e-01
5.209742895805141716e-01 5.220040622884224435e-01
5.223274695534506629e-01 5.220040622884224435e-01
5.223274695534506629e-01 5.233581584292484878e-01
5.236806495263870431e-01 5.233581584292484878e-01
5.236806495263870431e-01 5.240352064996615100e-01
5.250338294993234234e-01 5.240352064996615100e-01
5.263870094722598036e-01 5.240352064996615100e-01
5.263870094722598036e-01 5.260663507109004655e-01
5.284167794316644295e-01 5.260663507109004655e-01
5.297699594046008098e-01 5.260663507109004655e-01
5.297699594046008098e-01 5.280974949221394210e-01
5.304465493910690554e-01 5.280974949221394210e-01
5.304465493910690554e-01 5.301286391333784875e-01
5.317997293640054357e-01 5.301286391333784875e-01
5.338294993234100616e-01 5.301286391333784875e-01
5.338294993234100616e-01 5.308056872037915097e-01
5.351826792963464419e-01 5.308056872037915097e-01
5.365358592692828221e-01 5.308056872037915097e-01
5.372124492557510678e-01 5.308056872037915097e-01
5.385656292286874480e-01 5.308056872037915097e-01
5.385656292286874480e-01 5.328368314150304652e-01
5.392422192151555826e-01 5.328368314150304652e-01
5.405953991880919629e-01 5.328368314150304652e-01
5.405953991880919629e-01 5.335138794854434874e-01
5.412719891745602085e-01 5.335138794854434874e-01
5.412719891745602085e-01 5.348679756262694207e-01
5.419485791610284542e-01 5.348679756262694207e-01
5.419485791610284542e-01 5.362220717670954651e-01
5.446549391069012147e-01 5.362220717670954651e-01
5.460081190798375950e-01 5.362220717670954651e-01
5.460081190798375950e-01 5.368991198375084872e-01
5.466847090663058406e-01 5.368991198375084872e-01
5.466847090663058406e-01 5.389302640487474427e-01
5.473612990527739752e-01 5.389302640487474427e-01
5.473612990527739752e-01 5.402843601895734871e-01
5.493910690121786011e-01 5.402843601895734871e-01
5.493910690121786011e-01 5.429925524712254647e-01
5.500676589986468468e-01 5.429925524712254647e-01
5.500676589986468468e-01 5.443466486120515091e-01
5.507442489851149814e-01 5.443466486120515091e-01
5.507442489851149814e-01 5.457007447528774424e-01
5.514208389715832270e-01 5.457007447528774424e-01
5.534506089309878529e-01 5.457007447528774424e-01
5.534506089309878529e-01 5.463777928232904646e-01
5.541271989174559875e-01 5.463777928232904646e-01
5.554803788903923678e-01 5.463777928232904646e-01
5.554803788903923678e-01 5.477318889641163979e-01
5.568335588633288591e-01 5.477318889641163979e-01
5.568335588633288591e-01 5.490859851049424423e-01
5.595399188092016196e-01 5.490859851049424423e-01
5.595399188092016196e-01 5.511171293161813978e-01
5.608930987821379999e-01 5.511171293161813978e-01
5.615696887686062455e-01 5.511171293161813978e-01
5.622462787550743801e-01 5.517941773865944199e-01
5.622462787550743801e-01 5.545023696682463976e-01
5.629228687415426258e-01 5.545023696682463976e-01
5.629228687415426258e-01 5.565335138794854641e-01
5.642760487144790060e-01 5.565335138794854641e-01
5.642760487144790060e-01 5.572105619498984863e-01
5.656292286874153863e-01 5.572105619498984863e-01
5.656292286874153863e-01 5.626269465132024417e-01
5.683355886332882578e-01 5.626269465132024417e-01
5.696887686062246381e-01 5.626269465132024417e-01
5.696887686062246381e-01 5.633039945836154638e-01
5.703653585926927727e-01 5.633039945836154638e-01
5.703653585926927727e-01 5.666892349356804637e-01
5.717185385656292640e-01 5.666892349356804637e-01
5.717185385656292640e-01 5.673662830060934859e-01
5.744248985115020245e-01 5.673662830060934859e-01
5.744248985115020245e-01 5.680433310765063970e-01
5.771312584573747850e-01 5.680433310765063970e-01
5.771312584573747850e-01 5.693974272173324414e-01
5.778078484438430307e-01 5.693974272173324414e-01
5.778078484438430307e-01 5.700744752877454635e-01
5.784844384303112763e-01 5.700744752877454635e-01
5.784844384303112763e-01 5.727826675693974412e-01
5.791610284167794109e-01 5.727826675693974412e-01
5.791610284167794109e-01 5.741367637102233745e-01
5.811907983761840368e-01 5.741367637102233745e-01
5.825439783491204171e-01 5.741367637102233745e-01
5.825439783491204171e-01 5.754908598510494189e-01
5.832205683355886627e-01 5.754908598510494189e-01
5.832205683355886627e-01 5.761679079214624410e-01
5.838971583220567974e-01 5.761679079214624410e-01
5.838971583220567974e-01 5.781990521327013965e-01
5.845737483085250430e-01 5.781990521327013965e-01
5.845737483085250430e-01 5.795531482735274409e-01
5.845737483085250430e-01 5.802301963439404631e-01
5.859269282814614233e-01 5.802301963439404631e-01
5.859269282814614233e-01 5.809072444143533742e-01
5.872801082543978035e-01 5.809072444143533742e-01
5.872801082543978035e-01 5.815842924847663964e-01
5.886332882273341838e-01 5.815842924847663964e-01
5.886332882273341838e-01 5.822613405551794186e-01
5.893098782138024294e-01 5.822613405551794186e-01
5.893098782138024294e-01 5.842924847664183741e-01
5.899864682002706751e-01 5.842924847664183741e-01
5.899864682002706751e-01 5.849695328368313962e-01
5.920162381596751899e-01 5.849695328368313962e-01
5.920162381596751899e-01 5.863236289776574406e-01
5.926928281461434356e-01 5.863236289776574406e-01
5.926928281461434356e-01 5.876777251184833739e-01
5.940460081190798158e-01 5.876777251184833739e-01
5.940460081190798158e-01 5.883547731888963961e-01
5.947225981055480615e-01 5.883547731888963961e-01
5.960757780784844417e-01 5.883547731888963961e-01
5.960757780784844417e-01 5.890318212593094183e-01
5.974289580514208220e-01 5.890318212593094183e-01
5.981055480378890676e-01 5.890318212593094183e-01
5.981055480378890676e-01 5.903859174001354626e-01
5.987821380243572023e-01 5.903859174001354626e-01
5.987821380243572023e-01 5.917400135409613959e-01
5.994587280108254479e-01 5.917400135409613959e-01
6.008119079837618282e-01 5.917400135409613959e-01
6.014884979702300738e-01 5.917400135409613959e-01
6.014884979702300738e-01 5.924170616113744181e-01
6.035182679296345887e-01 5.924170616113744181e-01
6.048714479025710800e-01 5.924170616113744181e-01
6.062246278755074602e-01 5.924170616113744181e-01
6.062246278755074602e-01 5.944482058226133736e-01
6.069012178619755948e-01 5.944482058226133736e-01
6.069012178619755948e-01 5.958023019634394180e-01
6.069012178619755948e-01 5.985104942450913956e-01
6.082543978349120861e-01 5.985104942450913956e-01
6.109607577807848466e-01 5.985104942450913956e-01
6.109607577807848466e-01 5.991875423155044178e-01
6.116373477672530923e-01 5.991875423155044178e-01
6.116373477672530923e-01 6.025727826675694176e-01
6.123139377537212269e-01 6.025727826675694176e-01
6.123139377537212269e-01 6.032498307379824398e-01
6.143437077131258528e-01 6.032498307379824398e-01
6.156968876860622331e-01 6.032498307379824398e-01
6.156968876860622331e-01 6.039268788083953510e-01
6.156968876860622331e-01 6.052809749492213953e-01
6.156968876860622331e-01 6.059580230196344175e-01
6.163734776725304787e-01 6.059580230196344175e-01
6.163734776725304787e-01 6.100203114421124395e-01
6.170500676589986133e-01 6.100203114421124395e-01
6.170500676589986133e-01 6.106973595125253507e-01
6.190798376184032392e-01 6.106973595125253507e-01
6.190798376184032392e-01 6.127285037237644172e-01
6.204330175913396195e-01 6.127285037237644172e-01
6.204330175913396195e-01 6.134055517941774394e-01
6.217861975642759997e-01 6.134055517941774394e-01
6.217861975642759997e-01 6.140825998645903505e-01
6.231393775372124910e-01 6.140825998645903505e-01
6.251691474966170059e-01 6.140825998645903505e-01
6.251691474966170059e-01 6.154366960054163949e-01
6.258457374830852515e-01 6.154366960054163949e-01
6.258457374830852515e-01 6.167907921462423282e-01
6.265223274695534972e-01 6.167907921462423282e-01
6.285520974289580121e-01 6.167907921462423282e-01
6.285520974289580121e-01 6.174678402166553504e-01
6.292286874154262577e-01 6.174678402166553504e-01
6.292286874154262577e-01 6.188219363574813947e-01
6.305818673883626380e-01 6.188219363574813947e-01
6.305818673883626380e-01 6.194989844278944169e-01
6.332882273342353985e-01 6.194989844278944169e-01
6.353179972936400244e-01 6.194989844278944169e-01
6.366711772665764046e-01 6.194989844278944169e-01
6.366711772665764046e-01 6.222071767095463946e-01
6.373477672530446503e-01 6.222071767095463946e-01
6.373477672530446503e-01 6.228842247799594167e-01
6.387009472259810305e-01 6.228842247799594167e-01
6.387009472259810305e-01 6.249153689911983722e-01
6.407307171853856564e-01 6.249153689911983722e-01
6.407307171853856564e-01 6.255924170616113944e-01
6.414073071718539021e-01 6.255924170616113944e-01
6.414073071718539021e-01 6.276235612728503499e-01
6.420838971583220367e-01 6.276235612728503499e-01
6.420838971583220367e-01 6.323628977657413941e-01
6.427604871447902823e-01 6.323628977657413941e-01
6.441136671177266626e-01 6.323628977657413941e-01
6.447902571041949082e-01 6.323628977657413941e-01
6.447902571041949082e-01 6.330399458361544163e-01
6.461434370771312885e-01 6.330399458361544163e-01
6.461434370771312885e-01 6.343940419769803496e-01
6.474966170500676688e-01 6.343940419769803496e-01
6.474966170500676688e-01 6.364251861882194161e-01
6.481732070365359144e-01 6.364251861882194161e-01
6.481732070365359144e-01 6.377792823290453494e-01
6.495263870094722947e-01 6.377792823290453494e-01
6.495263870094722947e-01 6.384563303994583716e-01
6.502029769959404293e-01 6.384563303994583716e-01
6.502029769959404293e-01 6.411645226811103493e-01
6.508795669824086749e-01 6.411645226811103493e-01
6.522327469553450552e-01 6.411645226811103493e-01
6.529093369418133008e-01 6.411645226811103493e-01
6.529093369418133008e-01 6.418415707515233715e-01
6.549391069012178157e-01 6.418415707515233715e-01
6.562922868741543070e-01 6.418415707515233715e-01
6.562922868741543070e-01 6.431956668923493048e-01
6.569688768606224416e-01 6.431956668923493048e-01
6.569688768606224416e-01 6.445497630331753491e-01
6.576454668470906872e-01 6.445497630331753491e-01
6.576454668470906872e-01 6.472579553148273268e-01
6.583220568335588219e-01 6.472579553148273268e-01
6.583220568335588219e-01 6.479350033852403490e-01
6.589986468200270675e-01 6.479350033852403490e-01
6.589986468200270675e-01 6.486120514556533712e-01
6.603518267929634478e-01 6.486120514556533712e-01
6.603518267929634478e-01 6.492890995260663933e-01
6.617050067658998280e-01 6.492890995260663933e-01
6.617050067658998280e-01 6.499661475964793045e-01
6.637347767253044539e-01 6.499661475964793045e-01
6.637347767253044539e-01 6.506431956668923267e-01
6.644113667117726996e-01 6.506431956668923267e-01
6.644113667117726996e-01 6.526743398781313932e-01
6.650879566982408342e-01 6.526743398781313932e-01
6.650879566982408342e-01 6.533513879485443043e-01
6.657645466847090798e-01 6.533513879485443043e-01
6.657645466847090798e-01 6.560595802301963930e-01
6.664411366711772144e-01 6.560595802301963930e-01
6.664411366711772144e-01 6.580907244414353485e-01
6.671177266576454601e-01 6.580907244414353485e-01
6.671177266576454601e-01 6.587677725118483707e-01
6.684709066305818403e-01 6.587677725118483707e-01
6.691474966170500860e-01 6.587677725118483707e-01
6.705006765899864662e-01 6.587677725118483707e-01
6.705006765899864662e-01 6.607989167230873262e-01
6.711772665764547119e-01 6.607989167230873262e-01
6.711772665764547119e-01 6.628300609343262817e-01
6.718538565629228465e-01 6.628300609343262817e-01
6.718538565629228465e-01 6.635071090047393039e-01
6.738836265223274724e-01 6.635071090047393039e-01
6.752368064952638527e-01 6.635071090047393039e-01
6.765899864682002329e-01 6.635071090047393039e-01
6.765899864682002329e-01 6.641841570751523260e-01
6.786197564276048588e-01 6.641841570751523260e-01
6.786197564276048588e-01 6.648612051455653482e-01
6.806495263870094847e-01 6.648612051455653482e-01
6.806495263870094847e-01 6.662153012863912815e-01
6.813261163734776193e-01 6.662153012863912815e-01
6.813261163734776193e-01 6.668923493568043037e-01
6.820027063599458650e-01 6.668923493568043037e-01
6.820027063599458650e-01 6.689234935680433702e-01
6.826792963464141106e-01 6.689234935680433702e-01
6.826792963464141106e-01 6.723087339201083701e-01
6.833558863328822452e-01 6.723087339201083701e-01
6.833558863328822452e-01 6.777251184834123254e-01
6.853856562922868711e-01 6.777251184834123254e-01
6.853856562922868711e-01 6.790792146242383698e-01
6.860622462787551168e-01 6.790792146242383698e-01
6.860622462787551168e-01 6.797562626946512809e-01
6.880920162381596317e-01 6.797562626946512809e-01
6.880920162381596317e-01 6.811103588354773253e-01
6.887686062246278773e-01 6.811103588354773253e-01
6.901217861975642576e-01 6.811103588354773253e-01
6.901217861975642576e-01 6.831415030467162808e-01
6.907983761840325032e-01 6.831415030467162808e-01
6.921515561569688835e-01 6.831415030467162808e-01
6.921515561569688835e-01 6.838185511171293030e-01
6.928281461434371291e-01 6.838185511171293030e-01
6.928281461434371291e-01 6.851726472579553473e-01
6.941813261163735094e-01 6.851726472579553473e-01
6.955345060893098896e-01 6.851726472579553473e-01
6.955345060893098896e-01 6.858496953283683695e-01
6.968876860622462699e-01 6.858496953283683695e-01
6.968876860622462699e-01 6.872037914691943028e-01
6.975642760487145155e-01 6.872037914691943028e-01
6.975642760487145155e-01 6.899119837508462805e-01
6.989174560216508958e-01 6.899119837508462805e-01
6.989174560216508958e-01 6.905890318212593026e-01
7.016238159675236563e-01 6.905890318212593026e-01
7.016238159675236563e-01 6.926201760324982581e-01
7.029769959404600366e-01 6.926201760324982581e-01
7.029769959404600366e-01 6.932972241029112803e-01
7.036535859269282822e-01 6.932972241029112803e-01
7.036535859269282822e-01 6.939742721733243025e-01
7.056833558863329081e-01 6.939742721733243025e-01
7.070365358592692884e-01 6.939742721733243025e-01
7.070365358592692884e-01 6.966824644549762802e-01
7.090663058186739143e-01 6.966824644549762802e-01
7.090663058186739143e-01 7.007447528774543022e-01
7.097428958051420489e-01 7.007447528774543022e-01
7.097428958051420489e-01 7.048070412999323242e-01
7.117726657645466748e-01 7.048070412999323242e-01
7.144790257104194353e-01 7.048070412999323242e-01
7.151556156968876810e-01 7.048070412999323242e-01
7.151556156968876810e-01 7.061611374407582575e-01
7.171853856562923069e-01 7.061611374407582575e-01
7.171853856562923069e-01 7.088693297224103462e-01
7.185385656292286871e-01 7.088693297224103462e-01
7.185385656292286871e-01 7.122545700744752351e-01
7.192151556156969328e-01 7.122545700744752351e-01
7.192151556156969328e-01 7.142857142857143016e-01
7.205683355886333130e-01 7.142857142857143016e-01
7.205683355886333130e-01 7.176709546377793014e-01
7.219215155615696933e-01 7.176709546377793014e-01
7.219215155615696933e-01 7.183480027081923236e-01
7.232746955345060735e-01 7.183480027081923236e-01
7.239512855209743192e-01 7.183480027081923236e-01
7.253044654939106994e-01 7.183480027081923236e-01
7.259810554803789451e-01 7.183480027081923236e-01
7.259810554803789451e-01 7.210561949898443013e-01
7.266576454668470797e-01 7.210561949898443013e-01
7.266576454668470797e-01 7.224102911306702346e-01
7.273342354533153253e-01 7.224102911306702346e-01
7.273342354533153253e-01 7.230873392010832568e-01
7.286874154262517056e-01 7.230873392010832568e-01
7.286874154262517056e-01 7.237643872714962789e-01
7.293640054127198402e-01 7.237643872714962789e-01
7.293640054127198402e-01 7.278266756939743010e-01
7.320703653585927118e-01 7.278266756939743010e-01
7.320703653585927118e-01 7.285037237643873231e-01
7.327469553450608464e-01 7.285037237643873231e-01
7.327469553450608464e-01 7.325660121868652341e-01
7.334235453315290920e-01 7.325660121868652341e-01
7.334235453315290920e-01 7.332430602572782563e-01
7.341001353179973377e-01 7.332430602572782563e-01
7.354533152909337179e-01 7.332430602572782563e-01
7.361299052774018525e-01 7.332430602572782563e-01
7.361299052774018525e-01 7.345971563981043007e-01
7.374830852503383438e-01 7.345971563981043007e-01
7.374830852503383438e-01 7.386594448205822117e-01
7.395128552097428587e-01 7.386594448205822117e-01
7.395128552097428587e-01 7.400135409614082560e-01
7.408660351826793500e-01 7.400135409614082560e-01
7.408660351826793500e-01 7.420446851726472115e-01
7.422192151556157302e-01 7.420446851726472115e-01
7.422192151556157302e-01 7.427217332430602337e-01
7.428958051420838649e-01 7.427217332430602337e-01
7.428958051420838649e-01 7.433987813134732558e-01
7.435723951285521105e-01 7.433987813134732558e-01
7.435723951285521105e-01 7.447528774542993002e-01
7.449255751014884908e-01 7.447528774542993002e-01
7.449255751014884908e-01 7.461069735951252335e-01
7.456021650879567364e-01 7.461069735951252335e-01
7.456021650879567364e-01 7.474610697359512779e-01
7.462787550744248710e-01 7.474610697359512779e-01
7.462787550744248710e-01 7.481381178063643000e-01
7.476319350473612513e-01 7.481381178063643000e-01
7.476319350473612513e-01 7.488151658767772112e-01
7.483085250338294969e-01 7.488151658767772112e-01
7.483085250338294969e-01 7.501692620176032555e-01
7.503382949932341228e-01 7.501692620176032555e-01
7.503382949932341228e-01 7.515233581584292999e-01
7.510148849797022574e-01 7.515233581584292999e-01
7.510148849797022574e-01 7.542315504400812776e-01
7.516914749661705031e-01 7.542315504400812776e-01
7.530446549391068833e-01 7.542315504400812776e-01
7.530446549391068833e-01 7.549085985104942997e-01
7.543978349120432636e-01 7.549085985104942997e-01
7.543978349120432636e-01 7.555856465809072109e-01
7.550744248985115092e-01 7.555856465809072109e-01
7.550744248985115092e-01 7.562626946513202331e-01
7.571041948579161351e-01 7.562626946513202331e-01
7.571041948579161351e-01 7.582938388625591886e-01
7.591339648173206500e-01 7.582938388625591886e-01
7.591339648173206500e-01 7.596479350033852329e-01
7.611637347767252759e-01 7.596479350033852329e-01
7.638700947225981475e-01 7.596479350033852329e-01
7.638700947225981475e-01 7.610020311442112773e-01
7.652232746955345277e-01 7.610020311442112773e-01
7.665764546684709080e-01 7.610020311442112773e-01
7.665764546684709080e-01 7.616790792146241884e-01
7.679296346414072882e-01 7.616790792146241884e-01
7.679296346414072882e-01 7.630331753554502328e-01
7.692828146143436685e-01 7.630331753554502328e-01
7.692828146143436685e-01 7.637102234258632549e-01
7.699594046008119141e-01 7.637102234258632549e-01
7.699594046008119141e-01 7.650643195666891883e-01
7.706359945872801598e-01 7.650643195666891883e-01
7.719891745602165400e-01 7.650643195666891883e-01
7.719891745602165400e-01 7.657413676371022104e-01
7.726657645466846747e-01 7.657413676371022104e-01
7.726657645466846747e-01 7.684495599187541881e-01
7.733423545331529203e-01 7.684495599187541881e-01
7.733423545331529203e-01 7.698036560595802325e-01
7.740189445196210549e-01 7.698036560595802325e-01
7.740189445196210549e-01 7.731888964116452323e-01
7.753721244925575462e-01 7.731888964116452323e-01
7.753721244925575462e-01 7.738659444820582545e-01
7.774018944519620611e-01 7.738659444820582545e-01
7.774018944519620611e-01 7.752200406228841878e-01
7.787550744248985524e-01 7.752200406228841878e-01
7.787550744248985524e-01 7.779282329045362765e-01
7.794316644113666870e-01 7.779282329045362765e-01
7.794316644113666870e-01 7.786052809749491876e-01
7.801082543978349326e-01 7.786052809749491876e-01
7.801082543978349326e-01 7.826675693974272097e-01
7.814614343707713129e-01 7.826675693974272097e-01
7.814614343707713129e-01 7.833446174678402318e-01
7.821380243572395585e-01 7.833446174678402318e-01
7.821380243572395585e-01 7.894380501015572094e-01
7.828146143437076931e-01 7.894380501015572094e-01
7.841677943166440734e-01 7.894380501015572094e-01
7.855209742895805647e-01 7.894380501015572094e-01
7.855209742895805647e-01 7.914691943127961649e-01
7.875507442489850796e-01 7.914691943127961649e-01
7.875507442489850796e-01 7.921462423832091870e-01
7.889039242219215708e-01 7.921462423832091870e-01
7.889039242219215708e-01 7.948544346648611647e-01
7.902571041948579511e-01 7.948544346648611647e-01
7.902571041948579511e-01 7.955314827352741869e-01
7.909336941813260857e-01 7.955314827352741869e-01
7.922868741542624660e-01 7.955314827352741869e-01
7.922868741542624660e-01 7.989167230873391867e-01
7.929634641407307116e-01 7.989167230873391867e-01
7.929634641407307116e-01 8.002708192281652311e-01
7.936400541271989573e-01 8.002708192281652311e-01
7.936400541271989573e-01 8.016249153689911644e-01
7.943166441136670919e-01 8.016249153689911644e-01
7.943166441136670919e-01 8.023019634394041866e-01
7.963464140730717178e-01 8.023019634394041866e-01
7.963464140730717178e-01 8.043331076506431421e-01
7.976995940460080980e-01 8.043331076506431421e-01
7.990527740189444783e-01 8.043331076506431421e-01
7.990527740189444783e-01 8.063642518618822086e-01
7.997293640054127239e-01 8.063642518618822086e-01
7.997293640054127239e-01 8.090724441435341863e-01
8.004059539918809696e-01 8.090724441435341863e-01
8.017591339648173498e-01 8.090724441435341863e-01
8.017591339648173498e-01 8.097494922139472084e-01
8.024357239512854845e-01 8.097494922139472084e-01
8.024357239512854845e-01 8.104265402843602306e-01
8.037889039242219757e-01 8.104265402843602306e-01
8.037889039242219757e-01 8.111035883547731418e-01
8.044654939106901104e-01 8.111035883547731418e-01
8.044654939106901104e-01 8.117806364251861639e-01
8.058186738836264906e-01 8.117806364251861639e-01
8.071718538565628709e-01 8.117806364251861639e-01
8.071718538565628709e-01 8.138117806364252305e-01
8.092016238159674968e-01 8.138117806364252305e-01
8.092016238159674968e-01 8.144888287068381416e-01
8.098782138024357424e-01 8.144888287068381416e-01
8.098782138024357424e-01 8.151658767772511638e-01
8.119079837618403683e-01 8.151658767772511638e-01
8.119079837618403683e-01 8.158429248476641860e-01
8.132611637347767486e-01 8.158429248476641860e-01
8.139377537212448832e-01 8.158429248476641860e-01
8.139377537212448832e-01 8.165199729180772081e-01
8.146143437077131289e-01 8.165199729180772081e-01
8.146143437077131289e-01 8.178740690589031415e-01
8.159675236806495091e-01 8.178740690589031415e-01
8.159675236806495091e-01 8.185511171293161636e-01
8.173207036535858894e-01 8.185511171293161636e-01
8.173207036535858894e-01 8.199052132701422080e-01
8.193504736129905153e-01 8.199052132701422080e-01
8.207036535859268955e-01 8.199052132701422080e-01
8.207036535859268955e-01 8.219363574813811635e-01
8.213802435723951412e-01 8.219363574813811635e-01
8.213802435723951412e-01 8.232904536222072078e-01
8.220568335588632758e-01 8.232904536222072078e-01
8.234100135317997671e-01 8.232904536222072078e-01
8.234100135317997671e-01 8.253215978334461633e-01
8.240866035182679017e-01 8.253215978334461633e-01
8.240866035182679017e-01 8.259986459038591855e-01
8.261163734776725276e-01 8.259986459038591855e-01
8.261163734776725276e-01 8.273527420446851188e-01
8.267929634641407732e-01 8.273527420446851188e-01
8.267929634641407732e-01 8.280297901150981410e-01
8.281461434370771535e-01 8.280297901150981410e-01
8.281461434370771535e-01 8.320920785375761630e-01
8.294993234100135338e-01 8.320920785375761630e-01
8.308525033829499140e-01 8.320920785375761630e-01
8.308525033829499140e-01 8.348002708192281407e-01
8.315290933694181597e-01 8.348002708192281407e-01
8.315290933694181597e-01 8.354773188896411629e-01
8.322056833558862943e-01 8.354773188896411629e-01
8.322056833558862943e-01 8.361543669600541850e-01
8.335588633288227856e-01 8.361543669600541850e-01
8.335588633288227856e-01 8.395396073121191849e-01
8.342354533152909202e-01 8.395396073121191849e-01
8.342354533152909202e-01 8.408937034529451182e-01
8.349120433017591658e-01 8.408937034529451182e-01
8.349120433017591658e-01 8.415707515233581404e-01
8.369418132611636807e-01 8.415707515233581404e-01
8.369418132611636807e-01 8.429248476641841847e-01
8.376184032476319263e-01 8.429248476641841847e-01
8.376184032476319263e-01 8.442789438050101181e-01
8.382949932341001720e-01 8.442789438050101181e-01
8.382949932341001720e-01 8.476641841570751179e-01
8.396481732070365522e-01 8.476641841570751179e-01
8.396481732070365522e-01 8.483412322274881401e-01
8.403247631935046869e-01 8.483412322274881401e-01
8.403247631935046869e-01 8.496953283683141844e-01
8.410013531799729325e-01 8.496953283683141844e-01
8.410013531799729325e-01 8.510494245091401178e-01
8.423545331529093128e-01 8.510494245091401178e-01
8.437077131258456930e-01 8.510494245091401178e-01
8.443843031123139387e-01 8.510494245091401178e-01
8.443843031123139387e-01 8.517264725795531399e-01
8.464140730717185646e-01 8.517264725795531399e-01
8.477672530446549448e-01 8.517264725795531399e-01
8.477672530446549448e-01 8.530805687203791843e-01
8.484438430311231905e-01 8.530805687203791843e-01
8.497970230040595707e-01 8.530805687203791843e-01
8.497970230040595707e-01 8.537576167907920954e-01
8.504736129905277053e-01 8.537576167907920954e-01
8.504736129905277053e-01 8.544346648612051176e-01
8.518267929634640856e-01 8.544346648612051176e-01
8.518267929634640856e-01 8.557887610020311620e-01
8.525033829499323312e-01 8.557887610020311620e-01
8.525033829499323312e-01 8.571428571428570953e-01
8.531799729364005769e-01 8.571428571428570953e-01
8.545331529093369571e-01 8.571428571428570953e-01
8.545331529093369571e-01 8.578199052132701175e-01
8.552097428958050918e-01 8.578199052132701175e-01
8.552097428958050918e-01 8.584969532836831396e-01
8.565629228687415830e-01 8.584969532836831396e-01
8.565629228687415830e-01 8.598510494245091840e-01
8.572395128552097177e-01 8.598510494245091840e-01
8.572395128552097177e-01 8.612051455653351173e-01
8.585926928281460979e-01 8.612051455653351173e-01
8.585926928281460979e-01 8.618821936357481395e-01
8.606224627875507238e-01 8.618821936357481395e-01
8.606224627875507238e-01 8.645903859174001171e-01
8.612990527740189695e-01 8.645903859174001171e-01
8.612990527740189695e-01 8.652674339878131393e-01
8.646820027063599756e-01 8.652674339878131393e-01
8.646820027063599756e-01 8.666215301286391837e-01
8.667117726657646015e-01 8.666215301286391837e-01
8.667117726657646015e-01 8.679756262694651170e-01
8.687415426251691164e-01 8.679756262694651170e-01
8.687415426251691164e-01 8.713608666215301168e-01
8.694181326116373620e-01 8.713608666215301168e-01
8.694181326116373620e-01 8.720379146919431390e-01
8.707713125845737423e-01 8.720379146919431390e-01
8.721244925575101226e-01 8.720379146919431390e-01
8.721244925575101226e-01 8.754231550440081389e-01
8.728010825439783682e-01 8.754231550440081389e-01
8.728010825439783682e-01 8.767772511848340722e-01
8.734776725304465028e-01 8.767772511848340722e-01
8.761840324763193744e-01 8.767772511848340722e-01
8.761840324763193744e-01 8.801624915368990720e-01
8.768606224627875090e-01 8.801624915368990720e-01
8.768606224627875090e-01 8.821936357481381386e-01
8.775372124492557546e-01 8.821936357481381386e-01
8.775372124492557546e-01 8.835477318889640719e-01
8.782138024357240003e-01 8.835477318889640719e-01
8.795669824086603805e-01 8.835477318889640719e-01
8.795669824086603805e-01 8.849018280297901162e-01
8.815967523680650064e-01 8.849018280297901162e-01
8.815967523680650064e-01 8.876100203114420939e-01
8.822733423545331410e-01 8.876100203114420939e-01
8.822733423545331410e-01 8.896411645226811604e-01
8.836265223274695213e-01 8.896411645226811604e-01
8.836265223274695213e-01 8.909952606635070937e-01
8.843031123139377669e-01 8.909952606635070937e-01
8.843031123139377669e-01 8.923493568043331381e-01
8.849797023004059016e-01 8.923493568043331381e-01
8.849797023004059016e-01 8.930264048747461603e-01
8.856562922868741472e-01 8.930264048747461603e-01
8.856562922868741472e-01 8.937034529451590714e-01
8.876860622462787731e-01 8.937034529451590714e-01
8.876860622462787731e-01 8.950575490859851158e-01
8.883626522327469077e-01 8.950575490859851158e-01
8.897158322056833990e-01 8.950575490859851158e-01
8.903924221921515336e-01 8.950575490859851158e-01
8.930987821380244052e-01 8.950575490859851158e-01
8.930987821380244052e-01 8.964116452268110491e-01
8.937753721244925398e-01 8.964116452268110491e-01
8.937753721244925398e-01 8.970886932972240713e-01
8.951285520974289200e-01 8.970886932972240713e-01
8.951285520974289200e-01 8.984427894380501156e-01
8.964817320703654113e-01 8.984427894380501156e-01
8.964817320703654113e-01 9.004739336492890711e-01
8.971583220568335459e-01 9.004739336492890711e-01
8.971583220568335459e-01 9.052132701421801153e-01
8.978349120433017916e-01 9.052132701421801153e-01
8.978349120433017916e-01 9.072444143534190708e-01
8.991880920162381718e-01 9.072444143534190708e-01
9.005412719891745521e-01 9.072444143534190708e-01
9.012178619756427977e-01 9.072444143534190708e-01
9.039242219215155583e-01 9.072444143534190708e-01
9.039242219215155583e-01 9.079214624238320930e-01
9.052774018944519385e-01 9.079214624238320930e-01
9.066305818673883188e-01 9.079214624238320930e-01
9.066305818673883188e-01 9.085985104942451152e-01
9.073071718538565644e-01 9.085985104942451152e-01
9.073071718538565644e-01 9.099526066350710485e-01
9.079837618403248101e-01 9.099526066350710485e-01
9.093369418132611903e-01 9.099526066350710485e-01
9.093369418132611903e-01 9.119837508463101150e-01
9.100135317997293249e-01 9.119837508463101150e-01
9.100135317997293249e-01 9.126607989167231372e-01
9.106901217861975706e-01 9.126607989167231372e-01
9.106901217861975706e-01 9.153689911983751148e-01
9.133964817320703311e-01 9.153689911983751148e-01
9.133964817320703311e-01 9.187542315504401147e-01
9.154262516914749570e-01 9.187542315504401147e-01
9.154262516914749570e-01 9.194312796208530258e-01
9.161028416779432026e-01 9.194312796208530258e-01
9.161028416779432026e-01 9.201083276912660480e-01
9.167794316644113373e-01 9.201083276912660480e-01
9.167794316644113373e-01 9.207853757616790702e-01
9.181326116373477175e-01 9.207853757616790702e-01
9.181326116373477175e-01 9.228165199729180257e-01
9.188092016238159632e-01 9.228165199729180257e-01
9.215155615696887237e-01 9.228165199729180257e-01
9.215155615696887237e-01 9.275558564658090699e-01
9.228687415426252150e-01 9.275558564658090699e-01
9.235453315290933496e-01 9.275558564658090699e-01
9.235453315290933496e-01 9.295870006770480254e-01
9.255751014884979755e-01 9.295870006770480254e-01
9.255751014884979755e-01 9.309410968178740697e-01
9.262516914749662211e-01 9.309410968178740697e-01
9.276048714479026014e-01 9.309410968178740697e-01
9.276048714479026014e-01 9.316181448882870919e-01
9.289580514208389816e-01 9.316181448882870919e-01
9.309878213802436075e-01 9.316181448882870919e-01
9.309878213802436075e-01 9.350033852403520918e-01
9.316644113667117422e-01 9.350033852403520918e-01
9.316644113667117422e-01 9.356804333107651139e-01
9.323410013531799878e-01 9.356804333107651139e-01
9.323410013531799878e-01 9.370345294515910473e-01
9.330175913396481224e-01 9.370345294515910473e-01
9.330175913396481224e-01 9.397427217332430249e-01
9.343707713125846137e-01 9.397427217332430249e-01
9.343707713125846137e-01 9.410968178740690693e-01
9.350473612990527483e-01 9.410968178740690693e-01
9.370771312584573742e-01 9.410968178740690693e-01
9.370771312584573742e-01 9.417738659444820915e-01
9.377537212449256199e-01 9.417738659444820915e-01
9.377537212449256199e-01 9.431279620853080248e-01
9.384303112313937545e-01 9.431279620853080248e-01
9.384303112313937545e-01 9.458361543669600024e-01
9.397834912043301347e-01 9.458361543669600024e-01
9.397834912043301347e-01 9.465132024373730246e-01
9.418132611637347607e-01 9.465132024373730246e-01
9.418132611637347607e-01 9.471902505077860468e-01
9.431664411366711409e-01 9.471902505077860468e-01
9.445196211096076322e-01 9.471902505077860468e-01
9.445196211096076322e-01 9.505754908598510466e-01
9.451962110960757668e-01 9.505754908598510466e-01
9.451962110960757668e-01 9.512525389302640688e-01
9.458728010825440125e-01 9.512525389302640688e-01
9.458728010825440125e-01 9.539607312119160465e-01
9.465493910690121471e-01 9.539607312119160465e-01
9.465493910690121471e-01 9.566689234935680242e-01
9.485791610284167730e-01 9.566689234935680242e-01
9.499323410013531532e-01 9.566689234935680242e-01
9.499323410013531532e-01 9.587000677048070907e-01
9.512855209742895335e-01 9.587000677048070907e-01
9.512855209742895335e-01 9.593771157752200018e-01
9.519621109607577791e-01 9.593771157752200018e-01
9.519621109607577791e-01 9.600541638456330240e-01
9.526387009472260248e-01 9.600541638456330240e-01
9.526387009472260248e-01 9.627623561272850017e-01
9.539918809201624050e-01 9.627623561272850017e-01
9.539918809201624050e-01 9.647935003385240682e-01
9.553450608930987853e-01 9.647935003385240682e-01
9.553450608930987853e-01 9.668246445497630237e-01
9.566982408660351656e-01 9.668246445497630237e-01
9.566982408660351656e-01 9.688557887610019792e-01
9.573748308525034112e-01 9.688557887610019792e-01
9.573748308525034112e-01 9.708869329722410457e-01
9.580514208389715458e-01 9.708869329722410457e-01
9.580514208389715458e-01 9.735951252538930234e-01
9.607577807848444174e-01 9.735951252538930234e-01
9.634641407307171779e-01 9.735951252538930234e-01
9.634641407307171779e-01 9.763033175355450011e-01
9.648173207036535581e-01 9.763033175355450011e-01
9.648173207036535581e-01 9.783344617467840676e-01
9.654939106901218038e-01 9.783344617467840676e-01
9.654939106901218038e-01 9.790115098171969787e-01
9.661705006765899384e-01 9.790115098171969787e-01
9.661705006765899384e-01 9.803656059580230231e-01
9.675236806495264297e-01 9.803656059580230231e-01
9.675236806495264297e-01 9.817197020988490674e-01
9.682002706359945643e-01 9.817197020988490674e-01
9.702300405953991902e-01 9.817197020988490674e-01
9.702300405953991902e-01 9.823967501692619786e-01
9.709066305818674358e-01 9.823967501692619786e-01
9.709066305818674358e-01 9.844278943805010451e-01
9.722598105548038161e-01 9.844278943805010451e-01
9.722598105548038161e-01 9.851049424509140673e-01
9.736129905277401964e-01 9.851049424509140673e-01
9.736129905277401964e-01 9.857819905213269784e-01
9.742895805142084420e-01 9.857819905213269784e-01
9.742895805142084420e-01 9.878131347325660450e-01
9.749661705006765766e-01 9.878131347325660450e-01
9.763193504736129569e-01 9.878131347325660450e-01
9.769959404600812025e-01 9.878131347325660450e-01
9.769959404600812025e-01 9.884901828029789561e-01
9.797023004059539630e-01 9.884901828029789561e-01
9.817320703653585889e-01 9.884901828029789561e-01
9.830852503382949692e-01 9.884901828029789561e-01
9.830852503382949692e-01 9.891672308733919783e-01
9.837618403247632148e-01 9.891672308733919783e-01
9.837618403247632148e-01 9.905213270142180226e-01
9.851150202976995951e-01 9.905213270142180226e-01
9.851150202976995951e-01 9.911983750846310448e-01
9.857916102841678407e-01 9.911983750846310448e-01
9.871447902571042210e-01 9.911983750846310448e-01
9.884979702300406013e-01 9.911983750846310448e-01
9.884979702300406013e-01 9.918754231550439560e-01
9.891745602165088469e-01 9.918754231550439560e-01
9.912043301759133618e-01 9.918754231550439560e-01
9.912043301759133618e-01 9.925524712254569781e-01
9.918809201623816074e-01 9.925524712254569781e-01
9.918809201623816074e-01 9.939065673662830225e-01
9.925575101488497420e-01 9.939065673662830225e-01
9.925575101488497420e-01 9.945836154366960447e-01
9.939106901217862333e-01 9.945836154366960447e-01
9.959404600811907482e-01 9.945836154366960447e-01
9.959404600811907482e-01 9.972918077183480223e-01
9.972936400541272395e-01 9.972918077183480223e-01
9.972936400541272395e-01 9.979688557887610445e-01
9.986468200270636197e-01 9.979688557887610445e-01
9.986468200270636197e-01 1.000000000000000000e+00
1.000000000000000000e+00 1.000000000000000000e+00
