0.000000000000000000e+00 0.000000000000000000e+00
0.000000000000000000e+00 6.770480704129992972e-04
1.353179972936400643e-03 6.770480704129992972e-04
1.353179972936400643e-03 1.354096140825998594e-03
2.029769959404600747e-03 1.354096140825998594e-03
2.029769959404600747e-03 5.416384563303994377e-03
2.706359945872801286e-03 5.416384563303994377e-03
2.706359945872801286e-03 6.770480704129993622e-03
4.059539918809201495e-03 6.770480704129993622e-03
4.059539918809201495e-03 7.447528774542992377e-03
6.089309878213802242e-03 7.447528774542992377e-03
6.089309878213802242e-03 9.478672985781991245e-03
7.442489851150203319e-03 9.478672985781991245e-03
8.795669824086603528e-03 9.478672985781991245e-03
8.795669824086603528e-03 1.083276912660798875e-02
9.472259810554804066e-03 1.083276912660798875e-02
9.472259810554804066e-03 1.218686526743398800e-02
1.014884979702300460e-02 1.218686526743398800e-02
1.014884979702300460e-02 1.286391333784698762e-02
1.082543978349120514e-02 1.286391333784698762e-02
1.082543978349120514e-02 1.354096140825998724e-02
1.353179972936400556e-02 1.354096140825998724e-02
1.488497970230040664e-02 1.354096140825998724e-02
1.556156968876860544e-02 1.354096140825998724e-02
1.556156968876860544e-02 1.421800947867298513e-02
1.623815967523680598e-02 1.421800947867298513e-02
1.623815967523680598e-02 2.234258632362897887e-02
1.894451962110960813e-02 2.234258632362897887e-02
1.962110960757780867e-02 2.234258632362897887e-02
1.962110960757780867e-02 2.301963439404197675e-02
2.097428958051420975e-02 2.301963439404197675e-02
2.300405953991880789e-02 2.301963439404197675e-02
2.300405953991880789e-02 2.843601895734597026e-02
2.368064952638700843e-02 2.843601895734597026e-02
2.368064952638700843e-02 2.911306702775897162e-02
2.435723951285520897e-02 2.911306702775897162e-02
2.435723951285520897e-02 2.979011509817196951e-02
2.638700947225981058e-02 2.979011509817196951e-02
2.638700947225981058e-02 3.046716316858497087e-02
3.044654939106901381e-02 3.046716316858497087e-02
3.112313937753721088e-02 3.046716316858497087e-02
3.112313937753721088e-02 3.114421123899796875e-02
3.247631935047361196e-02 3.114421123899796875e-02
3.247631935047361196e-02 3.182125930941096664e-02
3.450608930987821704e-02 3.182125930941096664e-02
3.450608930987821704e-02 3.249830737982396800e-02
3.518267929634641411e-02 3.249830737982396800e-02
3.518267929634641411e-02 3.452945159106296513e-02
3.721244925575101226e-02 3.452945159106296513e-02
3.721244925575101226e-02 3.520649966147596649e-02
3.788903924221921626e-02 3.520649966147596649e-02
3.788903924221921626e-02 3.588354773188896091e-02
4.059539918809201842e-02 3.588354773188896091e-02
4.059539918809201842e-02 3.656059580230196226e-02
4.127198917456021549e-02 3.656059580230196226e-02
4.127198917456021549e-02 3.723764387271496362e-02
4.194857916102841949e-02 3.723764387271496362e-02
4.194857916102841949e-02 3.791469194312796498e-02
4.262516914749661656e-02 3.791469194312796498e-02
4.262516914749661656e-02 3.926878808395396075e-02
4.397834912043301764e-02 3.926878808395396075e-02
4.533152909336941871e-02 3.926878808395396075e-02
4.600811907983761578e-02 3.926878808395396075e-02
4.600811907983761578e-02 3.994583615436696211e-02
4.668470906630581979e-02 3.994583615436696211e-02
4.668470906630581979e-02 4.129993229519295789e-02
4.736129905277401686e-02 4.129993229519295789e-02
4.736129905277401686e-02 4.536222071767095215e-02
4.939106901217862194e-02 4.536222071767095215e-02
4.939106901217862194e-02 4.603926878808395351e-02
5.006765899864681901e-02 4.603926878808395351e-02
5.006765899864681901e-02 4.671631685849695487e-02
5.345060893098781823e-02 4.671631685849695487e-02
5.345060893098781823e-02 4.739336492890994929e-02
5.480378890392421931e-02 4.739336492890994929e-02
5.480378890392421931e-02 4.807041299932295064e-02
5.615696887686062039e-02 4.807041299932295064e-02
5.751014884979702146e-02 4.807041299932295064e-02
5.751014884979702146e-02 4.942450914014895336e-02
5.818673883626522547e-02 4.942450914014895336e-02
5.818673883626522547e-02 5.077860528097494913e-02
5.886332882273342254e-02 5.077860528097494913e-02
5.886332882273342254e-02 5.213270142180094491e-02
5.953991880920162655e-02 5.213270142180094491e-02
6.224627875507442176e-02 5.213270142180094491e-02
6.224627875507442176e-02 5.280974949221394626e-02
6.359945872801082978e-02 5.280974949221394626e-02
6.359945872801082978e-02 5.348679756262694762e-02
6.427604871447901991e-02 5.348679756262694762e-02
6.427604871447901991e-02 5.416384563303994898e-02
6.562922868741542792e-02 5.416384563303994898e-02
6.562922868741542792e-02 5.484089370345294340e-02
6.698240866035182206e-02 5.484089370345294340e-02
6.698240866035182206e-02 5.687203791469194053e-02
6.765899864682002607e-02 5.687203791469194053e-02
6.765899864682002607e-02 5.754908598510494189e-02
6.901217861975643408e-02 5.754908598510494189e-02
6.901217861975643408e-02 5.890318212593093766e-02
6.968876860622462421e-02 5.890318212593093766e-02
6.968876860622462421e-02 6.161137440758293615e-02
7.104194857916103223e-02 6.161137440758293615e-02
7.104194857916103223e-02 6.228842247799593751e-02
7.374830852503383438e-02 6.228842247799593751e-02
7.374830852503383438e-02 6.364251861882193329e-02
7.442489851150202451e-02 6.364251861882193329e-02
7.442489851150202451e-02 6.567366283006093042e-02
7.577807848443843253e-02 6.567366283006093042e-02
7.577807848443843253e-02 6.635071090047393871e-02
7.645466847090663653e-02 6.635071090047393871e-02
7.645466847090663653e-02 6.770480704129992755e-02
7.713125845737482666e-02 6.770480704129992755e-02
7.713125845737482666e-02 6.905890318212593026e-02
7.848443843031123468e-02 6.905890318212593026e-02
7.848443843031123468e-02 7.109004739336492740e-02
7.916102841677942481e-02 7.109004739336492740e-02
7.916102841677942481e-02 7.650643195666892438e-02
8.051420838971583283e-02 7.650643195666892438e-02
8.051420838971583283e-02 7.786052809749492709e-02
8.119079837618403683e-02 7.786052809749492709e-02
8.389715832205683899e-02 7.786052809749492709e-02
8.389715832205683899e-02 7.989167230873392422e-02
8.660351826792964114e-02 7.989167230873392422e-02
8.660351826792964114e-02 8.056872037914691864e-02
8.728010825439783127e-02 8.056872037914691864e-02
8.728010825439783127e-02 8.124576844955991306e-02
8.863328822733423928e-02 8.124576844955991306e-02
8.863328822733423928e-02 8.192281651997292136e-02
8.930987821380242941e-02 8.192281651997292136e-02
9.133964817320704144e-02 8.192281651997292136e-02
9.133964817320704144e-02 8.259986459038591577e-02
9.201623815967523157e-02 8.259986459038591577e-02
9.201623815967523157e-02 8.598510494245091562e-02
9.404600811907984359e-02 8.598510494245091562e-02
9.539918809201623773e-02 8.598510494245091562e-02
9.607577807848444174e-02 8.598510494245091562e-02
9.607577807848444174e-02 8.666215301286391004e-02
9.742895805142083587e-02 8.666215301286391004e-02
9.742895805142083587e-02 8.733920108327691834e-02
9.810554803788903988e-02 8.733920108327691834e-02
9.810554803788903988e-02 8.869329722410290717e-02
9.945872801082543402e-02 8.869329722410290717e-02
9.945872801082543402e-02 8.937034529451591547e-02
1.001353179972936380e-01 8.937034529451591547e-02
1.001353179972936380e-01 9.004739336492890989e-02
1.014884979702300460e-01 9.004739336492890989e-02
1.028416779431664402e-01 9.004739336492890989e-02
1.028416779431664402e-01 9.072444143534190431e-02
1.035182679296346442e-01 9.072444143534190431e-02
1.035182679296346442e-01 9.140148950575491260e-02
1.041948579161028482e-01 9.140148950575491260e-02
1.041948579161028482e-01 9.207853757616790702e-02
1.048714479025710383e-01 9.207853757616790702e-02
1.069012178619756365e-01 9.207853757616790702e-02
1.082543978349120445e-01 9.207853757616790702e-02
1.082543978349120445e-01 9.275558564658090144e-02
1.089309878213802485e-01 9.275558564658090144e-02
1.102841677943166426e-01 9.275558564658090144e-02
1.102841677943166426e-01 9.410968178740690415e-02
1.109607577807848466e-01 9.410968178740690415e-02
1.109607577807848466e-01 9.478672985781989857e-02
1.116373477672530506e-01 9.478672985781989857e-02
1.116373477672530506e-01 9.546377792823290687e-02
1.123139377537212408e-01 9.546377792823290687e-02
1.123139377537212408e-01 9.681787406905890958e-02
1.129905277401894448e-01 9.681787406905890958e-02
1.129905277401894448e-01 9.749492213947190400e-02
1.150202976995940429e-01 9.749492213947190400e-02
1.150202976995940429e-01 9.817197020988489842e-02
1.156968876860622469e-01 9.817197020988489842e-02
1.156968876860622469e-01 9.952606635071090113e-02
1.163734776725304509e-01 9.952606635071090113e-02
1.163734776725304509e-01 1.042654028436018898e-01
1.177266576454668451e-01 1.042654028436018898e-01
1.177266576454668451e-01 1.049424509140148981e-01
1.211096075778078512e-01 1.049424509140148981e-01
1.211096075778078512e-01 1.069735951252538952e-01
1.217861975642760552e-01 1.069735951252538952e-01
1.217861975642760552e-01 1.076506431956668897e-01
1.231393775372124494e-01 1.076506431956668897e-01
1.231393775372124494e-01 1.083276912660798980e-01
1.238159675236806534e-01 1.083276912660798980e-01
1.251691474966170614e-01 1.083276912660798980e-01
1.265223274695534417e-01 1.083276912660798980e-01
1.265223274695534417e-01 1.096817874069058868e-01
1.278755074424898497e-01 1.096817874069058868e-01
1.285520974289580398e-01 1.096817874069058868e-01
1.285520974289580398e-01 1.110358835477318895e-01
1.292286874154262577e-01 1.110358835477318895e-01
1.292286874154262577e-01 1.130670277589708866e-01
1.305818673883626657e-01 1.130670277589708866e-01
1.305818673883626657e-01 1.144211238997968894e-01
1.312584573748308558e-01 1.144211238997968894e-01
1.312584573748308558e-01 1.171293161814488809e-01
1.326116373477672639e-01 1.171293161814488809e-01
1.326116373477672639e-01 1.178063642518618753e-01
1.332882273342354540e-01 1.178063642518618753e-01
1.332882273342354540e-01 1.191604603926878780e-01
1.346414073071718620e-01 1.191604603926878780e-01
1.353179972936400521e-01 1.191604603926878780e-01
1.353179972936400521e-01 1.218686526743398835e-01
1.359945872801082423e-01 1.218686526743398835e-01
1.359945872801082423e-01 1.232227488151658723e-01
1.366711772665764602e-01 1.232227488151658723e-01
1.366711772665764602e-01 1.238997968855788806e-01
1.373477672530446503e-01 1.238997968855788806e-01
1.373477672530446503e-01 1.259309410968178777e-01
1.387009472259810583e-01 1.259309410968178777e-01
1.393775372124492484e-01 1.259309410968178777e-01
1.393775372124492484e-01 1.266079891672308722e-01
1.400541271989174663e-01 1.266079891672308722e-01
1.400541271989174663e-01 1.293161814488828776e-01
1.407307171853856564e-01 1.293161814488828776e-01
1.407307171853856564e-01 1.327014218009478774e-01
1.414073071718538466e-01 1.327014218009478774e-01
1.414073071718538466e-01 1.354096140825998551e-01
1.427604871447902546e-01 1.354096140825998551e-01
1.427604871447902546e-01 1.360866621530128773e-01
1.434370771312584447e-01 1.360866621530128773e-01
1.434370771312584447e-01 1.374407582938388661e-01
1.441136671177266626e-01 1.374407582938388661e-01
1.441136671177266626e-01 1.381178063642518605e-01
1.447902571041948527e-01 1.381178063642518605e-01
1.447902571041948527e-01 1.401489505754908715e-01
1.461434370771312607e-01 1.401489505754908715e-01
1.461434370771312607e-01 1.408259986459038660e-01
1.468200270635994509e-01 1.408259986459038660e-01
1.468200270635994509e-01 1.415030467163168604e-01
1.474966170500676688e-01 1.415030467163168604e-01
1.474966170500676688e-01 1.421800947867298548e-01
1.481732070365358589e-01 1.421800947867298548e-01
1.481732070365358589e-01 1.455653351387948546e-01
1.488497970230040490e-01 1.455653351387948546e-01
1.488497970230040490e-01 1.462423832092078491e-01
1.502029769959404570e-01 1.462423832092078491e-01
1.502029769959404570e-01 1.469194312796208435e-01
1.515561569688768651e-01 1.469194312796208435e-01
1.515561569688768651e-01 1.496276235612728489e-01
1.529093369418132731e-01 1.496276235612728489e-01
1.529093369418132731e-01 1.503046716316858433e-01
1.535859269282814632e-01 1.503046716316858433e-01
1.535859269282814632e-01 1.516587677725118599e-01
1.542625169147496533e-01 1.516587677725118599e-01
1.542625169147496533e-01 1.536899119837508432e-01
1.556156968876860613e-01 1.536899119837508432e-01
1.556156968876860613e-01 1.543669600541638376e-01
1.583220568335588496e-01 1.543669600541638376e-01
1.583220568335588496e-01 1.557210561949898542e-01
1.603518267929634755e-01 1.557210561949898542e-01
1.603518267929634755e-01 1.584292484766418319e-01
1.617050067658998558e-01 1.584292484766418319e-01
1.623815967523680737e-01 1.584292484766418319e-01
1.623815967523680737e-01 1.604603926878808429e-01
1.630581867388362638e-01 1.604603926878808429e-01
1.630581867388362638e-01 1.611374407582938373e-01
1.657645466847090798e-01 1.611374407582938373e-01
1.657645466847090798e-01 1.618144888287068317e-01
1.664411366711772700e-01 1.618144888287068317e-01
1.664411366711772700e-01 1.624915368991198261e-01
1.677943166441136780e-01 1.624915368991198261e-01
1.677943166441136780e-01 1.631685849695328483e-01
1.684709066305818681e-01 1.631685849695328483e-01
1.684709066305818681e-01 1.658767772511848260e-01
1.691474966170500582e-01 1.658767772511848260e-01
1.711772665764546564e-01 1.658767772511848260e-01
1.725304465493910644e-01 1.658767772511848260e-01
1.732070365358592823e-01 1.658767772511848260e-01
1.732070365358592823e-01 1.672308733920108426e-01
1.738836265223274724e-01 1.672308733920108426e-01
1.738836265223274724e-01 1.679079214624238370e-01
1.765899864682002607e-01 1.679079214624238370e-01
1.765899864682002607e-01 1.685849695328368314e-01
1.772665764546684786e-01 1.685849695328368314e-01
1.772665764546684786e-01 1.692620176032498258e-01
1.779431664411366687e-01 1.692620176032498258e-01
1.779431664411366687e-01 1.719702098849018312e-01
1.820027063599458650e-01 1.719702098849018312e-01
1.833558863328822730e-01 1.719702098849018312e-01
1.840324763193504631e-01 1.719702098849018312e-01
1.840324763193504631e-01 1.740013540961408145e-01
1.853856562922868711e-01 1.740013540961408145e-01
1.853856562922868711e-01 1.746784021665538367e-01
1.860622462787550613e-01 1.746784021665538367e-01
1.860622462787550613e-01 1.807718348002708142e-01
1.874154262516914693e-01 1.807718348002708142e-01
1.874154262516914693e-01 1.814488828706838086e-01
1.880920162381596872e-01 1.814488828706838086e-01
1.880920162381596872e-01 1.861882193635748250e-01
1.901217861975642853e-01 1.861882193635748250e-01
1.901217861975642853e-01 1.882193635748138083e-01
1.907983761840324755e-01 1.882193635748138083e-01
1.907983761840324755e-01 1.902505077860528193e-01
1.921515561569688835e-01 1.902505077860528193e-01
1.921515561569688835e-01 1.929587000677047970e-01
1.928281461434370736e-01 1.929587000677047970e-01
1.928281461434370736e-01 1.943127962085308136e-01
1.935047361299052637e-01 1.943127962085308136e-01
1.935047361299052637e-01 1.949898442789438080e-01
1.941813261163734816e-01 1.949898442789438080e-01
1.941813261163734816e-01 1.970209884901827913e-01
1.955345060893098896e-01 1.970209884901827913e-01
1.955345060893098896e-01 1.990521327014218023e-01
1.962110960757780798e-01 1.990521327014218023e-01
1.962110960757780798e-01 2.010832769126607855e-01
1.975642760487144878e-01 2.010832769126607855e-01
1.975642760487144878e-01 2.017603249830738077e-01
1.995940460081190859e-01 2.017603249830738077e-01
1.995940460081190859e-01 2.044685172647257854e-01
2.016238159675236841e-01 2.044685172647257854e-01
2.016238159675236841e-01 2.051455653351388075e-01
2.029769959404600921e-01 2.051455653351388075e-01
2.043301759133964723e-01 2.051455653351388075e-01
2.043301759133964723e-01 2.058226134055518020e-01
2.050067658998646902e-01 2.058226134055518020e-01
2.050067658998646902e-01 2.078537576167907852e-01
2.063599458728010705e-01 2.078537576167907852e-01
2.077131258457374785e-01 2.078537576167907852e-01
2.077131258457374785e-01 2.092078537576168018e-01
2.083897158322056964e-01 2.092078537576168018e-01
2.083897158322056964e-01 2.098849018280297962e-01
2.090663058186738865e-01 2.098849018280297962e-01
2.090663058186738865e-01 2.105619498984427906e-01
2.097428958051420766e-01 2.105619498984427906e-01
2.097428958051420766e-01 2.132701421800947961e-01
2.104194857916102945e-01 2.132701421800947961e-01
2.104194857916102945e-01 2.153012863913337793e-01
2.110960757780784847e-01 2.153012863913337793e-01
2.110960757780784847e-01 2.166553825321597959e-01
2.124492557510148927e-01 2.166553825321597959e-01
2.124492557510148927e-01 2.173324306025727903e-01
2.131258457374830828e-01 2.173324306025727903e-01
2.144790257104194908e-01 2.173324306025727903e-01
2.151556156968876810e-01 2.173324306025727903e-01
2.165087956698240890e-01 2.173324306025727903e-01
2.165087956698240890e-01 2.193635748138117736e-01
2.178619756427604970e-01 2.193635748138117736e-01
2.178619756427604970e-01 2.254570074475287789e-01
2.185385656292286871e-01 2.254570074475287789e-01
2.198917456021650951e-01 2.254570074475287789e-01
2.219215155615696933e-01 2.254570074475287789e-01
2.219215155615696933e-01 2.268111035883547677e-01
2.232746955345061013e-01 2.268111035883547677e-01
2.246278755074424816e-01 2.268111035883547677e-01
2.253044654939106994e-01 2.268111035883547677e-01
2.266576454668470797e-01 2.268111035883547677e-01
2.273342354533152976e-01 2.268111035883547677e-01
2.273342354533152976e-01 2.274881516587677621e-01
2.280108254397834877e-01 2.274881516587677621e-01
2.280108254397834877e-01 2.301963439404197675e-01
2.286874154262516778e-01 2.301963439404197675e-01
2.286874154262516778e-01 2.329045362220717730e-01
2.293640054127198957e-01 2.329045362220717730e-01
2.293640054127198957e-01 2.335815842924847674e-01
2.300405953991880859e-01 2.335815842924847674e-01
2.300405953991880859e-01 2.362897765741367728e-01
2.313937753721244939e-01 2.362897765741367728e-01
2.313937753721244939e-01 2.369668246445497672e-01
2.327469553450609019e-01 2.369668246445497672e-01
2.327469553450609019e-01 2.423832092078537503e-01
2.341001353179972821e-01 2.423832092078537503e-01
2.341001353179972821e-01 2.437373053486797669e-01
2.361299052774019080e-01 2.437373053486797669e-01
2.374830852503382883e-01 2.437373053486797669e-01
2.374830852503382883e-01 2.444143534190927614e-01
2.381596752368065062e-01 2.444143534190927614e-01
2.381596752368065062e-01 2.450914014895057558e-01
2.388362652232746963e-01 2.450914014895057558e-01
2.388362652232746963e-01 2.457684495599187502e-01
2.395128552097428865e-01 2.457684495599187502e-01
2.395128552097428865e-01 2.464454976303317446e-01
2.408660351826792945e-01 2.464454976303317446e-01
2.408660351826792945e-01 2.477995937711577612e-01
2.415426251691474846e-01 2.477995937711577612e-01
2.428958051420838926e-01 2.477995937711577612e-01
2.428958051420838926e-01 2.484766418415707556e-01
2.435723951285521105e-01 2.484766418415707556e-01
2.435723951285521105e-01 2.498307379823967445e-01
2.449255751014884908e-01 2.498307379823967445e-01
2.449255751014884908e-01 2.505077860528097666e-01
2.483085250338294969e-01 2.505077860528097666e-01
2.483085250338294969e-01 2.532159783344617443e-01
2.489851150202976870e-01 2.532159783344617443e-01
2.489851150202976870e-01 2.538930264048747665e-01
2.503382949932341228e-01 2.538930264048747665e-01
2.503382949932341228e-01 2.552471225457007553e-01
2.516914749661705031e-01 2.552471225457007553e-01
2.516914749661705031e-01 2.559241706161137220e-01
2.530446549391068833e-01 2.559241706161137220e-01
2.530446549391068833e-01 2.572782667569397663e-01
2.537212449255751290e-01 2.572782667569397663e-01
2.537212449255751290e-01 2.620176032498307550e-01
2.550744248985115092e-01 2.620176032498307550e-01
2.550744248985115092e-01 2.640487474610697105e-01
2.557510148849796994e-01 2.640487474610697105e-01
2.557510148849796994e-01 2.647257955314827327e-01
2.564276048714478895e-01 2.647257955314827327e-01
2.564276048714478895e-01 2.654028436018957549e-01
2.577807848443843253e-01 2.654028436018957549e-01
2.577807848443843253e-01 2.667569397427217437e-01
2.591339648173207055e-01 2.667569397427217437e-01
2.591339648173207055e-01 2.674339878131347104e-01
2.604871447902570858e-01 2.674339878131347104e-01
2.604871447902570858e-01 2.681110358835477325e-01
2.611637347767253314e-01 2.681110358835477325e-01
2.611637347767253314e-01 2.694651320243737214e-01
2.625169147496617117e-01 2.694651320243737214e-01
2.625169147496617117e-01 2.708192281651997102e-01
2.638700947225980920e-01 2.708192281651997102e-01
2.638700947225980920e-01 2.721733243060257545e-01
2.645466847090662821e-01 2.721733243060257545e-01
2.645466847090662821e-01 2.735274204468517434e-01
2.665764546684709080e-01 2.735274204468517434e-01
2.692828146143437240e-01 2.735274204468517434e-01
2.692828146143437240e-01 2.755585646580906989e-01
2.706359945872801043e-01 2.755585646580906989e-01
2.706359945872801043e-01 2.762356127285037211e-01
2.713125845737482944e-01 2.762356127285037211e-01
2.713125845737482944e-01 2.775897088693297099e-01
2.726657645466847302e-01 2.775897088693297099e-01
2.726657645466847302e-01 2.796208530805687209e-01
2.733423545331529203e-01 2.796208530805687209e-01
2.733423545331529203e-01 2.823290453622206986e-01
2.767253044654939265e-01 2.823290453622206986e-01
2.780784844384303067e-01 2.823290453622206986e-01
2.780784844384303067e-01 2.830060934326337208e-01
2.787550744248984969e-01 2.830060934326337208e-01
2.787550744248984969e-01 2.836831415030467429e-01
2.794316644113666870e-01 2.836831415030467429e-01
2.794316644113666870e-01 2.857142857142856984e-01
2.807848443843031228e-01 2.857142857142856984e-01
2.807848443843031228e-01 2.918077183480027315e-01
2.814614343707713129e-01 2.918077183480027315e-01
2.814614343707713129e-01 2.924847664184156981e-01
2.821380243572395030e-01 2.924847664184156981e-01
2.821380243572395030e-01 2.938388625592416870e-01
2.828146143437076931e-01 2.938388625592416870e-01
2.828146143437076931e-01 2.951929587000677313e-01
2.834912043301759388e-01 2.951929587000677313e-01
2.834912043301759388e-01 2.979011509817197090e-01
2.841677943166441289e-01 2.979011509817197090e-01
2.841677943166441289e-01 2.992552471225456978e-01
2.848443843031123190e-01 2.992552471225456978e-01
2.848443843031123190e-01 3.039945836154366865e-01
2.868741542625168894e-01 3.039945836154366865e-01
2.868741542625168894e-01 3.053486797562626753e-01
2.882273342354533252e-01 3.053486797562626753e-01
2.882273342354533252e-01 3.067027758970887197e-01
2.889039242219215153e-01 3.067027758970887197e-01
2.889039242219215153e-01 3.073798239675016863e-01
2.895805142083897055e-01 3.073798239675016863e-01
2.895805142083897055e-01 3.107650643195666862e-01
2.909336941813261412e-01 3.107650643195666862e-01
2.909336941813261412e-01 3.114421123899797084e-01
2.922868741542625215e-01 3.114421123899797084e-01
2.922868741542625215e-01 3.161814488828706970e-01
2.929634641407307116e-01 3.161814488828706970e-01
2.943166441136670919e-01 3.161814488828706970e-01
2.943166441136670919e-01 3.202437373053486636e-01
2.956698240866035277e-01 3.202437373053486636e-01
2.956698240866035277e-01 3.215978334461746524e-01
2.976995940460080980e-01 3.215978334461746524e-01
2.990527740189445338e-01 3.215978334461746524e-01
2.990527740189445338e-01 3.222748815165876746e-01
2.997293640054127239e-01 3.222748815165876746e-01
3.010825439783491042e-01 3.222748815165876746e-01
3.017591339648172943e-01 3.222748815165876746e-01
3.017591339648172943e-01 3.249830737982396522e-01
3.024357239512855400e-01 3.249830737982396522e-01
3.024357239512855400e-01 3.270142180094786633e-01
3.037889039242219202e-01 3.270142180094786633e-01
3.037889039242219202e-01 3.276912660798916854e-01
3.044654939106901104e-01 3.276912660798916854e-01
3.044654939106901104e-01 3.290453622207176743e-01
3.058186738836265461e-01 3.290453622207176743e-01
3.058186738836265461e-01 3.344617467840216851e-01
3.064952638700947363e-01 3.344617467840216851e-01
3.064952638700947363e-01 3.351387948544346518e-01
3.085250338294993067e-01 3.351387948544346518e-01
3.085250338294993067e-01 3.364928909952606406e-01
3.098782138024357424e-01 3.364928909952606406e-01
3.098782138024357424e-01 3.378469871360866850e-01
3.112313937753721227e-01 3.378469871360866850e-01
3.112313937753721227e-01 3.385240352064996516e-01
3.125845737483085029e-01 3.385240352064996516e-01
3.139377537212449387e-01 3.385240352064996516e-01
3.139377537212449387e-01 3.412322274881516848e-01
3.146143437077131289e-01 3.412322274881516848e-01
3.159675236806495091e-01 3.412322274881516848e-01
3.159675236806495091e-01 3.425863236289776736e-01
3.166441136671176992e-01 3.425863236289776736e-01
3.166441136671176992e-01 3.432633716993906403e-01
3.179972936400541350e-01 3.432633716993906403e-01
3.179972936400541350e-01 3.459715639810426735e-01
3.186738836265223251e-01 3.459715639810426735e-01
3.186738836265223251e-01 3.466486120514556402e-01
3.193504736129905153e-01 3.466486120514556402e-01
3.207036535859269510e-01 3.466486120514556402e-01
3.207036535859269510e-01 3.480027081922816290e-01
3.220568335588633313e-01 3.480027081922816290e-01
3.220568335588633313e-01 3.500338524035206400e-01
3.234100135317997116e-01 3.500338524035206400e-01
3.234100135317997116e-01 3.520649966147596510e-01
3.240866035182679572e-01 3.520649966147596510e-01
3.240866035182679572e-01 3.527420446851726732e-01
3.254397834912043375e-01 3.527420446851726732e-01
3.254397834912043375e-01 3.540961408259986620e-01
3.261163734776725276e-01 3.540961408259986620e-01
3.261163734776725276e-01 3.547731888964116287e-01
3.267929634641407177e-01 3.547731888964116287e-01
3.267929634641407177e-01 3.581584292484766285e-01
3.281461434370771535e-01 3.581584292484766285e-01
3.281461434370771535e-01 3.588354773188896507e-01
3.294993234100135338e-01 3.588354773188896507e-01
3.294993234100135338e-01 3.601895734597156395e-01
3.301759133964817239e-01 3.601895734597156395e-01
3.301759133964817239e-01 3.615436696005416284e-01
3.315290933694181597e-01 3.615436696005416284e-01
3.322056833558863498e-01 3.615436696005416284e-01
3.322056833558863498e-01 3.622207176709546506e-01
3.328822733423545399e-01 3.622207176709546506e-01
3.328822733423545399e-01 3.635748138117806394e-01
3.342354533152909202e-01 3.635748138117806394e-01
3.342354533152909202e-01 3.642518618821936616e-01
3.349120433017591103e-01 3.642518618821936616e-01
3.349120433017591103e-01 3.649289099526066282e-01
3.355886332882273559e-01 3.649289099526066282e-01
3.376184032476319263e-01 3.649289099526066282e-01
3.376184032476319263e-01 3.662830060934326171e-01
3.382949932341001165e-01 3.662830060934326171e-01
3.382949932341001165e-01 3.669600541638456392e-01
3.403247631935047424e-01 3.669600541638456392e-01
3.403247631935047424e-01 3.676371022342586059e-01
3.410013531799729325e-01 3.676371022342586059e-01
3.410013531799729325e-01 3.683141503046716281e-01
3.423545331529093128e-01 3.683141503046716281e-01
3.423545331529093128e-01 3.696682464454976169e-01
3.430311231393775584e-01 3.696682464454976169e-01
3.443843031123139387e-01 3.696682464454976169e-01
3.457374830852503189e-01 3.696682464454976169e-01
3.457374830852503189e-01 3.716993906567366279e-01
3.464140730717185646e-01 3.716993906567366279e-01
3.464140730717185646e-01 3.730534867975626168e-01
3.470906630581867547e-01 3.730534867975626168e-01
3.470906630581867547e-01 3.737305348679756389e-01
3.477672530446549448e-01 3.737305348679756389e-01
3.477672530446549448e-01 3.757616790792146499e-01
3.484438430311231349e-01 3.757616790792146499e-01
3.497970230040595152e-01 3.757616790792146499e-01
3.504736129905277608e-01 3.757616790792146499e-01
3.504736129905277608e-01 3.791469194312795943e-01
3.531799729364005214e-01 3.791469194312795943e-01
3.531799729364005214e-01 3.811780636425186053e-01
3.538565629228687670e-01 3.811780636425186053e-01
3.538565629228687670e-01 3.825321597833445941e-01
3.552097428958051473e-01 3.825321597833445941e-01
3.572395128552097177e-01 3.825321597833445941e-01
3.606224627875507238e-01 3.825321597833445941e-01
3.606224627875507238e-01 3.832092078537576163e-01
3.612990527740189695e-01 3.832092078537576163e-01
3.612990527740189695e-01 3.872714962762356383e-01
3.619756427604871596e-01 3.872714962762356383e-01
3.619756427604871596e-01 3.879485443466486050e-01
3.633288227334235398e-01 3.879485443466486050e-01
3.633288227334235398e-01 3.906567366283005827e-01
3.646820027063599201e-01 3.906567366283005827e-01
3.660351826792963559e-01 3.906567366283005827e-01
3.673883626522327361e-01 3.906567366283005827e-01
3.673883626522327361e-01 3.913337846987136048e-01
3.687415426251691719e-01 3.913337846987136048e-01
3.707713125845737423e-01 3.913337846987136048e-01
3.714479025710419324e-01 3.913337846987136048e-01
3.714479025710419324e-01 3.920108327691266270e-01
3.728010825439783682e-01 3.920108327691266270e-01
3.728010825439783682e-01 3.933649289099526158e-01
3.734776725304465583e-01 3.933649289099526158e-01
3.734776725304465583e-01 3.940419769803655825e-01
3.748308525033829386e-01 3.940419769803655825e-01
3.768606224627875645e-01 3.940419769803655825e-01
3.768606224627875645e-01 3.960731211916045935e-01
3.782138024357239448e-01 3.960731211916045935e-01
3.782138024357239448e-01 3.987813134732566267e-01
3.788903924221921349e-01 3.987813134732566267e-01
3.788903924221921349e-01 3.994583615436695934e-01
3.802435723951285707e-01 3.994583615436695934e-01
3.809201623815967608e-01 3.994583615436695934e-01
3.809201623815967608e-01 4.008124576844955822e-01
3.822733423545331410e-01 4.008124576844955822e-01
3.829499323410013312e-01 4.008124576844955822e-01
3.829499323410013312e-01 4.021665538253215710e-01
3.843031123139377669e-01 4.021665538253215710e-01
3.843031123139377669e-01 4.028436018957345932e-01
3.849797023004059571e-01 4.028436018957345932e-01
3.849797023004059571e-01 4.048747461069736042e-01
3.870094722598105275e-01 4.048747461069736042e-01
3.883626522327469632e-01 4.048747461069736042e-01
3.883626522327469632e-01 4.062288422477995931e-01
3.890392422192151534e-01 4.062288422477995931e-01
3.890392422192151534e-01 4.075829383886255819e-01
3.917456021650879694e-01 4.075829383886255819e-01
3.917456021650879694e-01 4.082599864590386041e-01
3.924221921515561595e-01 4.082599864590386041e-01
3.924221921515561595e-01 4.096140825998645929e-01
3.930987821380243497e-01 4.096140825998645929e-01
3.930987821380243497e-01 4.123222748815165706e-01
3.951285520974289756e-01 4.123222748815165706e-01
3.951285520974289756e-01 4.129993229519295928e-01
3.964817320703653558e-01 4.129993229519295928e-01
3.964817320703653558e-01 4.150304671631686038e-01
3.978349120433017361e-01 4.150304671631686038e-01
3.978349120433017361e-01 4.157075152335815704e-01
3.985115020297699817e-01 4.157075152335815704e-01
3.985115020297699817e-01 4.177386594448205814e-01
3.991880920162381718e-01 4.177386594448205814e-01
3.991880920162381718e-01 4.184157075152336036e-01
3.998646820027063620e-01 4.184157075152336036e-01
3.998646820027063620e-01 4.190927555856465703e-01
4.012178619756427422e-01 4.190927555856465703e-01
4.012178619756427422e-01 4.211238997968855813e-01
4.025710419485791780e-01 4.211238997968855813e-01
4.039242219215155583e-01 4.211238997968855813e-01
4.039242219215155583e-01 4.218009478672986035e-01
4.046008119079837484e-01 4.218009478672986035e-01
4.046008119079837484e-01 4.251861882193635478e-01
4.052774018944519385e-01 4.251861882193635478e-01
4.052774018944519385e-01 4.265402843601895921e-01
4.093369418132611903e-01 4.265402843601895921e-01
4.093369418132611903e-01 4.278943805010155810e-01
4.100135317997293805e-01 4.278943805010155810e-01
4.100135317997293805e-01 4.292484766418415698e-01
4.106901217861975706e-01 4.292484766418415698e-01
4.120433017591339508e-01 4.292484766418415698e-01
4.120433017591339508e-01 4.299255247122545920e-01
4.133964817320703866e-01 4.299255247122545920e-01
4.133964817320703866e-01 4.319566689234935475e-01
4.140730717185385767e-01 4.319566689234935475e-01
4.140730717185385767e-01 4.346648612051455807e-01
4.147496617050067669e-01 4.346648612051455807e-01
4.147496617050067669e-01 4.353419092755585473e-01
4.154262516914749570e-01 4.353419092755585473e-01
4.154262516914749570e-01 4.360189573459715695e-01
4.161028416779431471e-01 4.360189573459715695e-01
4.161028416779431471e-01 4.387271496276235472e-01
4.174560216508795829e-01 4.387271496276235472e-01
4.181326116373477730e-01 4.387271496276235472e-01
4.181326116373477730e-01 4.414353419092755804e-01
4.201623815967523434e-01 4.414353419092755804e-01
4.215155615696887792e-01 4.414353419092755804e-01
4.215155615696887792e-01 4.434664861205145359e-01
4.235453315290933496e-01 4.434664861205145359e-01
4.248985115020297854e-01 4.434664861205145359e-01
4.248985115020297854e-01 4.441435341909275580e-01
4.262516914749661656e-01 4.441435341909275580e-01
4.282814614343707915e-01 4.441435341909275580e-01
4.296346414073071718e-01 4.441435341909275580e-01
4.309878213802435520e-01 4.441435341909275580e-01
4.309878213802435520e-01 4.454976303317535469e-01
4.316644113667117977e-01 4.454976303317535469e-01
4.316644113667117977e-01 4.461746784021665690e-01
4.323410013531799878e-01 4.461746784021665690e-01
4.323410013531799878e-01 4.475287745429925579e-01
4.330175913396481779e-01 4.475287745429925579e-01
4.330175913396481779e-01 4.482058226134055245e-01
4.343707713125845582e-01 4.482058226134055245e-01
4.343707713125845582e-01 4.488828706838185467e-01
4.350473612990527483e-01 4.488828706838185467e-01
4.350473612990527483e-01 4.502369668246445356e-01
4.364005412719891841e-01 4.502369668246445356e-01
4.364005412719891841e-01 4.509140148950575577e-01
4.370771312584573742e-01 4.509140148950575577e-01
4.370771312584573742e-01 4.515910629654705244e-01
4.377537212449255644e-01 4.515910629654705244e-01
4.377537212449255644e-01 4.522681110358835466e-01
4.377537212449255644e-01 4.536222071767095354e-01
4.377537212449255644e-01 4.542992552471225576e-01
4.384303112313937545e-01 4.542992552471225576e-01
4.384303112313937545e-01 4.549763033175355242e-01
4.391069012178620001e-01 4.549763033175355242e-01
4.391069012178620001e-01 4.556533513879485464e-01
4.404600811907983804e-01 4.556533513879485464e-01
4.404600811907983804e-01 4.583615436696005241e-01
4.411366711772665705e-01 4.583615436696005241e-01
4.424898511502029508e-01 4.583615436696005241e-01
4.431664411366711964e-01 4.583615436696005241e-01
4.431664411366711964e-01 4.603926878808395351e-01
4.445196211096075767e-01 4.603926878808395351e-01
4.445196211096075767e-01 4.631008801624915128e-01
4.451962110960757668e-01 4.631008801624915128e-01
4.451962110960757668e-01 4.644549763033175571e-01
4.458728010825439569e-01 4.644549763033175571e-01
4.458728010825439569e-01 4.685172647257955236e-01
4.472259810554803927e-01 4.685172647257955236e-01
4.472259810554803927e-01 4.691943127962085458e-01
4.479025710419485828e-01 4.691943127962085458e-01
4.479025710419485828e-01 4.698713608666215125e-01
4.492557510148849631e-01 4.698713608666215125e-01
4.492557510148849631e-01 4.719025050778605235e-01
4.512855209742895890e-01 4.719025050778605235e-01
4.519621109607577791e-01 4.719025050778605235e-01
4.519621109607577791e-01 4.759647935003385455e-01
4.526387009472259693e-01 4.759647935003385455e-01
4.526387009472259693e-01 4.773188896411645343e-01
4.533152909336941594e-01 4.773188896411645343e-01
4.533152909336941594e-01 4.779959377115775010e-01
4.546684709066305952e-01 4.779959377115775010e-01
4.546684709066305952e-01 4.800270819228165120e-01
4.553450608930987853e-01 4.807041299932295342e-01
4.566982408660351656e-01 4.807041299932295342e-01
4.573748308525033557e-01 4.807041299932295342e-01
4.573748308525033557e-01 4.840893703452945340e-01
4.580514208389716013e-01 4.840893703452945340e-01
4.580514208389716013e-01 4.867975626269465117e-01
4.594046008119079816e-01 4.867975626269465117e-01
4.594046008119079816e-01 4.881516587677725005e-01
4.607577807848443618e-01 4.881516587677725005e-01
4.607577807848443618e-01 4.901828029790115115e-01
4.621109607577807976e-01 4.901828029790115115e-01
4.621109607577807976e-01 4.915368991198375004e-01
4.627875507442489877e-01 4.915368991198375004e-01
4.627875507442489877e-01 4.935680433310765114e-01
4.634641407307171779e-01 4.935680433310765114e-01
4.648173207036536136e-01 4.935680433310765114e-01
4.654939106901218038e-01 4.935680433310765114e-01
4.668470906630581840e-01 4.935680433310765114e-01
4.695534506089310001e-01 4.935680433310765114e-01
4.695534506089310001e-01 4.955991875423155224e-01
4.702300405953991902e-01 4.955991875423155224e-01
4.702300405953991902e-01 4.976303317535544779e-01
4.715832205683355705e-01 4.976303317535544779e-01
4.715832205683355705e-01 4.989844278943805223e-01
4.729364005412720062e-01 4.989844278943805223e-01
4.729364005412720062e-01 5.010155721056195333e-01
4.742895805142083865e-01 5.010155721056195333e-01
4.742895805142083865e-01 5.023696682464454666e-01
4.749661705006765766e-01 5.023696682464454666e-01
4.749661705006765766e-01 5.030467163168584888e-01
4.756427604871447667e-01 5.030467163168584888e-01
4.756427604871447667e-01 5.044008124576845331e-01
4.763193504736130124e-01 5.044008124576845331e-01
4.763193504736130124e-01 5.050778605280974443e-01
4.776725304465493926e-01 5.050778605280974443e-01
4.776725304465493926e-01 5.057549085985104664e-01
4.797023004059540185e-01 5.057549085985104664e-01
4.797023004059540185e-01 5.064319566689234886e-01
4.803788903924222087e-01 5.064319566689234886e-01
4.824086603518267791e-01 5.064319566689234886e-01
4.824086603518267791e-01 5.071090047393365108e-01
4.830852503382949692e-01 5.071090047393365108e-01
4.830852503382949692e-01 5.077860528097495330e-01
4.837618403247632148e-01 5.077860528097495330e-01
4.837618403247632148e-01 5.091401489505754663e-01
4.851150202976995951e-01 5.091401489505754663e-01
4.871447902571042210e-01 5.091401489505754663e-01
4.871447902571042210e-01 5.104942450914015106e-01
4.878213802435724111e-01 5.104942450914015106e-01
4.878213802435724111e-01 5.118483412322274440e-01
4.884979702300406013e-01 5.118483412322274440e-01
4.884979702300406013e-01 5.132024373730534883e-01
4.898511502029769815e-01 5.132024373730534883e-01
4.898511502029769815e-01 5.138794854434665105e-01
4.912043301759134173e-01 5.138794854434665105e-01
4.932341001353179877e-01 5.138794854434665105e-01
4.932341001353179877e-01 5.152335815842924438e-01
4.939106901217861778e-01 5.152335815842924438e-01
4.939106901217861778e-01 5.165876777251184881e-01
4.959404600811908037e-01 5.165876777251184881e-01
4.959404600811908037e-01 5.179417738659445325e-01
4.966170500676589938e-01 5.179417738659445325e-01
4.966170500676589938e-01 5.192958700067704658e-01
4.966170500676589938e-01 5.199729180771834880e-01
4.986468200270636197e-01 5.199729180771834880e-01
4.986468200270636197e-01 5.206499661475965102e-01
5.000000000000000000e-01 5.206499661475965102e-01
5.000000000000000000e-01 5.220040622884224435e-01
5.020297699594046259e-01 5.220040622884224435e-01
5.033829499323410062e-01 5.220040622884224435e-01
5.033829499323410062e-01 5.240352064996615100e-01
5.040595399188092518e-01 5.240352064996615100e-01
5.060893098782137667e-01 5.240352064996615100e-01
5.060893098782137667e-01 5.247122545700744212e-01
5.074424898511502580e-01 5.247122545700744212e-01
5.081190798376183926e-01 5.247122545700744212e-01
5.081190798376183926e-01 5.253893026404874433e-01
5.087956698240866382e-01 5.253893026404874433e-01
5.101488497970230185e-01 5.253893026404874433e-01
5.101488497970230185e-01 5.260663507109004655e-01
5.108254397834911531e-01 5.260663507109004655e-01
5.108254397834911531e-01 5.287745429925524432e-01
5.115020297699593987e-01 5.287745429925524432e-01
5.115020297699593987e-01 5.294515910629654654e-01
5.128552097428957790e-01 5.294515910629654654e-01
5.128552097428957790e-01 5.301286391333784875e-01
5.142083897158321593e-01 5.301286391333784875e-01
5.142083897158321593e-01 5.314827352742044209e-01
5.148849797023004049e-01 5.314827352742044209e-01
5.148849797023004049e-01 5.335138794854434874e-01
5.162381596752367852e-01 5.335138794854434874e-01
5.162381596752367852e-01 5.355450236966824429e-01
5.182679296346414111e-01 5.355450236966824429e-01
5.182679296346414111e-01 5.382532159783344206e-01
5.189445196211096567e-01 5.382532159783344206e-01
5.189445196211096567e-01 5.389302640487474427e-01
5.202976995940460370e-01 5.389302640487474427e-01
5.202976995940460370e-01 5.396073121191604649e-01
5.216508795669824172e-01 5.396073121191604649e-01
5.216508795669824172e-01 5.423155044008124426e-01
5.236806495263870431e-01 5.423155044008124426e-01
5.236806495263870431e-01 5.429925524712254647e-01
5.257104194857915580e-01 5.429925524712254647e-01
5.257104194857915580e-01 5.443466486120515091e-01
5.270635994587280493e-01 5.443466486120515091e-01
5.270635994587280493e-01 5.450236966824644202e-01
5.290933694181325642e-01 5.450236966824644202e-01
5.297699594046008098e-01 5.450236966824644202e-01
5.311231393775371901e-01 5.450236966824644202e-01
5.351826792963464419e-01 5.450236966824644202e-01
5.351826792963464419e-01 5.490859851049424423e-01
5.358592692828145765e-01 5.490859851049424423e-01
5.358592692828145765e-01 5.497630331753554644e-01
5.365358592692828221e-01 5.497630331753554644e-01
5.365358592692828221e-01 5.504400812457684866e-01
5.378890392422192024e-01 5.504400812457684866e-01
5.378890392422192024e-01 5.511171293161813978e-01
5.392422192151555826e-01 5.511171293161813978e-01
5.392422192151555826e-01 5.531482735274204643e-01
5.405953991880919629e-01 5.531482735274204643e-01
5.405953991880919629e-01 5.551794177386594198e-01
5.419485791610284542e-01 5.551794177386594198e-01
5.419485791610284542e-01 5.558564658090724420e-01
5.433017591339648344e-01 5.558564658090724420e-01
5.433017591339648344e-01 5.565335138794854641e-01
5.439783491204329691e-01 5.565335138794854641e-01
5.439783491204329691e-01 5.592417061611374418e-01
5.453315290933694603e-01 5.592417061611374418e-01
5.460081190798375950e-01 5.592417061611374418e-01
5.460081190798375950e-01 5.599187542315504640e-01
5.473612990527739752e-01 5.599187542315504640e-01
5.473612990527739752e-01 5.605958023019634862e-01
5.487144790257104665e-01 5.605958023019634862e-01
5.487144790257104665e-01 5.612728503723763973e-01
5.500676589986468468e-01 5.612728503723763973e-01
5.500676589986468468e-01 5.619498984427894195e-01
5.507442489851149814e-01 5.619498984427894195e-01
5.507442489851149814e-01 5.626269465132024417e-01
5.514208389715832270e-01 5.626269465132024417e-01
5.514208389715832270e-01 5.666892349356804637e-01
5.520974289580514727e-01 5.666892349356804637e-01
5.520974289580514727e-01 5.673662830060934859e-01
5.527740189445196073e-01 5.673662830060934859e-01
5.527740189445196073e-01 5.680433310765063970e-01
5.534506089309878529e-01 5.680433310765063970e-01
5.534506089309878529e-01 5.693974272173324414e-01
5.541271989174559875e-01 5.693974272173324414e-01
5.541271989174559875e-01 5.707515233581583747e-01
5.548037889039242332e-01 5.707515233581583747e-01
5.548037889039242332e-01 5.727826675693974412e-01
5.554803788903923678e-01 5.727826675693974412e-01
5.554803788903923678e-01 5.741367637102233745e-01
5.568335588633288591e-01 5.741367637102233745e-01
5.568335588633288591e-01 5.748138117806363967e-01
5.581867388362652393e-01 5.748138117806363967e-01
5.602165087956698653e-01 5.748138117806363967e-01
5.615696887686062455e-01 5.748138117806363967e-01
5.615696887686062455e-01 5.754908598510494189e-01
5.629228687415426258e-01 5.754908598510494189e-01
5.629228687415426258e-01 5.761679079214624410e-01
5.649526387009472517e-01 5.761679079214624410e-01
5.649526387009472517e-01 5.775220040622883744e-01
5.663058186738836319e-01 5.775220040622883744e-01
5.663058186738836319e-01 5.781990521327013965e-01
5.669824086603518776e-01 5.781990521327013965e-01
5.669824086603518776e-01 5.802301963439404631e-01
5.676589986468200122e-01 5.802301963439404631e-01
5.676589986468200122e-01 5.809072444143533742e-01
5.690121786197563925e-01 5.809072444143533742e-01
5.690121786197563925e-01 5.815842924847663964e-01
5.710419485791610184e-01 5.815842924847663964e-01
5.710419485791610184e-01 5.829383886255924407e-01
5.717185385656292640e-01 5.829383886255924407e-01
5.730717185385656443e-01 5.829383886255924407e-01
5.757780784844384048e-01 5.829383886255924407e-01
5.757780784844384048e-01 5.836154366960054629e-01
5.811907983761840368e-01 5.836154366960054629e-01
5.811907983761840368e-01 5.870006770480704628e-01
5.832205683355886627e-01 5.870006770480704628e-01
5.832205683355886627e-01 5.876777251184833739e-01
5.838971583220567974e-01 5.876777251184833739e-01
5.838971583220567974e-01 5.883547731888963961e-01
5.845737483085250430e-01 5.883547731888963961e-01
5.845737483085250430e-01 5.890318212593094183e-01
5.852503382949932886e-01 5.890318212593094183e-01
5.852503382949932886e-01 5.897088693297224404e-01
5.872801082543978035e-01 5.897088693297224404e-01
5.872801082543978035e-01 5.917400135409613959e-01
5.879566982408660492e-01 5.917400135409613959e-01
5.879566982408660492e-01 5.964793500338524401e-01
5.886332882273341838e-01 5.964793500338524401e-01
5.886332882273341838e-01 5.978334461746783735e-01
5.899864682002706751e-01 5.978334461746783735e-01
5.899864682002706751e-01 5.985104942450913956e-01
5.913396481732070553e-01 5.985104942450913956e-01
5.926928281461434356e-01 5.985104942450913956e-01
5.953991880920161961e-01 5.985104942450913956e-01
5.953991880920161961e-01 5.998645903859174400e-01
5.967523680649526874e-01 5.998645903859174400e-01
5.967523680649526874e-01 6.025727826675694176e-01
5.974289580514208220e-01 6.025727826675694176e-01
5.974289580514208220e-01 6.046039268788083731e-01
5.987821380243572023e-01 6.046039268788083731e-01
5.987821380243572023e-01 6.059580230196344175e-01
6.008119079837618282e-01 6.059580230196344175e-01
6.008119079837618282e-01 6.079891672308733730e-01
6.014884979702300738e-01 6.079891672308733730e-01
6.014884979702300738e-01 6.086662153012863952e-01
6.041948579161028343e-01 6.086662153012863952e-01
6.041948579161028343e-01 6.093432633716994173e-01
6.048714479025710800e-01 6.093432633716994173e-01
6.048714479025710800e-01 6.113744075829383728e-01
6.055480378890392146e-01 6.113744075829383728e-01
6.055480378890392146e-01 6.120514556533513950e-01
6.069012178619755948e-01 6.120514556533513950e-01
6.082543978349120861e-01 6.120514556533513950e-01
6.082543978349120861e-01 6.127285037237644172e-01
6.089309878213802207e-01 6.127285037237644172e-01
6.089309878213802207e-01 6.134055517941774394e-01
6.102841677943166010e-01 6.134055517941774394e-01
6.102841677943166010e-01 6.140825998645903505e-01
6.116373477672530923e-01 6.140825998645903505e-01
6.123139377537212269e-01 6.140825998645903505e-01
6.123139377537212269e-01 6.147596479350033727e-01
6.150202976995940984e-01 6.147596479350033727e-01
6.150202976995940984e-01 6.154366960054163949e-01
6.163734776725304787e-01 6.154366960054163949e-01
6.163734776725304787e-01 6.161137440758294170e-01
6.177266576454668590e-01 6.161137440758294170e-01
6.190798376184032392e-01 6.161137440758294170e-01
6.190798376184032392e-01 6.167907921462423282e-01
6.217861975642759997e-01 6.167907921462423282e-01
6.217861975642759997e-01 6.194989844278944169e-01
6.224627875507442454e-01 6.194989844278944169e-01
6.224627875507442454e-01 6.201760324983073280e-01
6.238159675236806256e-01 6.201760324983073280e-01
6.238159675236806256e-01 6.208530805687203502e-01
6.244925575101488713e-01 6.208530805687203502e-01
6.244925575101488713e-01 6.228842247799594167e-01
6.251691474966170059e-01 6.228842247799594167e-01
6.251691474966170059e-01 6.255924170616113944e-01
6.271989174560216318e-01 6.255924170616113944e-01
6.271989174560216318e-01 6.262694651320244166e-01
6.285520974289580121e-01 6.262694651320244166e-01
6.285520974289580121e-01 6.310088016249153497e-01
6.292286874154262577e-01 6.310088016249153497e-01
6.292286874154262577e-01 6.316858496953283719e-01
6.299052774018945033e-01 6.316858496953283719e-01
6.299052774018945033e-01 6.330399458361544163e-01
6.305818673883626380e-01 6.330399458361544163e-01
6.305818673883626380e-01 6.364251861882194161e-01
6.312584573748308836e-01 6.364251861882194161e-01
6.312584573748308836e-01 6.384563303994583716e-01
6.319350473612990182e-01 6.384563303994583716e-01
6.319350473612990182e-01 6.404874746106973271e-01
6.332882273342353985e-01 6.404874746106973271e-01
6.332882273342353985e-01 6.418415707515233715e-01
6.346414073071718898e-01 6.418415707515233715e-01
6.353179972936400244e-01 6.418415707515233715e-01
6.353179972936400244e-01 6.431956668923493048e-01
6.359945872801082700e-01 6.431956668923493048e-01
6.373477672530446503e-01 6.431956668923493048e-01
6.380243572395128959e-01 6.431956668923493048e-01
6.380243572395128959e-01 6.438727149627623270e-01
6.387009472259810305e-01 6.438727149627623270e-01
6.387009472259810305e-01 6.445497630331753491e-01
6.393775372124492762e-01 6.445497630331753491e-01
6.393775372124492762e-01 6.459038591740013935e-01
6.407307171853856564e-01 6.459038591740013935e-01
6.407307171853856564e-01 6.465809072444143046e-01
6.434370771312584170e-01 6.465809072444143046e-01
6.434370771312584170e-01 6.479350033852403490e-01
6.441136671177266626e-01 6.479350033852403490e-01
6.441136671177266626e-01 6.506431956668923267e-01
6.468200270635994231e-01 6.506431956668923267e-01
6.468200270635994231e-01 6.519972918077183710e-01
6.474966170500676688e-01 6.519972918077183710e-01
6.474966170500676688e-01 6.526743398781313932e-01
6.481732070365359144e-01 6.526743398781313932e-01
6.481732070365359144e-01 6.547054840893703487e-01
6.488497970230040490e-01 6.547054840893703487e-01
6.488497970230040490e-01 6.574136763710223264e-01
6.495263870094722947e-01 6.574136763710223264e-01
6.495263870094722947e-01 6.607989167230873262e-01
6.502029769959404293e-01 6.607989167230873262e-01
6.502029769959404293e-01 6.621530128639133705e-01
6.508795669824086749e-01 6.621530128639133705e-01
6.508795669824086749e-01 6.628300609343262817e-01
6.515561569688768095e-01 6.628300609343262817e-01
6.515561569688768095e-01 6.635071090047393039e-01
6.529093369418133008e-01 6.635071090047393039e-01
6.529093369418133008e-01 6.641841570751523260e-01
6.549391069012178157e-01 6.641841570751523260e-01
6.549391069012178157e-01 6.648612051455653482e-01
6.562922868741543070e-01 6.648612051455653482e-01
6.562922868741543070e-01 6.662153012863912815e-01
6.576454668470906872e-01 6.662153012863912815e-01
6.596752368064953131e-01 6.662153012863912815e-01
6.603518267929634478e-01 6.662153012863912815e-01
6.603518267929634478e-01 6.675693974272173259e-01
6.610284167794316934e-01 6.675693974272173259e-01
6.610284167794316934e-01 6.682464454976303481e-01
6.617050067658998280e-01 6.682464454976303481e-01
6.617050067658998280e-01 6.689234935680433702e-01
6.623815967523680737e-01 6.689234935680433702e-01
6.623815967523680737e-01 6.702775897088693036e-01
6.630581867388363193e-01 6.702775897088693036e-01
6.630581867388363193e-01 6.736628300609343034e-01
6.637347767253044539e-01 6.736628300609343034e-01
6.637347767253044539e-01 6.750169262017603478e-01
6.657645466847090798e-01 6.750169262017603478e-01
6.657645466847090798e-01 6.756939742721733699e-01
6.664411366711772144e-01 6.756939742721733699e-01
6.664411366711772144e-01 6.777251184834123254e-01
6.684709066305818403e-01 6.777251184834123254e-01
6.698240866035182206e-01 6.777251184834123254e-01
6.698240866035182206e-01 6.844955991875423251e-01
6.711772665764547119e-01 6.844955991875423251e-01
6.711772665764547119e-01 6.851726472579553473e-01
6.718538565629228465e-01 6.851726472579553473e-01
6.718538565629228465e-01 6.865267433987812806e-01
6.732070365358592268e-01 6.865267433987812806e-01
6.732070365358592268e-01 6.872037914691943028e-01
6.745602165087957180e-01 6.872037914691943028e-01
6.765899864682002329e-01 6.872037914691943028e-01
6.779431664411367242e-01 6.872037914691943028e-01
6.799729364005412391e-01 6.872037914691943028e-01
6.813261163734776193e-01 6.872037914691943028e-01
6.813261163734776193e-01 6.878808395396073250e-01
6.820027063599458650e-01 6.878808395396073250e-01
6.820027063599458650e-01 6.899119837508462805e-01
6.826792963464141106e-01 6.899119837508462805e-01
6.826792963464141106e-01 6.960054163845632580e-01
6.833558863328822452e-01 6.960054163845632580e-01
6.833558863328822452e-01 6.966824644549762802e-01
6.847090663058186255e-01 6.966824644549762802e-01
6.847090663058186255e-01 6.973595125253893023e-01
6.853856562922868711e-01 6.973595125253893023e-01
6.853856562922868711e-01 6.980365605958023245e-01
6.860622462787551168e-01 6.980365605958023245e-01
6.860622462787551168e-01 6.987136086662153467e-01
6.867388362652232514e-01 6.987136086662153467e-01
6.867388362652232514e-01 7.007447528774543022e-01
6.874154262516914971e-01 7.007447528774543022e-01
6.887686062246278773e-01 7.007447528774543022e-01
6.901217861975642576e-01 7.007447528774543022e-01
6.914749661705006378e-01 7.007447528774543022e-01
6.921515561569688835e-01 7.007447528774543022e-01
6.921515561569688835e-01 7.014218009478673244e-01
6.928281461434371291e-01 7.014218009478673244e-01
6.928281461434371291e-01 7.020988490182803465e-01
6.955345060893098896e-01 7.020988490182803465e-01
6.955345060893098896e-01 7.027758970886932577e-01
6.975642760487145155e-01 7.027758970886932577e-01
6.989174560216508958e-01 7.027758970886932577e-01
6.989174560216508958e-01 7.034529451591062799e-01
6.995940460081190304e-01 7.034529451591062799e-01
6.995940460081190304e-01 7.054840893703453464e-01
7.009472259810555217e-01 7.054840893703453464e-01
7.009472259810555217e-01 7.088693297224103462e-01
7.016238159675236563e-01 7.088693297224103462e-01
7.016238159675236563e-01 7.109004739336493017e-01
7.023004059539919020e-01 7.109004739336493017e-01
7.023004059539919020e-01 7.122545700744752351e-01
7.029769959404600366e-01 7.122545700744752351e-01
7.029769959404600366e-01 7.136086662153012794e-01
7.043301759133965279e-01 7.136086662153012794e-01
7.050067658998646625e-01 7.136086662153012794e-01
7.050067658998646625e-01 7.142857142857143016e-01
7.063599458728010427e-01 7.142857142857143016e-01
7.063599458728010427e-01 7.156398104265402349e-01
7.070365358592692884e-01 7.156398104265402349e-01
7.070365358592692884e-01 7.183480027081923236e-01
7.083897158322056686e-01 7.183480027081923236e-01
7.083897158322056686e-01 7.203791469194312791e-01
7.097428958051420489e-01 7.203791469194312791e-01
7.097428958051420489e-01 7.210561949898443013e-01
7.117726657645466748e-01 7.210561949898443013e-01
7.117726657645466748e-01 7.224102911306702346e-01
7.124492557510149204e-01 7.224102911306702346e-01
7.124492557510149204e-01 7.244414353419093011e-01
7.144790257104194353e-01 7.244414353419093011e-01
7.144790257104194353e-01 7.251184834123223233e-01
7.165087956698240612e-01 7.251184834123223233e-01
7.165087956698240612e-01 7.271496276235612788e-01
7.171853856562923069e-01 7.271496276235612788e-01
7.171853856562923069e-01 7.285037237643873231e-01
7.178619756427604415e-01 7.285037237643873231e-01
7.192151556156969328e-01 7.285037237643873231e-01
7.192151556156969328e-01 7.318889641164523230e-01
7.198917456021650674e-01 7.318889641164523230e-01
7.212449255751014476e-01 7.318889641164523230e-01
7.219215155615696933e-01 7.318889641164523230e-01
7.232746955345060735e-01 7.318889641164523230e-01
7.232746955345060735e-01 7.339201083276912785e-01
7.239512855209743192e-01 7.339201083276912785e-01
7.239512855209743192e-01 7.352742044685172118e-01
7.246278755074424538e-01 7.352742044685172118e-01
7.246278755074424538e-01 7.366283006093432562e-01
7.259810554803789451e-01 7.366283006093432562e-01
7.259810554803789451e-01 7.386594448205822117e-01
7.273342354533153253e-01 7.386594448205822117e-01
7.273342354533153253e-01 7.413676371022343004e-01
7.286874154262517056e-01 7.413676371022343004e-01
7.286874154262517056e-01 7.427217332430602337e-01
7.293640054127198402e-01 7.427217332430602337e-01
7.293640054127198402e-01 7.447528774542993002e-01
7.307171853856563315e-01 7.447528774542993002e-01
7.334235453315290920e-01 7.447528774542993002e-01
7.334235453315290920e-01 7.461069735951252335e-01
7.341001353179973377e-01 7.461069735951252335e-01
7.341001353179973377e-01 7.467840216655382557e-01
7.347767253044654723e-01 7.467840216655382557e-01
7.361299052774018525e-01 7.467840216655382557e-01
7.374830852503383438e-01 7.467840216655382557e-01
7.374830852503383438e-01 7.494922139471902334e-01
7.381596752368064784e-01 7.494922139471902334e-01
7.395128552097428587e-01 7.494922139471902334e-01
7.395128552097428587e-01 7.501692620176032555e-01
7.422192151556157302e-01 7.501692620176032555e-01
7.428958051420838649e-01 7.501692620176032555e-01
7.428958051420838649e-01 7.535545023696682554e-01
7.435723951285521105e-01 7.535545023696682554e-01
7.449255751014884908e-01 7.535545023696682554e-01
7.456021650879567364e-01 7.535545023696682554e-01
7.456021650879567364e-01 7.562626946513202331e-01
7.462787550744248710e-01 7.562626946513202331e-01
7.462787550744248710e-01 7.569397427217332552e-01
7.476319350473612513e-01 7.569397427217332552e-01
7.476319350473612513e-01 7.576167907921462774e-01
7.489851150202977426e-01 7.576167907921462774e-01
7.496617050067658772e-01 7.576167907921462774e-01
7.496617050067658772e-01 7.582938388625591886e-01
7.523680649526387487e-01 7.582938388625591886e-01
7.530446549391068833e-01 7.582938388625591886e-01
7.530446549391068833e-01 7.596479350033852329e-01
7.537212449255751290e-01 7.596479350033852329e-01
7.537212449255751290e-01 7.616790792146241884e-01
7.550744248985115092e-01 7.616790792146241884e-01
7.557510148849797549e-01 7.616790792146241884e-01
7.557510148849797549e-01 7.630331753554502328e-01
7.564276048714478895e-01 7.630331753554502328e-01
7.564276048714478895e-01 7.650643195666891883e-01
7.584573748308525154e-01 7.650643195666891883e-01
7.584573748308525154e-01 7.657413676371022104e-01
7.598105548037888957e-01 7.657413676371022104e-01
7.598105548037888957e-01 7.664184157075152326e-01
7.604871447902571413e-01 7.664184157075152326e-01
7.604871447902571413e-01 7.670954637779282548e-01
7.611637347767252759e-01 7.670954637779282548e-01
7.611637347767252759e-01 7.704807041299932546e-01
7.625169147496616562e-01 7.704807041299932546e-01
7.625169147496616562e-01 7.711577522004062768e-01
7.638700947225981475e-01 7.711577522004062768e-01
7.638700947225981475e-01 7.725118483412322101e-01
7.652232746955345277e-01 7.725118483412322101e-01
7.652232746955345277e-01 7.731888964116452323e-01
7.665764546684709080e-01 7.731888964116452323e-01
7.665764546684709080e-01 7.765741367637102321e-01
7.679296346414072882e-01 7.765741367637102321e-01
7.679296346414072882e-01 7.772511848341232543e-01
7.686062246278755339e-01 7.772511848341232543e-01
7.686062246278755339e-01 7.806364251861882542e-01
7.692828146143436685e-01 7.806364251861882542e-01
7.706359945872801598e-01 7.806364251861882542e-01
7.713125845737482944e-01 7.806364251861882542e-01
7.713125845737482944e-01 7.819905213270141875e-01
7.719891745602165400e-01 7.819905213270141875e-01
7.733423545331529203e-01 7.819905213270141875e-01
7.746955345060893006e-01 7.819905213270141875e-01
7.746955345060893006e-01 7.826675693974272097e-01
7.753721244925575462e-01 7.826675693974272097e-01
7.753721244925575462e-01 7.853757616790791873e-01
7.767253044654939265e-01 7.853757616790791873e-01
7.774018944519620611e-01 7.853757616790791873e-01
7.774018944519620611e-01 7.874069058903182539e-01
7.780784844384303067e-01 7.874069058903182539e-01
7.780784844384303067e-01 7.901150981719702315e-01
7.787550744248985524e-01 7.901150981719702315e-01
7.787550744248985524e-01 7.914691943127961649e-01
7.807848443843030672e-01 7.914691943127961649e-01
7.807848443843030672e-01 7.921462423832091870e-01
7.814614343707713129e-01 7.921462423832091870e-01
7.828146143437076931e-01 7.921462423832091870e-01
7.828146143437076931e-01 7.928232904536222092e-01
7.834912043301759388e-01 7.928232904536222092e-01
7.848443843031123190e-01 7.928232904536222092e-01
7.855209742895805647e-01 7.928232904536222092e-01
7.882273342354533252e-01 7.928232904536222092e-01
7.882273342354533252e-01 7.935003385240352314e-01
7.889039242219215708e-01 7.935003385240352314e-01
7.889039242219215708e-01 7.941773865944482536e-01
7.909336941813260857e-01 7.941773865944482536e-01
7.909336941813260857e-01 7.968855788761002312e-01
7.916102841677943314e-01 7.968855788761002312e-01
7.916102841677943314e-01 8.009478672985782532e-01
7.922868741542624660e-01 8.009478672985782532e-01
7.922868741542624660e-01 8.016249153689911644e-01
7.929634641407307116e-01 8.016249153689911644e-01
7.929634641407307116e-01 8.036560595802302309e-01
7.943166441136670919e-01 8.036560595802302309e-01
7.943166441136670919e-01 8.050101557210561642e-01
7.956698240866034721e-01 8.050101557210561642e-01
7.963464140730717178e-01 8.050101557210561642e-01
7.963464140730717178e-01 8.063642518618822086e-01
7.970230040595399634e-01 8.063642518618822086e-01
7.970230040595399634e-01 8.090724441435341863e-01
7.983761840324763437e-01 8.090724441435341863e-01
7.983761840324763437e-01 8.097494922139472084e-01
7.990527740189444783e-01 8.097494922139472084e-01
7.990527740189444783e-01 8.111035883547731418e-01
8.004059539918809696e-01 8.111035883547731418e-01
8.004059539918809696e-01 8.117806364251861639e-01
8.024357239512854845e-01 8.117806364251861639e-01
8.044654939106901104e-01 8.117806364251861639e-01
8.044654939106901104e-01 8.158429248476641860e-01
8.071718538565628709e-01 8.158429248476641860e-01
8.071718538565628709e-01 8.165199729180772081e-01
8.078484438430311165e-01 8.165199729180772081e-01
8.078484438430311165e-01 8.185511171293161636e-01
8.092016238159674968e-01 8.185511171293161636e-01
8.092016238159674968e-01 8.192281651997291858e-01
8.098782138024357424e-01 8.192281651997291858e-01
8.098782138024357424e-01 8.199052132701422080e-01
8.105548037889038770e-01 8.199052132701422080e-01
8.105548037889038770e-01 8.205822613405552302e-01
8.112313937753721227e-01 8.205822613405552302e-01
8.112313937753721227e-01 8.246445497630331412e-01
8.125845737483085029e-01 8.246445497630331412e-01
8.125845737483085029e-01 8.273527420446851188e-01
8.132611637347767486e-01 8.273527420446851188e-01
8.132611637347767486e-01 8.300609343263372075e-01
8.139377537212448832e-01 8.300609343263372075e-01
8.139377537212448832e-01 8.334461746784022074e-01
8.152909336941813745e-01 8.334461746784022074e-01
8.152909336941813745e-01 8.348002708192281407e-01
8.159675236806495091e-01 8.348002708192281407e-01
8.159675236806495091e-01 8.361543669600541850e-01
8.166441136671177548e-01 8.361543669600541850e-01
8.207036535859268955e-01 8.361543669600541850e-01
8.213802435723951412e-01 8.361543669600541850e-01
8.213802435723951412e-01 8.368314150304672072e-01
8.220568335588632758e-01 8.368314150304672072e-01
8.220568335588632758e-01 8.375084631008801184e-01
8.234100135317997671e-01 8.375084631008801184e-01
8.234100135317997671e-01 8.381855111712931405e-01
8.247631935047361473e-01 8.381855111712931405e-01
8.267929634641407732e-01 8.381855111712931405e-01
8.267929634641407732e-01 8.388625592417061627e-01
8.288227334235452881e-01 8.388625592417061627e-01
8.288227334235452881e-01 8.408937034529451182e-01
8.301759133964817794e-01 8.408937034529451182e-01
8.301759133964817794e-01 8.442789438050101181e-01
8.315290933694181597e-01 8.442789438050101181e-01
8.315290933694181597e-01 8.469871360866622068e-01
8.322056833558862943e-01 8.469871360866622068e-01
8.322056833558862943e-01 8.490182802979011623e-01
8.328822733423545399e-01 8.490182802979011623e-01
8.328822733423545399e-01 8.503723764387270956e-01
8.342354533152909202e-01 8.503723764387270956e-01
8.342354533152909202e-01 8.510494245091401178e-01
8.369418132611636807e-01 8.510494245091401178e-01
8.376184032476319263e-01 8.510494245091401178e-01
8.376184032476319263e-01 8.530805687203791843e-01
8.389715832205683066e-01 8.530805687203791843e-01
8.389715832205683066e-01 8.544346648612051176e-01
8.403247631935046869e-01 8.544346648612051176e-01
8.430311231393775584e-01 8.544346648612051176e-01
8.430311231393775584e-01 8.551117129316181398e-01
8.437077131258456930e-01 8.551117129316181398e-01
8.437077131258456930e-01 8.578199052132701175e-01
8.450608930987821843e-01 8.578199052132701175e-01
8.450608930987821843e-01 8.584969532836831396e-01
8.477672530446549448e-01 8.584969532836831396e-01
8.477672530446549448e-01 8.618821936357481395e-01
8.484438430311231905e-01 8.618821936357481395e-01
8.484438430311231905e-01 8.645903859174001171e-01
8.491204330175913251e-01 8.645903859174001171e-01
8.491204330175913251e-01 8.652674339878131393e-01
8.504736129905277053e-01 8.652674339878131393e-01
8.504736129905277053e-01 8.659444820582261615e-01
8.518267929634640856e-01 8.659444820582261615e-01
8.518267929634640856e-01 8.672985781990520948e-01
8.525033829499323312e-01 8.672985781990520948e-01
8.525033829499323312e-01 8.679756262694651170e-01
8.538565629228687115e-01 8.679756262694651170e-01
8.538565629228687115e-01 8.686526743398781392e-01
8.558863328822733374e-01 8.686526743398781392e-01
8.558863328822733374e-01 8.693297224102911613e-01
8.579161028416779633e-01 8.693297224102911613e-01
8.592692828146143436e-01 8.693297224102911613e-01
8.606224627875507238e-01 8.693297224102911613e-01
8.606224627875507238e-01 8.706838185511170947e-01
8.619756427604871041e-01 8.706838185511170947e-01
8.619756427604871041e-01 8.713608666215301168e-01
8.633288227334235954e-01 8.713608666215301168e-01
8.633288227334235954e-01 8.720379146919431390e-01
8.640054127198917300e-01 8.720379146919431390e-01
8.640054127198917300e-01 8.727149627623561612e-01
8.653585926928281102e-01 8.727149627623561612e-01
8.667117726657646015e-01 8.727149627623561612e-01
8.667117726657646015e-01 8.733920108327690723e-01
8.673883626522327361e-01 8.733920108327690723e-01
8.673883626522327361e-01 8.747461069735951167e-01
8.680649526387009818e-01 8.747461069735951167e-01
8.680649526387009818e-01 8.761002031144211610e-01
8.687415426251691164e-01 8.761002031144211610e-01
8.714479025710419879e-01 8.761002031144211610e-01
8.721244925575101226e-01 8.761002031144211610e-01
8.721244925575101226e-01 8.788083953960731387e-01
8.728010825439783682e-01 8.788083953960731387e-01
8.741542625169147485e-01 8.788083953960731387e-01
8.741542625169147485e-01 8.794854434664861609e-01
8.788903924221921349e-01 8.794854434664861609e-01
8.788903924221921349e-01 8.815165876777251164e-01
8.802435723951285151e-01 8.815165876777251164e-01
8.815967523680650064e-01 8.815165876777251164e-01
8.815967523680650064e-01 8.842247799593770941e-01
8.829499323410013867e-01 8.842247799593770941e-01
8.829499323410013867e-01 8.849018280297901162e-01
8.849797023004059016e-01 8.849018280297901162e-01
8.856562922868741472e-01 8.849018280297901162e-01
8.856562922868741472e-01 8.916723087339201159e-01
8.863328822733423928e-01 8.916723087339201159e-01
8.863328822733423928e-01 8.930264048747461603e-01
8.870094722598105275e-01 8.930264048747461603e-01
8.870094722598105275e-01 8.937034529451590714e-01
8.876860622462787731e-01 8.937034529451590714e-01
8.876860622462787731e-01 8.964116452268110491e-01
8.883626522327469077e-01 8.964116452268110491e-01
8.883626522327469077e-01 8.970886932972240713e-01
8.890392422192151534e-01 8.970886932972240713e-01
8.890392422192151534e-01 8.977657413676370934e-01
8.897158322056833990e-01 8.977657413676370934e-01
8.897158322056833990e-01 8.991198375084631378e-01
8.910690121786197793e-01 8.991198375084631378e-01
8.910690121786197793e-01 9.045362220717670931e-01
8.924221921515561595e-01 9.045362220717670931e-01
8.930987821380244052e-01 9.045362220717670931e-01
8.930987821380244052e-01 9.052132701421801153e-01
8.951285520974289200e-01 9.052132701421801153e-01
8.951285520974289200e-01 9.058903182125931375e-01
8.958051420838971657e-01 9.058903182125931375e-01
8.958051420838971657e-01 9.065673662830060486e-01
8.964817320703654113e-01 9.065673662830060486e-01
8.964817320703654113e-01 9.085985104942451152e-01
8.971583220568335459e-01 9.085985104942451152e-01
8.971583220568335459e-01 9.099526066350710485e-01
8.998646820027063065e-01 9.099526066350710485e-01
8.998646820027063065e-01 9.106296547054840707e-01
9.018944519621109324e-01 9.106296547054840707e-01
9.018944519621109324e-01 9.113067027758970928e-01
9.039242219215155583e-01 9.113067027758970928e-01
9.039242219215155583e-01 9.119837508463101150e-01
9.046008119079838039e-01 9.119837508463101150e-01
9.046008119079838039e-01 9.126607989167231372e-01
9.052774018944519385e-01 9.126607989167231372e-01
9.052774018944519385e-01 9.133378469871360483e-01
9.059539918809201842e-01 9.133378469871360483e-01
9.059539918809201842e-01 9.140148950575490705e-01
9.079837618403248101e-01 9.140148950575490705e-01
9.093369418132611903e-01 9.140148950575490705e-01
9.093369418132611903e-01 9.146919431279620927e-01
9.106901217861975706e-01 9.146919431279620927e-01
9.106901217861975706e-01 9.167230873392010482e-01
9.120433017591339508e-01 9.167230873392010482e-01
9.120433017591339508e-01 9.194312796208530258e-01
9.127198917456021965e-01 9.194312796208530258e-01
9.127198917456021965e-01 9.207853757616790702e-01
9.133964817320703311e-01 9.207853757616790702e-01
9.133964817320703311e-01 9.214624238320920924e-01
9.154262516914749570e-01 9.214624238320920924e-01
9.167794316644113373e-01 9.214624238320920924e-01
9.167794316644113373e-01 9.221394719025051145e-01
9.174560216508795829e-01 9.221394719025051145e-01
9.174560216508795829e-01 9.241706161137440700e-01
9.194857916102842088e-01 9.241706161137440700e-01
9.201623815967523434e-01 9.241706161137440700e-01
9.215155615696887237e-01 9.241706161137440700e-01
9.215155615696887237e-01 9.268788083953960477e-01
9.235453315290933496e-01 9.268788083953960477e-01
9.248985115020297298e-01 9.268788083953960477e-01
9.248985115020297298e-01 9.275558564658090699e-01
9.255751014884979755e-01 9.275558564658090699e-01
9.269282814614343557e-01 9.275558564658090699e-01
9.282814614343707360e-01 9.275558564658090699e-01
9.282814614343707360e-01 9.282329045362220921e-01
9.289580514208389816e-01 9.282329045362220921e-01
9.289580514208389816e-01 9.309410968178740697e-01
9.296346414073072273e-01 9.309410968178740697e-01
9.296346414073072273e-01 9.363574813811780251e-01
9.303112313937753619e-01 9.363574813811780251e-01
9.303112313937753619e-01 9.383886255924170916e-01
9.309878213802436075e-01 9.383886255924170916e-01
9.309878213802436075e-01 9.397427217332430249e-01
9.316644113667117422e-01 9.397427217332430249e-01
9.316644113667117422e-01 9.424509140148950026e-01
9.323410013531799878e-01 9.424509140148950026e-01
9.323410013531799878e-01 9.431279620853080248e-01
9.330175913396481224e-01 9.431279620853080248e-01
9.330175913396481224e-01 9.438050101557210469e-01
9.357239512855209940e-01 9.438050101557210469e-01
9.357239512855209940e-01 9.444820582261340691e-01
9.370771312584573742e-01 9.444820582261340691e-01
9.377537212449256199e-01 9.444820582261340691e-01
9.377537212449256199e-01 9.451591062965470913e-01
9.384303112313937545e-01 9.451591062965470913e-01
9.384303112313937545e-01 9.498984427894380245e-01
9.391069012178620001e-01 9.498984427894380245e-01
9.404600811907983804e-01 9.498984427894380245e-01
9.404600811907983804e-01 9.526066350710900021e-01
9.418132611637347607e-01 9.526066350710900021e-01
9.418132611637347607e-01 9.532836831415030243e-01
9.431664411366711409e-01 9.532836831415030243e-01
9.431664411366711409e-01 9.539607312119160465e-01
9.438430311231393866e-01 9.539607312119160465e-01
9.438430311231393866e-01 9.546377792823290687e-01
9.445196211096076322e-01 9.546377792823290687e-01
9.458728010825440125e-01 9.546377792823290687e-01
9.458728010825440125e-01 9.553148273527420908e-01
9.472259810554803927e-01 9.553148273527420908e-01
9.472259810554803927e-01 9.559918754231550020e-01
9.485791610284167730e-01 9.559918754231550020e-01
9.499323410013531532e-01 9.559918754231550020e-01
9.512855209742895335e-01 9.559918754231550020e-01
9.519621109607577791e-01 9.559918754231550020e-01
9.519621109607577791e-01 9.600541638456330240e-01
9.526387009472260248e-01 9.600541638456330240e-01
9.526387009472260248e-01 9.627623561272850017e-01
9.546684709066305397e-01 9.627623561272850017e-01
9.546684709066305397e-01 9.634394041976980239e-01
9.553450608930987853e-01 9.634394041976980239e-01
9.566982408660351656e-01 9.634394041976980239e-01
9.566982408660351656e-01 9.641164522681110460e-01
9.580514208389715458e-01 9.641164522681110460e-01
9.580514208389715458e-01 9.654705484089369794e-01
9.587280108254397915e-01 9.654705484089369794e-01
9.587280108254397915e-01 9.668246445497630237e-01
9.600811907983761717e-01 9.668246445497630237e-01
9.600811907983761717e-01 9.681787406905890681e-01
9.607577807848444174e-01 9.681787406905890681e-01
9.607577807848444174e-01 9.722410291130669791e-01
9.614343707713125520e-01 9.722410291130669791e-01
9.627875507442489322e-01 9.722410291130669791e-01
9.627875507442489322e-01 9.796885578876100009e-01
9.634641407307171779e-01 9.796885578876100009e-01
9.648173207036535581e-01 9.796885578876100009e-01
9.648173207036535581e-01 9.817197020988490674e-01
9.654939106901218038e-01 9.817197020988490674e-01
9.654939106901218038e-01 9.823967501692619786e-01
9.661705006765899384e-01 9.823967501692619786e-01
9.661705006765899384e-01 9.851049424509140673e-01
9.668470906630581840e-01 9.851049424509140673e-01
9.668470906630581840e-01 9.857819905213269784e-01
9.675236806495264297e-01 9.857819905213269784e-01
9.675236806495264297e-01 9.864590385917400006e-01
9.682002706359945643e-01 9.864590385917400006e-01
9.682002706359945643e-01 9.871360866621530228e-01
9.688768606224628099e-01 9.871360866621530228e-01
9.688768606224628099e-01 9.891672308733919783e-01
9.702300405953991902e-01 9.891672308733919783e-01
9.702300405953991902e-01 9.898442789438050005e-01
9.715832205683355705e-01 9.898442789438050005e-01
9.715832205683355705e-01 9.905213270142180226e-01
9.742895805142084420e-01 9.905213270142180226e-01
9.742895805142084420e-01 9.911983750846310448e-01
9.749661705006765766e-01 9.911983750846310448e-01
9.749661705006765766e-01 9.932295192958700003e-01
9.769959404600812025e-01 9.932295192958700003e-01
9.769959404600812025e-01 9.939065673662830225e-01
9.776725304465493371e-01 9.939065673662830225e-01
9.776725304465493371e-01 9.945836154366960447e-01
9.810554803788903433e-01 9.945836154366960447e-01
9.810554803788903433e-01 9.952606635071089558e-01
9.817320703653585889e-01 9.952606635071089558e-01
9.830852503382949692e-01 9.952606635071089558e-01
9.830852503382949692e-01 9.959377115775219780e-01
9.837618403247632148e-01 9.959377115775219780e-01
9.851150202976995951e-01 9.959377115775219780e-01
9.864682002706359754e-01 9.959377115775219780e-01
9.864682002706359754e-01 9.966147596479350002e-01
9.878213802435723556e-01 9.966147596479350002e-01
9.891745602165088469e-01 9.966147596479350002e-01
9.905277401894452272e-01 9.966147596479350002e-01
9.918809201623816074e-01 9.966147596479350002e-01
9.918809201623816074e-01 9.972918077183480223e-01
9.932341001353179877e-01 9.972918077183480223e-01
9.932341001353179877e-01 9.986459038591739557e-01
9.952638700947226136e-01 9.986459038591739557e-01
9.952638700947226136e-01 9.993229519295869778e-01
9.966170500676589938e-01 9.993229519295869778e-01
9.979702300405953741e-01 9.993229519295869778e-01
9.993234100135317544e-01 9.993229519295869778e-01
9.993234100135317544e-01 1.000000000000000000e+00
1.000000000000000000e+00 1.000000000000000000e+00
