# auc=0.772
# acc=0.698
0.000000000000000000e+00 0.000000000000000000e+00
0.000000000000000000e+00 1.354096140825998594e-03
0.000000000000000000e+00 1.780636425186188088e-01
6.765899864682003214e-04 1.780636425186188088e-01
6.765899864682003214e-04 1.787406905890318309e-01
1.353179972936400643e-03 1.787406905890318309e-01
1.353179972936400643e-03 2.092078537576168018e-01
2.706359945872801286e-03 2.092078537576168018e-01
2.706359945872801286e-03 2.227488151658767734e-01
3.382949932341001390e-03 2.227488151658767734e-01
3.382949932341001390e-03 2.444143534190927614e-01
4.059539918809201495e-03 2.444143534190927614e-01
4.059539918809201495e-03 2.450914014895057558e-01
5.412719891745602571e-03 2.450914014895057558e-01
5.412719891745602571e-03 2.471225457007447390e-01
6.089309878213802242e-03 2.471225457007447390e-01
6.089309878213802242e-03 2.532159783344617443e-01
6.765899864682002780e-03 2.532159783344617443e-01
6.765899864682002780e-03 2.545700744752877331e-01
8.795669824086603528e-03 2.545700744752877331e-01
8.795669824086603528e-03 2.586323628977657552e-01
9.472259810554804066e-03 2.586323628977657552e-01
9.472259810554804066e-03 2.687880839539607547e-01
1.082543978349120514e-02 2.687880839539607547e-01
1.082543978349120514e-02 2.735274204468517434e-01
1.150202976995940395e-02 2.735274204468517434e-01
1.150202976995940395e-02 2.782667569397427321e-01
1.217861975642760448e-02 2.782667569397427321e-01
1.217861975642760448e-02 2.850372376438727318e-01
1.285520974289580502e-02 2.850372376438727318e-01
1.285520974289580502e-02 2.904536222071766871e-01
1.353179972936400556e-02 2.904536222071766871e-01
1.353179972936400556e-02 2.965470548408937201e-01
1.488497970230040664e-02 2.965470548408937201e-01
1.488497970230040664e-02 2.979011509817197090e-01
1.556156968876860544e-02 2.979011509817197090e-01
1.556156968876860544e-02 3.046716316858497087e-01
1.623815967523680598e-02 3.046716316858497087e-01
1.623815967523680598e-02 3.134732566012186639e-01
1.691474966170500652e-02 3.134732566012186639e-01
1.691474966170500652e-02 3.155044008124576749e-01
1.826792963464140759e-02 3.155044008124576749e-01
1.826792963464140759e-02 3.222748815165876746e-01
1.894451962110960813e-02 3.222748815165876746e-01
1.894451962110960813e-02 3.297224102911306964e-01
1.962110960757780867e-02 3.297224102911306964e-01
1.962110960757780867e-02 3.317535545023696519e-01
2.029769959404600921e-02 3.317535545023696519e-01
2.029769959404600921e-02 3.351387948544346518e-01
2.097428958051420975e-02 3.351387948544346518e-01
2.097428958051420975e-02 3.392010832769126738e-01
2.165087956698241028e-02 3.392010832769126738e-01
2.165087956698241028e-02 3.398781313473256405e-01
2.232746955345060735e-02 3.398781313473256405e-01
2.232746955345060735e-02 3.405551794177386626e-01
2.368064952638700843e-02 3.405551794177386626e-01
2.368064952638700843e-02 3.439404197698036625e-01
2.435723951285520897e-02 3.439404197698036625e-01
2.435723951285520897e-02 3.466486120514556402e-01
2.503382949932340951e-02 3.466486120514556402e-01
2.503382949932340951e-02 3.486797562626946512e-01
2.571041948579161004e-02 3.486797562626946512e-01
2.571041948579161004e-02 3.520649966147596510e-01
2.706359945872801112e-02 3.520649966147596510e-01
2.706359945872801112e-02 3.554502369668246509e-01
2.774018944519621166e-02 3.554502369668246509e-01
2.774018944519621166e-02 3.656059580230196504e-01
2.841677943166441220e-02 3.656059580230196504e-01
2.841677943166441220e-02 3.676371022342586059e-01
2.976995940460081327e-02 3.676371022342586059e-01
2.976995940460081327e-02 3.689911983750846503e-01
3.179972936400541489e-02 3.689911983750846503e-01
3.179972936400541489e-02 3.744075829383886056e-01
3.247631935047361196e-02 3.744075829383886056e-01
3.247631935047361196e-02 3.764387271496276166e-01
3.315290933694181597e-02 3.764387271496276166e-01
3.315290933694181597e-02 3.798239675016926165e-01
3.382949932341001303e-02 3.798239675016926165e-01
3.382949932341001303e-02 3.838862559241706385e-01
3.450608930987821704e-02 3.838862559241706385e-01
3.450608930987821704e-02 3.852403520649966273e-01
3.585926928281461118e-02 3.852403520649966273e-01
3.585926928281461118e-02 3.859174001354095940e-01
3.721244925575101226e-02 3.859174001354095940e-01
3.721244925575101226e-02 3.960731211916045935e-01
3.856562922868741333e-02 3.960731211916045935e-01
3.856562922868741333e-02 3.967501692620176157e-01
3.991880920162381441e-02 3.967501692620176157e-01
3.991880920162381441e-02 3.981042654028436045e-01
4.127198917456021549e-02 3.981042654028436045e-01
4.127198917456021549e-02 3.987813134732566267e-01
4.194857916102841949e-02 3.987813134732566267e-01
4.194857916102841949e-02 4.001354096140826155e-01
4.262516914749661656e-02 4.001354096140826155e-01
4.262516914749661656e-02 4.008124576844955822e-01
4.330175913396482057e-02 4.008124576844955822e-01
4.465493910690121471e-02 4.008124576844955822e-01
4.465493910690121471e-02 4.021665538253215710e-01
4.533152909336941871e-02 4.021665538253215710e-01
4.533152909336941871e-02 4.028436018957345932e-01
4.600811907983761578e-02 4.028436018957345932e-01
4.600811907983761578e-02 4.041976980365605820e-01
4.736129905277401686e-02 4.041976980365605820e-01
4.736129905277401686e-02 4.069058903182126152e-01
4.803788903924222087e-02 4.069058903182126152e-01
4.803788903924222087e-02 4.096140825998645929e-01
4.939106901217862194e-02 4.096140825998645929e-01
4.939106901217862194e-02 4.197698036560595924e-01
5.006765899864681901e-02 4.197698036560595924e-01
5.006765899864681901e-02 4.231550440081245923e-01
5.209742895805142410e-02 4.231550440081245923e-01
5.209742895805142410e-02 4.238320920785375590e-01
5.277401894451962117e-02 4.238320920785375590e-01
5.277401894451962117e-02 4.245091401489505811e-01
5.345060893098781823e-02 4.245091401489505811e-01
5.345060893098781823e-02 4.251861882193635478e-01
5.412719891745602224e-02 4.251861882193635478e-01
5.412719891745602224e-02 4.285714285714285476e-01
5.548037889039242332e-02 4.285714285714285476e-01
5.548037889039242332e-02 4.326337169939065697e-01
5.615696887686062039e-02 4.326337169939065697e-01
5.615696887686062039e-02 4.360189573459715695e-01
5.683355886332882440e-02 4.360189573459715695e-01
5.683355886332882440e-02 4.366960054163845362e-01
5.751014884979702146e-02 4.366960054163845362e-01
5.751014884979702146e-02 4.380501015572105805e-01
5.818673883626522547e-02 4.380501015572105805e-01
5.818673883626522547e-02 4.387271496276235472e-01
5.953991880920162655e-02 4.387271496276235472e-01
5.953991880920162655e-02 4.394041976980365694e-01
6.021650879566982362e-02 4.394041976980365694e-01
6.156968876860622469e-02 4.394041976980365694e-01
6.292286874154262577e-02 4.394041976980365694e-01
6.292286874154262577e-02 4.407582938388625582e-01
6.359945872801082978e-02 4.407582938388625582e-01
6.359945872801082978e-02 4.414353419092755804e-01
6.427604871447901991e-02 4.414353419092755804e-01
6.427604871447901991e-02 4.434664861205145359e-01
6.495263870094722392e-02 4.434664861205145359e-01
6.495263870094722392e-02 4.441435341909275580e-01
6.562922868741542792e-02 4.441435341909275580e-01
6.562922868741542792e-02 4.454976303317535469e-01
6.630581867388363193e-02 4.454976303317535469e-01
6.630581867388363193e-02 4.461746784021665690e-01
6.698240866035182206e-02 4.461746784021665690e-01
6.833558863328823008e-02 4.461746784021665690e-01
6.833558863328823008e-02 4.475287745429925579e-01
6.901217861975643408e-02 4.475287745429925579e-01
6.901217861975643408e-02 4.502369668246445356e-01
6.968876860622462421e-02 4.502369668246445356e-01
6.968876860622462421e-02 4.515910629654705244e-01
7.104194857916103223e-02 4.515910629654705244e-01
7.239512855209742637e-02 4.515910629654705244e-01
7.239512855209742637e-02 4.529451591062965687e-01
7.307171853856563037e-02 4.529451591062965687e-01
7.307171853856563037e-02 4.549763033175355242e-01
7.442489851150202451e-02 4.549763033175355242e-01
7.442489851150202451e-02 4.597156398104265129e-01
7.780784844384303067e-02 4.597156398104265129e-01
7.780784844384303067e-02 4.603926878808395351e-01
7.848443843031123468e-02 4.603926878808395351e-01
7.848443843031123468e-02 4.610697359512525573e-01
8.051420838971583283e-02 4.610697359512525573e-01
8.051420838971583283e-02 4.617467840216655239e-01
8.186738836265222696e-02 4.617467840216655239e-01
8.186738836265222696e-02 4.671631685849695348e-01
8.254397834912043097e-02 4.671631685849695348e-01
8.254397834912043097e-02 4.678402166553825570e-01
8.322056833558863498e-02 4.678402166553825570e-01
8.322056833558863498e-02 4.691943127962085458e-01
8.389715832205683899e-02 4.691943127962085458e-01
8.389715832205683899e-02 4.712254570074475013e-01
8.660351826792964114e-02 4.712254570074475013e-01
8.795669824086603528e-02 4.712254570074475013e-01
8.998646820027063342e-02 4.712254570074475013e-01
8.998646820027063342e-02 4.732566012186865123e-01
9.066305818673883743e-02 4.732566012186865123e-01
9.066305818673883743e-02 4.739336492890995345e-01
9.133964817320704144e-02 4.739336492890995345e-01
9.133964817320704144e-02 4.759647935003385455e-01
9.201623815967523157e-02 4.759647935003385455e-01
9.201623815967523157e-02 4.800270819228165120e-01
9.336941813261163958e-02 4.800270819228165120e-01
9.336941813261163958e-02 4.813811780636425008e-01
9.607577807848444174e-02 4.813811780636425008e-01
9.742895805142083587e-02 4.813811780636425008e-01
9.742895805142083587e-02 4.820582261340555230e-01
9.878213802435724389e-02 4.820582261340555230e-01
9.878213802435724389e-02 4.827352742044684897e-01
9.945872801082543402e-02 4.827352742044684897e-01
9.945872801082543402e-02 4.834123222748815119e-01
1.001353179972936380e-01 4.834123222748815119e-01
1.001353179972936380e-01 4.840893703452945340e-01
1.008119079837618420e-01 4.840893703452945340e-01
1.008119079837618420e-01 4.854434664861205229e-01
1.021650879566982362e-01 4.854434664861205229e-01
1.028416779431664402e-01 4.854434664861205229e-01
1.041948579161028482e-01 4.854434664861205229e-01
1.055480378890392423e-01 4.854434664861205229e-01
1.055480378890392423e-01 4.861205145565334895e-01
1.062246278755074463e-01 4.861205145565334895e-01
1.062246278755074463e-01 4.867975626269465117e-01
1.075778078484438405e-01 4.867975626269465117e-01
1.075778078484438405e-01 4.895057549085984894e-01
1.082543978349120445e-01 4.895057549085984894e-01
1.082543978349120445e-01 4.908598510494245337e-01
1.096075778078484386e-01 4.908598510494245337e-01
1.096075778078484386e-01 4.915368991198375004e-01
1.102841677943166426e-01 4.915368991198375004e-01
1.102841677943166426e-01 4.922139471902505226e-01
1.109607577807848466e-01 4.922139471902505226e-01
1.109607577807848466e-01 4.942450914014894781e-01
1.123139377537212408e-01 4.942450914014894781e-01
1.123139377537212408e-01 4.962762356127284891e-01
1.136671177266576488e-01 4.962762356127284891e-01
1.136671177266576488e-01 4.969532836831415112e-01
1.143437077131258389e-01 4.969532836831415112e-01
1.143437077131258389e-01 4.976303317535544779e-01
1.150202976995940429e-01 4.976303317535544779e-01
1.150202976995940429e-01 4.983073798239675001e-01
1.156968876860622469e-01 4.983073798239675001e-01
1.156968876860622469e-01 5.030467163168584888e-01
1.170500676589986411e-01 5.030467163168584888e-01
1.170500676589986411e-01 5.050778605280974443e-01
1.177266576454668451e-01 5.050778605280974443e-01
1.177266576454668451e-01 5.057549085985104664e-01
1.190798376184032531e-01 5.057549085985104664e-01
1.190798376184032531e-01 5.071090047393365108e-01
1.197564276048714432e-01 5.071090047393365108e-01
1.197564276048714432e-01 5.084631008801624441e-01
1.211096075778078512e-01 5.084631008801624441e-01
1.211096075778078512e-01 5.125253893026404661e-01
1.217861975642760552e-01 5.125253893026404661e-01
1.217861975642760552e-01 5.132024373730534883e-01
1.231393775372124494e-01 5.132024373730534883e-01
1.231393775372124494e-01 5.145565335138795326e-01
1.238159675236806534e-01 5.145565335138795326e-01
1.238159675236806534e-01 5.152335815842924438e-01
1.244925575101488435e-01 5.152335815842924438e-01
1.244925575101488435e-01 5.159106296547054660e-01
1.258457374830852515e-01 5.159106296547054660e-01
1.258457374830852515e-01 5.199729180771834880e-01
1.285520974289580398e-01 5.199729180771834880e-01
1.285520974289580398e-01 5.206499661475965102e-01
1.299052774018944478e-01 5.206499661475965102e-01
1.299052774018944478e-01 5.213270142180095323e-01
1.305818673883626657e-01 5.213270142180095323e-01
1.305818673883626657e-01 5.226811103588354657e-01
1.326116373477672639e-01 5.226811103588354657e-01
1.339648173207036441e-01 5.226811103588354657e-01
1.339648173207036441e-01 5.247122545700744212e-01
1.346414073071718620e-01 5.247122545700744212e-01
1.346414073071718620e-01 5.260663507109004655e-01
1.353179972936400521e-01 5.260663507109004655e-01
1.353179972936400521e-01 5.274204468517265099e-01
1.359945872801082423e-01 5.274204468517265099e-01
1.359945872801082423e-01 5.280974949221394210e-01
1.373477672530446503e-01 5.280974949221394210e-01
1.373477672530446503e-01 5.314827352742044209e-01
1.393775372124492484e-01 5.314827352742044209e-01
1.393775372124492484e-01 5.328368314150304652e-01
1.400541271989174663e-01 5.328368314150304652e-01
1.400541271989174663e-01 5.355450236966824429e-01
1.414073071718538466e-01 5.355450236966824429e-01
1.414073071718538466e-01 5.368991198375084872e-01
1.420838971583220645e-01 5.368991198375084872e-01
1.441136671177266626e-01 5.368991198375084872e-01
1.447902571041948527e-01 5.368991198375084872e-01
1.447902571041948527e-01 5.375761679079215094e-01
1.461434370771312607e-01 5.375761679079215094e-01
1.495263870094722669e-01 5.375761679079215094e-01
1.495263870094722669e-01 5.382532159783344206e-01
1.508795669824086472e-01 5.382532159783344206e-01
1.508795669824086472e-01 5.389302640487474427e-01
1.515561569688768651e-01 5.389302640487474427e-01
1.515561569688768651e-01 5.416384563303994204e-01
1.535859269282814632e-01 5.416384563303994204e-01
1.535859269282814632e-01 5.423155044008124426e-01
1.542625169147496533e-01 5.423155044008124426e-01
1.542625169147496533e-01 5.429925524712254647e-01
1.549391069012178712e-01 5.429925524712254647e-01
1.549391069012178712e-01 5.443466486120515091e-01
1.576454668470906595e-01 5.443466486120515091e-01
1.576454668470906595e-01 5.450236966824644202e-01
1.583220568335588496e-01 5.450236966824644202e-01
1.583220568335588496e-01 5.463777928232904646e-01
1.589986468200270675e-01 5.463777928232904646e-01
1.589986468200270675e-01 5.477318889641163979e-01
1.596752368064952576e-01 5.477318889641163979e-01
1.596752368064952576e-01 5.490859851049424423e-01
1.617050067658998558e-01 5.490859851049424423e-01
1.623815967523680737e-01 5.490859851049424423e-01
1.623815967523680737e-01 5.497630331753554644e-01
1.630581867388362638e-01 5.497630331753554644e-01
1.630581867388362638e-01 5.504400812457684866e-01
1.650879566982408619e-01 5.504400812457684866e-01
1.650879566982408619e-01 5.517941773865944199e-01
1.664411366711772700e-01 5.517941773865944199e-01
1.691474966170500582e-01 5.517941773865944199e-01
1.698240866035182761e-01 5.517941773865944199e-01
1.698240866035182761e-01 5.545023696682463976e-01
1.711772665764546564e-01 5.545023696682463976e-01
1.711772665764546564e-01 5.565335138794854641e-01
1.718538565629228743e-01 5.565335138794854641e-01
1.718538565629228743e-01 5.572105619498984863e-01
1.732070365358592823e-01 5.572105619498984863e-01
1.738836265223274724e-01 5.572105619498984863e-01
1.738836265223274724e-01 5.578876100203113975e-01
1.752368064952638804e-01 5.578876100203113975e-01
1.752368064952638804e-01 5.585646580907244196e-01
1.772665764546684786e-01 5.585646580907244196e-01
1.772665764546684786e-01 5.605958023019634862e-01
1.786197564276048588e-01 5.605958023019634862e-01
1.792963464140730767e-01 5.605958023019634862e-01
1.792963464140730767e-01 5.619498984427894195e-01
1.806495263870094847e-01 5.619498984427894195e-01
1.806495263870094847e-01 5.639810426540284860e-01
1.813261163734776749e-01 5.639810426540284860e-01
1.813261163734776749e-01 5.646580907244413972e-01
1.826792963464140829e-01 5.646580907244413972e-01
1.826792963464140829e-01 5.660121868652674415e-01
1.833558863328822730e-01 5.660121868652674415e-01
1.833558863328822730e-01 5.687203791469194192e-01
1.847090663058186810e-01 5.687203791469194192e-01
1.847090663058186810e-01 5.693974272173324414e-01
1.853856562922868711e-01 5.693974272173324414e-01
1.853856562922868711e-01 5.700744752877454635e-01
1.867388362652232792e-01 5.700744752877454635e-01
1.880920162381596872e-01 5.700744752877454635e-01
1.880920162381596872e-01 5.707515233581583747e-01
1.887686062246278773e-01 5.707515233581583747e-01
1.887686062246278773e-01 5.721056194989844190e-01
1.901217861975642853e-01 5.721056194989844190e-01
1.901217861975642853e-01 5.727826675693974412e-01
1.907983761840324755e-01 5.727826675693974412e-01
1.907983761840324755e-01 5.761679079214624410e-01
1.921515561569688835e-01 5.761679079214624410e-01
1.921515561569688835e-01 5.775220040622883744e-01
1.928281461434370736e-01 5.775220040622883744e-01
1.928281461434370736e-01 5.788761002031144187e-01
1.941813261163734816e-01 5.788761002031144187e-01
1.941813261163734816e-01 5.795531482735274409e-01
1.955345060893098896e-01 5.795531482735274409e-01
1.955345060893098896e-01 5.802301963439404631e-01
1.968876860622462699e-01 5.802301963439404631e-01
1.968876860622462699e-01 5.809072444143533742e-01
1.975642760487144878e-01 5.809072444143533742e-01
1.975642760487144878e-01 5.815842924847663964e-01
1.995940460081190859e-01 5.815842924847663964e-01
1.995940460081190859e-01 5.822613405551794186e-01
2.002706359945872761e-01 5.822613405551794186e-01
2.002706359945872761e-01 5.829383886255924407e-01
2.016238159675236841e-01 5.829383886255924407e-01
2.016238159675236841e-01 5.863236289776574406e-01
2.043301759133964723e-01 5.863236289776574406e-01
2.043301759133964723e-01 5.876777251184833739e-01
2.050067658998646902e-01 5.876777251184833739e-01
2.050067658998646902e-01 5.883547731888963961e-01
2.056833558863328804e-01 5.883547731888963961e-01
2.056833558863328804e-01 5.903859174001354626e-01
2.063599458728010705e-01 5.903859174001354626e-01
2.063599458728010705e-01 5.917400135409613959e-01
2.077131258457374785e-01 5.917400135409613959e-01
2.083897158322056964e-01 5.917400135409613959e-01
2.097428958051420766e-01 5.917400135409613959e-01
2.104194857916102945e-01 5.917400135409613959e-01
2.104194857916102945e-01 5.924170616113744181e-01
2.110960757780784847e-01 5.924170616113744181e-01
2.110960757780784847e-01 5.937711577522003514e-01
2.117726657645466748e-01 5.937711577522003514e-01
2.117726657645466748e-01 5.944482058226133736e-01
2.131258457374830828e-01 5.944482058226133736e-01
2.138024357239512729e-01 5.944482058226133736e-01
2.138024357239512729e-01 5.951252538930263958e-01
2.144790257104194908e-01 5.951252538930263958e-01
2.144790257104194908e-01 5.964793500338524401e-01
2.151556156968876810e-01 5.964793500338524401e-01
2.151556156968876810e-01 5.971563981042653513e-01
2.165087956698240890e-01 5.971563981042653513e-01
2.165087956698240890e-01 5.985104942450913956e-01
2.171853856562922791e-01 5.985104942450913956e-01
2.171853856562922791e-01 5.998645903859174400e-01
2.178619756427604970e-01 5.998645903859174400e-01
2.192151556156968772e-01 5.998645903859174400e-01
2.192151556156968772e-01 6.032498307379824398e-01
2.219215155615696933e-01 6.032498307379824398e-01
2.219215155615696933e-01 6.039268788083953510e-01
2.225981055480378834e-01 6.039268788083953510e-01
2.239512855209742914e-01 6.039268788083953510e-01
2.246278755074424816e-01 6.039268788083953510e-01
2.246278755074424816e-01 6.046039268788083731e-01
2.280108254397834877e-01 6.046039268788083731e-01
2.280108254397834877e-01 6.059580230196344175e-01
2.286874154262516778e-01 6.059580230196344175e-01
2.286874154262516778e-01 6.066350710900474397e-01
2.293640054127198957e-01 6.066350710900474397e-01
2.293640054127198957e-01 6.086662153012863952e-01
2.307171853856563037e-01 6.086662153012863952e-01
2.320703653585926840e-01 6.086662153012863952e-01
2.320703653585926840e-01 6.093432633716994173e-01
2.334235453315290920e-01 6.093432633716994173e-01
2.347767253044655000e-01 6.093432633716994173e-01
2.354533152909336902e-01 6.093432633716994173e-01
2.354533152909336902e-01 6.106973595125253507e-01
2.374830852503382883e-01 6.106973595125253507e-01
2.374830852503382883e-01 6.113744075829383728e-01
2.381596752368065062e-01 6.113744075829383728e-01
2.381596752368065062e-01 6.120514556533513950e-01
2.395128552097428865e-01 6.120514556533513950e-01
2.395128552097428865e-01 6.127285037237644172e-01
2.449255751014884908e-01 6.127285037237644172e-01
2.449255751014884908e-01 6.134055517941774394e-01
2.462787550744248988e-01 6.134055517941774394e-01
2.462787550744248988e-01 6.140825998645903505e-01
2.469553450608930889e-01 6.140825998645903505e-01
2.469553450608930889e-01 6.154366960054163949e-01
2.476319350473613068e-01 6.154366960054163949e-01
2.476319350473613068e-01 6.161137440758294170e-01
2.483085250338294969e-01 6.161137440758294170e-01
2.483085250338294969e-01 6.181448882870683725e-01
2.489851150202976870e-01 6.181448882870683725e-01
2.489851150202976870e-01 6.201760324983073280e-01
2.503382949932341228e-01 6.201760324983073280e-01
2.503382949932341228e-01 6.208530805687203502e-01
2.510148849797023130e-01 6.208530805687203502e-01
2.510148849797023130e-01 6.228842247799594167e-01
2.516914749661705031e-01 6.228842247799594167e-01
2.516914749661705031e-01 6.235612728503723279e-01
2.523680649526386932e-01 6.235612728503723279e-01
2.523680649526386932e-01 6.255924170616113944e-01
2.537212449255751290e-01 6.255924170616113944e-01
2.537212449255751290e-01 6.269465132024373277e-01
2.543978349120433191e-01 6.269465132024373277e-01
2.557510148849796994e-01 6.269465132024373277e-01
2.564276048714478895e-01 6.269465132024373277e-01
2.564276048714478895e-01 6.283006093432633721e-01
2.584573748308525154e-01 6.283006093432633721e-01
2.584573748308525154e-01 6.289776574136763942e-01
2.591339648173207055e-01 6.289776574136763942e-01
2.591339648173207055e-01 6.296547054840894164e-01
2.598105548037888957e-01 6.296547054840894164e-01
2.611637347767253314e-01 6.296547054840894164e-01
2.611637347767253314e-01 6.303317535545023276e-01
2.638700947225980920e-01 6.303317535545023276e-01
2.638700947225980920e-01 6.316858496953283719e-01
2.645466847090662821e-01 6.316858496953283719e-01
2.645466847090662821e-01 6.330399458361544163e-01
2.652232746955345277e-01 6.330399458361544163e-01
2.652232746955345277e-01 6.343940419769803496e-01
2.665764546684709080e-01 6.343940419769803496e-01
2.706359945872801043e-01 6.343940419769803496e-01
2.706359945872801043e-01 6.357481381178063939e-01
2.713125845737482944e-01 6.357481381178063939e-01
2.713125845737482944e-01 6.364251861882194161e-01
2.719891745602164845e-01 6.364251861882194161e-01
2.733423545331529203e-01 6.364251861882194161e-01
2.746955345060893006e-01 6.364251861882194161e-01
2.746955345060893006e-01 6.384563303994583716e-01
2.760487144790257363e-01 6.384563303994583716e-01
2.760487144790257363e-01 6.398104265402843049e-01
2.767253044654939265e-01 6.398104265402843049e-01
2.767253044654939265e-01 6.411645226811103493e-01
2.780784844384303067e-01 6.411645226811103493e-01
2.814614343707713129e-01 6.411645226811103493e-01
2.814614343707713129e-01 6.418415707515233715e-01
2.828146143437076931e-01 6.418415707515233715e-01
2.828146143437076931e-01 6.431956668923493048e-01
2.834912043301759388e-01 6.431956668923493048e-01
2.834912043301759388e-01 6.445497630331753491e-01
2.848443843031123190e-01 6.445497630331753491e-01
2.875507442489851351e-01 6.445497630331753491e-01
2.875507442489851351e-01 6.452268111035883713e-01
2.889039242219215153e-01 6.452268111035883713e-01
2.889039242219215153e-01 6.459038591740013935e-01
2.895805142083897055e-01 6.459038591740013935e-01
2.895805142083897055e-01 6.465809072444143046e-01
2.936400541271989018e-01 6.465809072444143046e-01
2.936400541271989018e-01 6.499661475964793045e-01
2.949932341001353375e-01 6.499661475964793045e-01
2.949932341001353375e-01 6.513202437373053488e-01
2.963464140730717178e-01 6.513202437373053488e-01
2.963464140730717178e-01 6.519972918077183710e-01
2.990527740189445338e-01 6.519972918077183710e-01
2.990527740189445338e-01 6.540284360189573265e-01
2.997293640054127239e-01 6.540284360189573265e-01
2.997293640054127239e-01 6.553825321597833709e-01
3.010825439783491042e-01 6.553825321597833709e-01
3.010825439783491042e-01 6.560595802301963930e-01
3.017591339648172943e-01 6.560595802301963930e-01
3.017591339648172943e-01 6.580907244414353485e-01
3.024357239512855400e-01 6.580907244414353485e-01
3.024357239512855400e-01 6.587677725118483707e-01
3.037889039242219202e-01 6.587677725118483707e-01
3.037889039242219202e-01 6.614759647935003484e-01
3.044654939106901104e-01 6.614759647935003484e-01
3.044654939106901104e-01 6.641841570751523260e-01
3.051420838971583005e-01 6.641841570751523260e-01
3.051420838971583005e-01 6.648612051455653482e-01
3.078484438430311165e-01 6.648612051455653482e-01
3.098782138024357424e-01 6.648612051455653482e-01
3.112313937753721227e-01 6.648612051455653482e-01
3.119079837618403128e-01 6.648612051455653482e-01
3.119079837618403128e-01 6.655382532159783704e-01
3.125845737483085029e-01 6.655382532159783704e-01
3.125845737483085029e-01 6.675693974272173259e-01
3.139377537212449387e-01 6.675693974272173259e-01
3.139377537212449387e-01 6.689234935680433702e-01
3.152909336941813190e-01 6.689234935680433702e-01
3.152909336941813190e-01 6.696005416384562814e-01
3.173207036535859449e-01 6.696005416384562814e-01
3.179972936400541350e-01 6.696005416384562814e-01
3.179972936400541350e-01 6.716316858496953479e-01
3.193504736129905153e-01 6.716316858496953479e-01
3.193504736129905153e-01 6.729857819905212812e-01
3.200270635994587054e-01 6.729857819905212812e-01
3.200270635994587054e-01 6.750169262017603478e-01
3.213802435723951412e-01 6.750169262017603478e-01
3.213802435723951412e-01 6.770480704129993033e-01
3.220568335588633313e-01 6.770480704129993033e-01
3.220568335588633313e-01 6.784021665538253476e-01
3.234100135317997116e-01 6.784021665538253476e-01
3.234100135317997116e-01 6.797562626946512809e-01
3.240866035182679572e-01 6.797562626946512809e-01
3.240866035182679572e-01 6.804333107650643031e-01
3.254397834912043375e-01 6.804333107650643031e-01
3.254397834912043375e-01 6.838185511171293030e-01
3.261163734776725276e-01 6.838185511171293030e-01
3.261163734776725276e-01 6.865267433987812806e-01
3.274695534506089079e-01 6.865267433987812806e-01
3.274695534506089079e-01 6.872037914691943028e-01
3.288227334235453436e-01 6.872037914691943028e-01
3.288227334235453436e-01 6.878808395396073250e-01
3.294993234100135338e-01 6.878808395396073250e-01
3.322056833558863498e-01 6.878808395396073250e-01
3.322056833558863498e-01 6.912660798916723248e-01
3.328822733423545399e-01 6.912660798916723248e-01
3.328822733423545399e-01 6.926201760324982581e-01
3.342354533152909202e-01 6.926201760324982581e-01
3.349120433017591103e-01 6.926201760324982581e-01
3.362652232746955461e-01 6.926201760324982581e-01
3.362652232746955461e-01 6.946513202437373247e-01
3.382949932341001165e-01 6.946513202437373247e-01
3.382949932341001165e-01 6.960054163845632580e-01
3.389715832205683621e-01 6.960054163845632580e-01
3.389715832205683621e-01 6.966824644549762802e-01
3.403247631935047424e-01 6.966824644549762802e-01
3.416779431664411226e-01 6.966824644549762802e-01
3.423545331529093128e-01 6.966824644549762802e-01
3.450608930987821288e-01 6.966824644549762802e-01
3.457374830852503189e-01 6.966824644549762802e-01
3.457374830852503189e-01 6.973595125253893023e-01
3.497970230040595152e-01 6.973595125253893023e-01
3.497970230040595152e-01 6.987136086662153467e-01
3.511502029769959510e-01 6.987136086662153467e-01
3.511502029769959510e-01 6.993906567366282578e-01
3.518267929634641411e-01 6.993906567366282578e-01
3.518267929634641411e-01 7.000677048070412800e-01
3.525033829499323312e-01 7.000677048070412800e-01
3.525033829499323312e-01 7.020988490182803465e-01
3.538565629228687670e-01 7.020988490182803465e-01
3.538565629228687670e-01 7.027758970886932577e-01
3.558863328822733374e-01 7.027758970886932577e-01
3.558863328822733374e-01 7.041299932295193020e-01
3.565629228687415275e-01 7.041299932295193020e-01
3.565629228687415275e-01 7.048070412999323242e-01
3.579161028416779633e-01 7.048070412999323242e-01
3.579161028416779633e-01 7.061611374407582575e-01
3.585926928281461534e-01 7.061611374407582575e-01
3.585926928281461534e-01 7.095463777928232574e-01
3.592692828146143436e-01 7.095463777928232574e-01
3.592692828146143436e-01 7.136086662153012794e-01
3.599458728010825337e-01 7.136086662153012794e-01
3.599458728010825337e-01 7.142857142857143016e-01
3.606224627875507238e-01 7.142857142857143016e-01
3.633288227334235398e-01 7.142857142857143016e-01
3.640054127198917300e-01 7.142857142857143016e-01
3.653585926928281657e-01 7.142857142857143016e-01
3.660351826792963559e-01 7.142857142857143016e-01
3.660351826792963559e-01 7.156398104265402349e-01
3.667117726657645460e-01 7.156398104265402349e-01
3.667117726657645460e-01 7.163168584969532571e-01
3.680649526387009263e-01 7.163168584969532571e-01
3.680649526387009263e-01 7.183480027081923236e-01
3.694181326116373620e-01 7.183480027081923236e-01
3.694181326116373620e-01 7.190250507786052347e-01
3.700947225981055522e-01 7.190250507786052347e-01
3.700947225981055522e-01 7.197020988490182569e-01
3.728010825439783682e-01 7.197020988490182569e-01
3.728010825439783682e-01 7.203791469194312791e-01
3.734776725304465583e-01 7.203791469194312791e-01
3.734776725304465583e-01 7.230873392010832568e-01
3.741542625169147485e-01 7.230873392010832568e-01
3.741542625169147485e-01 7.251184834123223233e-01
3.755074424898511287e-01 7.251184834123223233e-01
3.755074424898511287e-01 7.285037237643873231e-01
3.761840324763193744e-01 7.285037237643873231e-01
3.761840324763193744e-01 7.305348679756262786e-01
3.782138024357239448e-01 7.305348679756262786e-01
3.782138024357239448e-01 7.345971563981043007e-01
3.795669824086603250e-01 7.345971563981043007e-01
3.809201623815967608e-01 7.345971563981043007e-01
3.822733423545331410e-01 7.345971563981043007e-01
3.843031123139377669e-01 7.345971563981043007e-01
3.843031123139377669e-01 7.359512525389302340e-01
3.863328822733423373e-01 7.359512525389302340e-01
3.863328822733423373e-01 7.366283006093432562e-01
3.870094722598105275e-01 7.366283006093432562e-01
3.870094722598105275e-01 7.373053486797562783e-01
3.876860622462787731e-01 7.373053486797562783e-01
3.876860622462787731e-01 7.386594448205822117e-01
3.883626522327469632e-01 7.386594448205822117e-01
3.883626522327469632e-01 7.393364928909952338e-01
3.897158322056833435e-01 7.393364928909952338e-01
3.897158322056833435e-01 7.406905890318212782e-01
3.910690121786197793e-01 7.406905890318212782e-01
3.910690121786197793e-01 7.447528774542993002e-01
3.930987821380243497e-01 7.447528774542993002e-01
3.930987821380243497e-01 7.454299255247122113e-01
3.944519621109607854e-01 7.454299255247122113e-01
3.944519621109607854e-01 7.467840216655382557e-01
3.958051420838971657e-01 7.467840216655382557e-01
3.964817320703653558e-01 7.467840216655382557e-01
3.978349120433017361e-01 7.467840216655382557e-01
3.991880920162381718e-01 7.467840216655382557e-01
3.991880920162381718e-01 7.481381178063643000e-01
3.998646820027063620e-01 7.481381178063643000e-01
3.998646820027063620e-01 7.488151658767772112e-01
4.005412719891745521e-01 7.488151658767772112e-01
4.005412719891745521e-01 7.494922139471902334e-01
4.012178619756427422e-01 7.494922139471902334e-01
4.012178619756427422e-01 7.501692620176032555e-01
4.046008119079837484e-01 7.501692620176032555e-01
4.059539918809201842e-01 7.501692620176032555e-01
4.059539918809201842e-01 7.508463100880162777e-01
4.066305818673883743e-01 7.508463100880162777e-01
4.066305818673883743e-01 7.528774542992552332e-01
4.079837618403247546e-01 7.528774542992552332e-01
4.079837618403247546e-01 7.535545023696682554e-01
4.093369418132611903e-01 7.535545023696682554e-01
4.100135317997293805e-01 7.535545023696682554e-01
4.100135317997293805e-01 7.542315504400812776e-01
4.120433017591339508e-01 7.542315504400812776e-01
4.120433017591339508e-01 7.549085985104942997e-01
4.127198917456021410e-01 7.549085985104942997e-01
4.127198917456021410e-01 7.569397427217332552e-01
4.133964817320703866e-01 7.569397427217332552e-01
4.133964817320703866e-01 7.576167907921462774e-01
4.154262516914749570e-01 7.576167907921462774e-01
4.154262516914749570e-01 7.582938388625591886e-01
4.174560216508795829e-01 7.582938388625591886e-01
4.188092016238159632e-01 7.582938388625591886e-01
4.188092016238159632e-01 7.589708869329722107e-01
4.201623815967523434e-01 7.589708869329722107e-01
4.215155615696887792e-01 7.589708869329722107e-01
4.215155615696887792e-01 7.596479350033852329e-01
4.221921515561569693e-01 7.596479350033852329e-01
4.221921515561569693e-01 7.610020311442112773e-01
4.235453315290933496e-01 7.610020311442112773e-01
4.235453315290933496e-01 7.616790792146241884e-01
4.248985115020297854e-01 7.616790792146241884e-01
4.248985115020297854e-01 7.623561272850372106e-01
4.262516914749661656e-01 7.623561272850372106e-01
4.262516914749661656e-01 7.630331753554502328e-01
4.276048714479025459e-01 7.630331753554502328e-01
4.276048714479025459e-01 7.637102234258632549e-01
4.282814614343707915e-01 7.637102234258632549e-01
4.296346414073071718e-01 7.637102234258632549e-01
4.303112313937753619e-01 7.637102234258632549e-01
4.303112313937753619e-01 7.643872714962762771e-01
4.323410013531799878e-01 7.643872714962762771e-01
4.323410013531799878e-01 7.650643195666891883e-01
4.343707713125845582e-01 7.650643195666891883e-01
4.343707713125845582e-01 7.670954637779282548e-01
4.357239512855209940e-01 7.670954637779282548e-01
4.357239512855209940e-01 7.677725118483412770e-01
4.364005412719891841e-01 7.677725118483412770e-01
4.377537212449255644e-01 7.677725118483412770e-01
4.377537212449255644e-01 7.684495599187541881e-01
4.384303112313937545e-01 7.684495599187541881e-01
4.397834912043301903e-01 7.684495599187541881e-01
4.404600811907983804e-01 7.684495599187541881e-01
4.404600811907983804e-01 7.691266079891672103e-01
4.418132611637347607e-01 7.691266079891672103e-01
4.431664411366711964e-01 7.691266079891672103e-01
4.431664411366711964e-01 7.725118483412322101e-01
4.438430311231393866e-01 7.725118483412322101e-01
4.438430311231393866e-01 7.731888964116452323e-01
4.451962110960757668e-01 7.731888964116452323e-01
4.451962110960757668e-01 7.738659444820582545e-01
4.465493910690122026e-01 7.738659444820582545e-01
4.465493910690122026e-01 7.745429925524712766e-01
4.472259810554803927e-01 7.745429925524712766e-01
4.472259810554803927e-01 7.758970886932972100e-01
4.479025710419485828e-01 7.758970886932972100e-01
4.479025710419485828e-01 7.765741367637102321e-01
4.485791610284167730e-01 7.765741367637102321e-01
4.485791610284167730e-01 7.772511848341232543e-01
4.492557510148849631e-01 7.772511848341232543e-01
4.492557510148849631e-01 7.792823290453622098e-01
4.506089309878213989e-01 7.792823290453622098e-01
4.506089309878213989e-01 7.799593771157752320e-01
4.580514208389716013e-01 7.799593771157752320e-01
4.580514208389716013e-01 7.806364251861882542e-01
4.594046008119079816e-01 7.806364251861882542e-01
4.600811907983761717e-01 7.806364251861882542e-01
4.614343707713126075e-01 7.806364251861882542e-01
4.614343707713126075e-01 7.813134732566011653e-01
4.621109607577807976e-01 7.813134732566011653e-01
4.621109607577807976e-01 7.819905213270141875e-01
4.634641407307171779e-01 7.819905213270141875e-01
4.634641407307171779e-01 7.840216655382532540e-01
4.654939106901218038e-01 7.840216655382532540e-01
4.654939106901218038e-01 7.846987136086661652e-01
4.675236806495263742e-01 7.846987136086661652e-01
4.675236806495263742e-01 7.853757616790791873e-01
4.682002706359945643e-01 7.853757616790791873e-01
4.682002706359945643e-01 7.874069058903182539e-01
4.695534506089310001e-01 7.874069058903182539e-01
4.695534506089310001e-01 7.880839539607311650e-01
4.702300405953991902e-01 7.880839539607311650e-01
4.702300405953991902e-01 7.894380501015572094e-01
4.729364005412720062e-01 7.894380501015572094e-01
4.729364005412720062e-01 7.901150981719702315e-01
4.742895805142083865e-01 7.901150981719702315e-01
4.742895805142083865e-01 7.928232904536222092e-01
4.756427604871447667e-01 7.928232904536222092e-01
4.817320703653585889e-01 7.928232904536222092e-01
4.817320703653585889e-01 7.935003385240352314e-01
4.830852503382949692e-01 7.935003385240352314e-01
4.830852503382949692e-01 7.941773865944482536e-01
4.837618403247632148e-01 7.941773865944482536e-01
4.837618403247632148e-01 7.962085308056872091e-01
4.844384303112314050e-01 7.962085308056872091e-01
4.844384303112314050e-01 7.968855788761002312e-01
4.857916102841677852e-01 7.968855788761002312e-01
4.857916102841677852e-01 7.975626269465132534e-01
4.871447902571042210e-01 7.975626269465132534e-01
4.871447902571042210e-01 7.982396750169261646e-01
4.891745602165087914e-01 7.982396750169261646e-01
4.952638700947226136e-01 7.982396750169261646e-01
4.952638700947226136e-01 7.989167230873391867e-01
4.959404600811908037e-01 7.989167230873391867e-01
4.959404600811908037e-01 7.995937711577522089e-01
4.966170500676589938e-01 7.995937711577522089e-01
4.966170500676589938e-01 8.002708192281652311e-01
5.000000000000000000e-01 8.002708192281652311e-01
5.000000000000000000e-01 8.009478672985782532e-01
5.013531799729363803e-01 8.009478672985782532e-01
5.013531799729363803e-01 8.016249153689911644e-01
5.020297699594046259e-01 8.016249153689911644e-01
5.033829499323410062e-01 8.016249153689911644e-01
5.054127198917456321e-01 8.016249153689911644e-01
5.074424898511502580e-01 8.016249153689911644e-01
5.087956698240866382e-01 8.016249153689911644e-01
5.087956698240866382e-01 8.023019634394041866e-01
5.094722598105547728e-01 8.023019634394041866e-01
5.094722598105547728e-01 8.036560595802302309e-01
5.121786197564276444e-01 8.036560595802302309e-01
5.121786197564276444e-01 8.056872037914691864e-01
5.128552097428957790e-01 8.056872037914691864e-01
5.128552097428957790e-01 8.063642518618822086e-01
5.135317997293640246e-01 8.063642518618822086e-01
5.135317997293640246e-01 8.070412999322952308e-01
5.142083897158321593e-01 8.070412999322952308e-01
5.142083897158321593e-01 8.077183480027081419e-01
5.155615696887686505e-01 8.077183480027081419e-01
5.155615696887686505e-01 8.104265402843602306e-01
5.189445196211096567e-01 8.104265402843602306e-01
5.189445196211096567e-01 8.111035883547731418e-01
5.196211096075777913e-01 8.111035883547731418e-01
5.196211096075777913e-01 8.131347325660122083e-01
5.209742895805141716e-01 8.131347325660122083e-01
5.209742895805141716e-01 8.138117806364252305e-01
5.216508795669824172e-01 8.138117806364252305e-01
5.216508795669824172e-01 8.144888287068381416e-01
5.230040595399187975e-01 8.144888287068381416e-01
5.243572395128551777e-01 8.144888287068381416e-01
5.250338294993234234e-01 8.144888287068381416e-01
5.250338294993234234e-01 8.158429248476641860e-01
5.257104194857915580e-01 8.158429248476641860e-01
5.270635994587280493e-01 8.158429248476641860e-01
5.270635994587280493e-01 8.165199729180772081e-01
5.284167794316644295e-01 8.165199729180772081e-01
5.297699594046008098e-01 8.165199729180772081e-01
5.297699594046008098e-01 8.205822613405552302e-01
5.311231393775371901e-01 8.205822613405552302e-01
5.345060893098781962e-01 8.205822613405552302e-01
5.345060893098781962e-01 8.212593094109681413e-01
5.351826792963464419e-01 8.212593094109681413e-01
5.351826792963464419e-01 8.226134055517941857e-01
5.372124492557510678e-01 8.226134055517941857e-01
5.372124492557510678e-01 8.239675016926202300e-01
5.378890392422192024e-01 8.239675016926202300e-01
5.399188092016238283e-01 8.239675016926202300e-01
5.412719891745602085e-01 8.239675016926202300e-01
5.412719891745602085e-01 8.266756939742722077e-01
5.426251691474965888e-01 8.266756939742722077e-01
5.439783491204329691e-01 8.266756939742722077e-01
5.453315290933694603e-01 8.266756939742722077e-01
5.473612990527739752e-01 8.266756939742722077e-01
5.473612990527739752e-01 8.280297901150981410e-01
5.480378890392422209e-01 8.280297901150981410e-01
5.493910690121786011e-01 8.280297901150981410e-01
5.507442489851149814e-01 8.280297901150981410e-01
5.507442489851149814e-01 8.287068381855111632e-01
5.534506089309878529e-01 8.287068381855111632e-01
5.534506089309878529e-01 8.300609343263372075e-01
5.541271989174559875e-01 8.300609343263372075e-01
5.541271989174559875e-01 8.307379823967501187e-01
5.548037889039242332e-01 8.307379823967501187e-01
5.548037889039242332e-01 8.314150304671631408e-01
5.561569688768606134e-01 8.314150304671631408e-01
5.561569688768606134e-01 8.334461746784022074e-01
5.568335588633288591e-01 8.334461746784022074e-01
5.568335588633288591e-01 8.341232227488151185e-01
5.575101488497969937e-01 8.341232227488151185e-01
5.602165087956698653e-01 8.341232227488151185e-01
5.608930987821379999e-01 8.341232227488151185e-01
5.608930987821379999e-01 8.348002708192281407e-01
5.635994587280108714e-01 8.348002708192281407e-01
5.635994587280108714e-01 8.354773188896411629e-01
5.642760487144790060e-01 8.354773188896411629e-01
5.642760487144790060e-01 8.361543669600541850e-01
5.656292286874153863e-01 8.361543669600541850e-01
5.669824086603518776e-01 8.361543669600541850e-01
5.669824086603518776e-01 8.368314150304672072e-01
5.676589986468200122e-01 8.368314150304672072e-01
5.676589986468200122e-01 8.381855111712931405e-01
5.690121786197563925e-01 8.381855111712931405e-01
5.690121786197563925e-01 8.388625592417061627e-01
5.703653585926927727e-01 8.388625592417061627e-01
5.723951285520973986e-01 8.388625592417061627e-01
5.723951285520973986e-01 8.402166553825322071e-01
5.730717185385656443e-01 8.402166553825322071e-01
5.730717185385656443e-01 8.415707515233581404e-01
5.744248985115020245e-01 8.415707515233581404e-01
5.744248985115020245e-01 8.429248476641841847e-01
5.751014884979702702e-01 8.429248476641841847e-01
5.751014884979702702e-01 8.436018957345972069e-01
5.757780784844384048e-01 8.436018957345972069e-01
5.757780784844384048e-01 8.463100880162491846e-01
5.771312584573747850e-01 8.463100880162491846e-01
5.771312584573747850e-01 8.483412322274881401e-01
5.778078484438430307e-01 8.483412322274881401e-01
5.778078484438430307e-01 8.496953283683141844e-01
5.791610284167794109e-01 8.496953283683141844e-01
5.798376184032476566e-01 8.496953283683141844e-01
5.798376184032476566e-01 8.510494245091401178e-01
5.805142083897157912e-01 8.510494245091401178e-01
5.805142083897157912e-01 8.517264725795531399e-01
5.818673883626522825e-01 8.517264725795531399e-01
5.818673883626522825e-01 8.524035206499661621e-01
5.845737483085250430e-01 8.524035206499661621e-01
5.859269282814614233e-01 8.524035206499661621e-01
5.859269282814614233e-01 8.537576167907920954e-01
5.872801082543978035e-01 8.537576167907920954e-01
5.886332882273341838e-01 8.537576167907920954e-01
5.913396481732070553e-01 8.537576167907920954e-01
5.913396481732070553e-01 8.551117129316181398e-01
5.926928281461434356e-01 8.551117129316181398e-01
5.926928281461434356e-01 8.557887610020311620e-01
5.947225981055480615e-01 8.557887610020311620e-01
5.960757780784844417e-01 8.557887610020311620e-01
5.960757780784844417e-01 8.564658090724441841e-01
5.967523680649526874e-01 8.564658090724441841e-01
5.967523680649526874e-01 8.571428571428570953e-01
5.974289580514208220e-01 8.571428571428570953e-01
5.974289580514208220e-01 8.578199052132701175e-01
5.994587280108254479e-01 8.578199052132701175e-01
5.994587280108254479e-01 8.584969532836831396e-01
6.028416779431664541e-01 8.584969532836831396e-01
6.028416779431664541e-01 8.598510494245091840e-01
6.048714479025710800e-01 8.598510494245091840e-01
6.048714479025710800e-01 8.605280974949220951e-01
6.069012178619755948e-01 8.605280974949220951e-01
6.082543978349120861e-01 8.605280974949220951e-01
6.096075778078484664e-01 8.605280974949220951e-01
6.096075778078484664e-01 8.612051455653351173e-01
6.102841677943166010e-01 8.612051455653351173e-01
6.102841677943166010e-01 8.618821936357481395e-01
6.116373477672530923e-01 8.618821936357481395e-01
6.116373477672530923e-01 8.639133378469870950e-01
6.143437077131258528e-01 8.639133378469870950e-01
6.143437077131258528e-01 8.652674339878131393e-01
6.150202976995940984e-01 8.652674339878131393e-01
6.150202976995940984e-01 8.659444820582261615e-01
6.163734776725304787e-01 8.659444820582261615e-01
6.177266576454668590e-01 8.659444820582261615e-01
6.197564276048714849e-01 8.659444820582261615e-01
6.197564276048714849e-01 8.693297224102911613e-01
6.211096075778078651e-01 8.693297224102911613e-01
6.211096075778078651e-01 8.713608666215301168e-01
6.231393775372124910e-01 8.713608666215301168e-01
6.258457374830852515e-01 8.713608666215301168e-01
6.258457374830852515e-01 8.720379146919431390e-01
6.278755074424898774e-01 8.720379146919431390e-01
6.278755074424898774e-01 8.727149627623561612e-01
6.285520974289580121e-01 8.727149627623561612e-01
6.285520974289580121e-01 8.761002031144211610e-01
6.292286874154262577e-01 8.761002031144211610e-01
6.292286874154262577e-01 8.767772511848340722e-01
6.299052774018945033e-01 8.767772511848340722e-01
6.299052774018945033e-01 8.774542992552470944e-01
6.312584573748308836e-01 8.774542992552470944e-01
6.312584573748308836e-01 8.781313473256601165e-01
6.319350473612990182e-01 8.781313473256601165e-01
6.319350473612990182e-01 8.794854434664861609e-01
6.366711772665764046e-01 8.794854434664861609e-01
6.366711772665764046e-01 8.801624915368990720e-01
6.373477672530446503e-01 8.801624915368990720e-01
6.373477672530446503e-01 8.808395396073120942e-01
6.380243572395128959e-01 8.808395396073120942e-01
6.380243572395128959e-01 8.815165876777251164e-01
6.387009472259810305e-01 8.815165876777251164e-01
6.387009472259810305e-01 8.821936357481381386e-01
6.400541271989174108e-01 8.821936357481381386e-01
6.400541271989174108e-01 8.828706838185511607e-01
6.414073071718539021e-01 8.828706838185511607e-01
6.434370771312584170e-01 8.828706838185511607e-01
6.434370771312584170e-01 8.849018280297901162e-01
6.447902571041949082e-01 8.849018280297901162e-01
6.488497970230040490e-01 8.849018280297901162e-01
6.508795669824086749e-01 8.849018280297901162e-01
6.529093369418133008e-01 8.849018280297901162e-01
6.535859269282814354e-01 8.849018280297901162e-01
6.535859269282814354e-01 8.855788761002031384e-01
6.556156968876860613e-01 8.855788761002031384e-01
6.569688768606224416e-01 8.855788761002031384e-01
6.596752368064953131e-01 8.855788761002031384e-01
6.596752368064953131e-01 8.862559241706161606e-01
6.617050067658998280e-01 8.862559241706161606e-01
6.617050067658998280e-01 8.869329722410290717e-01
6.630581867388363193e-01 8.869329722410290717e-01
6.644113667117726996e-01 8.869329722410290717e-01
6.677943166441137057e-01 8.869329722410290717e-01
6.677943166441137057e-01 8.876100203114420939e-01
6.745602165087957180e-01 8.876100203114420939e-01
6.745602165087957180e-01 8.882870683818551161e-01
6.759133964817320983e-01 8.882870683818551161e-01
6.786197564276048588e-01 8.882870683818551161e-01
6.786197564276048588e-01 8.896411645226811604e-01
6.799729364005412391e-01 8.896411645226811604e-01
6.820027063599458650e-01 8.896411645226811604e-01
6.820027063599458650e-01 8.903182125930940716e-01
6.826792963464141106e-01 8.903182125930940716e-01
6.826792963464141106e-01 8.916723087339201159e-01
6.840324763193504909e-01 8.916723087339201159e-01
6.867388362652232514e-01 8.916723087339201159e-01
6.867388362652232514e-01 8.923493568043331381e-01
6.874154262516914971e-01 8.923493568043331381e-01
6.874154262516914971e-01 8.930264048747461603e-01
6.880920162381596317e-01 8.930264048747461603e-01
6.880920162381596317e-01 8.937034529451590714e-01
6.928281461434371291e-01 8.937034529451590714e-01
6.928281461434371291e-01 8.943805010155720936e-01
6.935047361299052637e-01 8.943805010155720936e-01
6.935047361299052637e-01 8.957345971563981379e-01
6.948579161028416440e-01 8.957345971563981379e-01
6.962110960757780243e-01 8.957345971563981379e-01
6.975642760487145155e-01 8.957345971563981379e-01
6.975642760487145155e-01 8.964116452268110491e-01
6.989174560216508958e-01 8.964116452268110491e-01
6.989174560216508958e-01 8.984427894380501156e-01
7.002706359945872761e-01 8.984427894380501156e-01
7.002706359945872761e-01 8.991198375084631378e-01
7.036535859269282822e-01 8.991198375084631378e-01
7.036535859269282822e-01 8.997968855788760489e-01
7.050067658998646625e-01 8.997968855788760489e-01
7.063599458728010427e-01 8.997968855788760489e-01
7.063599458728010427e-01 9.004739336492890711e-01
7.083897158322056686e-01 9.004739336492890711e-01
7.090663058186739143e-01 9.004739336492890711e-01
7.090663058186739143e-01 9.011509817197020933e-01
7.110960757780784292e-01 9.011509817197020933e-01
7.110960757780784292e-01 9.025050778605281376e-01
7.117726657645466748e-01 9.025050778605281376e-01
7.117726657645466748e-01 9.038591740013540710e-01
7.131258457374830551e-01 9.038591740013540710e-01
7.144790257104194353e-01 9.038591740013540710e-01
7.144790257104194353e-01 9.045362220717670931e-01
7.165087956698240612e-01 9.045362220717670931e-01
7.165087956698240612e-01 9.072444143534190708e-01
7.171853856562923069e-01 9.072444143534190708e-01
7.171853856562923069e-01 9.079214624238320930e-01
7.192151556156969328e-01 9.079214624238320930e-01
7.192151556156969328e-01 9.085985104942451152e-01
7.205683355886333130e-01 9.085985104942451152e-01
7.205683355886333130e-01 9.092755585646581373e-01
7.212449255751014476e-01 9.092755585646581373e-01
7.212449255751014476e-01 9.099526066350710485e-01
7.219215155615696933e-01 9.099526066350710485e-01
7.219215155615696933e-01 9.106296547054840707e-01
7.232746955345060735e-01 9.106296547054840707e-01
7.239512855209743192e-01 9.106296547054840707e-01
7.239512855209743192e-01 9.113067027758970928e-01
7.253044654939106994e-01 9.113067027758970928e-01
7.259810554803789451e-01 9.113067027758970928e-01
7.259810554803789451e-01 9.119837508463101150e-01
7.266576454668470797e-01 9.119837508463101150e-01
7.266576454668470797e-01 9.126607989167231372e-01
7.280108254397834600e-01 9.126607989167231372e-01
7.280108254397834600e-01 9.140148950575490705e-01
7.286874154262517056e-01 9.140148950575490705e-01
7.286874154262517056e-01 9.146919431279620927e-01
7.293640054127198402e-01 9.146919431279620927e-01
7.293640054127198402e-01 9.153689911983751148e-01
7.307171853856563315e-01 9.153689911983751148e-01
7.307171853856563315e-01 9.160460392687881370e-01
7.313937753721244661e-01 9.160460392687881370e-01
7.313937753721244661e-01 9.167230873392010482e-01
7.320703653585927118e-01 9.167230873392010482e-01
7.320703653585927118e-01 9.174001354096140703e-01
7.327469553450608464e-01 9.174001354096140703e-01
7.327469553450608464e-01 9.180771834800270925e-01
7.334235453315290920e-01 9.180771834800270925e-01
7.334235453315290920e-01 9.187542315504401147e-01
7.347767253044654723e-01 9.187542315504401147e-01
7.354533152909337179e-01 9.187542315504401147e-01
7.354533152909337179e-01 9.194312796208530258e-01
7.368064952638700982e-01 9.194312796208530258e-01
7.381596752368064784e-01 9.194312796208530258e-01
7.388362652232747241e-01 9.194312796208530258e-01
7.401894451962111043e-01 9.194312796208530258e-01
7.415426251691474846e-01 9.194312796208530258e-01
7.428958051420838649e-01 9.194312796208530258e-01
7.435723951285521105e-01 9.194312796208530258e-01
7.435723951285521105e-01 9.201083276912660480e-01
7.442489851150202451e-01 9.201083276912660480e-01
7.442489851150202451e-01 9.207853757616790702e-01
7.449255751014884908e-01 9.207853757616790702e-01
7.449255751014884908e-01 9.214624238320920924e-01
7.456021650879567364e-01 9.214624238320920924e-01
7.456021650879567364e-01 9.241706161137440700e-01
7.462787550744248710e-01 9.241706161137440700e-01
7.476319350473612513e-01 9.241706161137440700e-01
7.489851150202977426e-01 9.241706161137440700e-01
7.489851150202977426e-01 9.248476641841570922e-01
7.516914749661705031e-01 9.248476641841570922e-01
7.516914749661705031e-01 9.255247122545701144e-01
7.523680649526387487e-01 9.255247122545701144e-01
7.523680649526387487e-01 9.268788083953960477e-01
7.530446549391068833e-01 9.268788083953960477e-01
7.530446549391068833e-01 9.282329045362220921e-01
7.543978349120432636e-01 9.282329045362220921e-01
7.543978349120432636e-01 9.289099526066351142e-01
7.550744248985115092e-01 9.289099526066351142e-01
7.550744248985115092e-01 9.302640487474610476e-01
7.564276048714478895e-01 9.302640487474610476e-01
7.564276048714478895e-01 9.322951929587001141e-01
7.577807848443842698e-01 9.322951929587001141e-01
7.598105548037888957e-01 9.322951929587001141e-01
7.611637347767252759e-01 9.322951929587001141e-01
7.638700947225981475e-01 9.322951929587001141e-01
7.638700947225981475e-01 9.329722410291130252e-01
7.645466847090662821e-01 9.329722410291130252e-01
7.658998646820026623e-01 9.329722410291130252e-01
7.679296346414072882e-01 9.329722410291130252e-01
7.679296346414072882e-01 9.336492890995260474e-01
7.686062246278755339e-01 9.336492890995260474e-01
7.699594046008119141e-01 9.336492890995260474e-01
7.706359945872801598e-01 9.336492890995260474e-01
7.706359945872801598e-01 9.343263371699390696e-01
7.726657645466846747e-01 9.343263371699390696e-01
7.726657645466846747e-01 9.356804333107651139e-01
7.740189445196210549e-01 9.356804333107651139e-01
7.740189445196210549e-01 9.363574813811780251e-01
7.767253044654939265e-01 9.363574813811780251e-01
7.767253044654939265e-01 9.370345294515910473e-01
7.787550744248985524e-01 9.370345294515910473e-01
7.787550744248985524e-01 9.377115775220040694e-01
7.821380243572395585e-01 9.377115775220040694e-01
7.821380243572395585e-01 9.383886255924170916e-01
7.848443843031123190e-01 9.383886255924170916e-01
7.848443843031123190e-01 9.390656736628301138e-01
7.861975642760486993e-01 9.390656736628301138e-01
7.861975642760486993e-01 9.404197698036560471e-01
7.868741542625169449e-01 9.404197698036560471e-01
7.868741542625169449e-01 9.410968178740690693e-01
7.889039242219215708e-01 9.410968178740690693e-01
7.889039242219215708e-01 9.417738659444820915e-01
7.895805142083897055e-01 9.417738659444820915e-01
7.909336941813260857e-01 9.417738659444820915e-01
7.909336941813260857e-01 9.431279620853080248e-01
7.916102841677943314e-01 9.431279620853080248e-01
7.916102841677943314e-01 9.465132024373730246e-01
7.929634641407307116e-01 9.465132024373730246e-01
7.949932341001353375e-01 9.465132024373730246e-01
7.963464140730717178e-01 9.465132024373730246e-01
7.976995940460080980e-01 9.465132024373730246e-01
7.990527740189444783e-01 9.465132024373730246e-01
7.990527740189444783e-01 9.471902505077860468e-01
8.017591339648173498e-01 9.471902505077860468e-01
8.017591339648173498e-01 9.478672985781990690e-01
8.031123139377537301e-01 9.478672985781990690e-01
8.031123139377537301e-01 9.485443466486120911e-01
8.051420838971583560e-01 9.485443466486120911e-01
8.064952638700947363e-01 9.485443466486120911e-01
8.064952638700947363e-01 9.492213947190250023e-01
8.071718538565628709e-01 9.492213947190250023e-01
8.071718538565628709e-01 9.498984427894380245e-01
8.078484438430311165e-01 9.498984427894380245e-01
8.078484438430311165e-01 9.505754908598510466e-01
8.085250338294993622e-01 9.505754908598510466e-01
8.098782138024357424e-01 9.505754908598510466e-01
8.098782138024357424e-01 9.512525389302640688e-01
8.132611637347767486e-01 9.512525389302640688e-01
8.152909336941813745e-01 9.512525389302640688e-01
8.200270635994587609e-01 9.512525389302640688e-01
8.200270635994587609e-01 9.519295870006770910e-01
8.207036535859268955e-01 9.519295870006770910e-01
8.207036535859268955e-01 9.526066350710900021e-01
8.213802435723951412e-01 9.526066350710900021e-01
8.213802435723951412e-01 9.532836831415030243e-01
8.220568335588632758e-01 9.532836831415030243e-01
8.240866035182679017e-01 9.532836831415030243e-01
8.247631935047361473e-01 9.532836831415030243e-01
8.247631935047361473e-01 9.546377792823290687e-01
8.261163734776725276e-01 9.546377792823290687e-01
8.274695534506089079e-01 9.546377792823290687e-01
8.274695534506089079e-01 9.559918754231550020e-01
8.294993234100135338e-01 9.559918754231550020e-01
8.294993234100135338e-01 9.566689234935680242e-01
8.301759133964817794e-01 9.566689234935680242e-01
8.301759133964817794e-01 9.573459715639810463e-01
8.315290933694181597e-01 9.573459715639810463e-01
8.328822733423545399e-01 9.573459715639810463e-01
8.328822733423545399e-01 9.587000677048070907e-01
8.349120433017591658e-01 9.587000677048070907e-01
8.362652232746955461e-01 9.587000677048070907e-01
8.369418132611636807e-01 9.587000677048070907e-01
8.389715832205683066e-01 9.587000677048070907e-01
8.416779431664411781e-01 9.587000677048070907e-01
8.430311231393775584e-01 9.587000677048070907e-01
8.443843031123139387e-01 9.587000677048070907e-01
8.457374830852503189e-01 9.587000677048070907e-01
8.457374830852503189e-01 9.593771157752200018e-01
8.464140730717185646e-01 9.593771157752200018e-01
8.491204330175913251e-01 9.593771157752200018e-01
8.525033829499323312e-01 9.593771157752200018e-01
8.525033829499323312e-01 9.607312119160460462e-01
8.531799729364005769e-01 9.607312119160460462e-01
8.531799729364005769e-01 9.614082599864590684e-01
8.538565629228687115e-01 9.614082599864590684e-01
8.538565629228687115e-01 9.627623561272850017e-01
8.565629228687415830e-01 9.627623561272850017e-01
8.572395128552097177e-01 9.627623561272850017e-01
8.572395128552097177e-01 9.634394041976980239e-01
8.579161028416779633e-01 9.634394041976980239e-01
8.599458728010825892e-01 9.634394041976980239e-01
8.687415426251691164e-01 9.634394041976980239e-01
8.687415426251691164e-01 9.641164522681110460e-01
8.734776725304465028e-01 9.641164522681110460e-01
8.734776725304465028e-01 9.647935003385240682e-01
8.741542625169147485e-01 9.647935003385240682e-01
8.741542625169147485e-01 9.654705484089369794e-01
8.761840324763193744e-01 9.654705484089369794e-01
8.775372124492557546e-01 9.654705484089369794e-01
8.795669824086603805e-01 9.654705484089369794e-01
8.795669824086603805e-01 9.668246445497630237e-01
8.809201623815967608e-01 9.668246445497630237e-01
8.809201623815967608e-01 9.675016926201760459e-01
8.822733423545331410e-01 9.675016926201760459e-01
8.849797023004059016e-01 9.675016926201760459e-01
8.849797023004059016e-01 9.681787406905890681e-01
8.870094722598105275e-01 9.681787406905890681e-01
8.883626522327469077e-01 9.681787406905890681e-01
8.903924221921515336e-01 9.681787406905890681e-01
8.903924221921515336e-01 9.688557887610019792e-01
8.944519621109607854e-01 9.688557887610019792e-01
8.944519621109607854e-01 9.695328368314150014e-01
8.951285520974289200e-01 9.695328368314150014e-01
8.951285520974289200e-01 9.702098849018280236e-01
8.991880920162381718e-01 9.702098849018280236e-01
8.991880920162381718e-01 9.708869329722410457e-01
8.998646820027063065e-01 9.708869329722410457e-01
8.998646820027063065e-01 9.715639810426540679e-01
9.012178619756427977e-01 9.715639810426540679e-01
9.012178619756427977e-01 9.722410291130669791e-01
9.018944519621109324e-01 9.722410291130669791e-01
9.018944519621109324e-01 9.729180771834800012e-01
9.032476319350473126e-01 9.729180771834800012e-01
9.059539918809201842e-01 9.729180771834800012e-01
9.059539918809201842e-01 9.735951252538930234e-01
9.073071718538565644e-01 9.735951252538930234e-01
9.086603518267929447e-01 9.735951252538930234e-01
9.106901217861975706e-01 9.735951252538930234e-01
9.106901217861975706e-01 9.749492213947190677e-01
9.120433017591339508e-01 9.749492213947190677e-01
9.120433017591339508e-01 9.756262694651319789e-01
9.133964817320703311e-01 9.756262694651319789e-01
9.133964817320703311e-01 9.763033175355450011e-01
9.140730717185385767e-01 9.763033175355450011e-01
9.140730717185385767e-01 9.769803656059580232e-01
9.154262516914749570e-01 9.769803656059580232e-01
9.174560216508795829e-01 9.769803656059580232e-01
9.188092016238159632e-01 9.769803656059580232e-01
9.221921515561569693e-01 9.769803656059580232e-01
9.221921515561569693e-01 9.776574136763710454e-01
9.228687415426252150e-01 9.776574136763710454e-01
9.228687415426252150e-01 9.783344617467840676e-01
9.255751014884979755e-01 9.783344617467840676e-01
9.269282814614343557e-01 9.783344617467840676e-01
9.276048714479026014e-01 9.783344617467840676e-01
9.276048714479026014e-01 9.790115098171969787e-01
9.289580514208389816e-01 9.790115098171969787e-01
9.309878213802436075e-01 9.790115098171969787e-01
9.323410013531799878e-01 9.790115098171969787e-01
9.336941813261163681e-01 9.790115098171969787e-01
9.343707713125846137e-01 9.790115098171969787e-01
9.343707713125846137e-01 9.796885578876100009e-01
9.350473612990527483e-01 9.796885578876100009e-01
9.364005412719891286e-01 9.796885578876100009e-01
9.391069012178620001e-01 9.796885578876100009e-01
9.391069012178620001e-01 9.803656059580230231e-01
9.404600811907983804e-01 9.803656059580230231e-01
9.404600811907983804e-01 9.810426540284360453e-01
9.418132611637347607e-01 9.810426540284360453e-01
9.424898511502030063e-01 9.810426540284360453e-01
9.424898511502030063e-01 9.817197020988490674e-01
9.458728010825440125e-01 9.817197020988490674e-01
9.458728010825440125e-01 9.837508463100880229e-01
9.485791610284167730e-01 9.837508463100880229e-01
9.485791610284167730e-01 9.844278943805010451e-01
9.499323410013531532e-01 9.844278943805010451e-01
9.512855209742895335e-01 9.844278943805010451e-01
9.512855209742895335e-01 9.851049424509140673e-01
9.519621109607577791e-01 9.851049424509140673e-01
9.519621109607577791e-01 9.857819905213269784e-01
9.526387009472260248e-01 9.857819905213269784e-01
9.566982408660351656e-01 9.857819905213269784e-01
9.573748308525034112e-01 9.857819905213269784e-01
9.573748308525034112e-01 9.871360866621530228e-01
9.587280108254397915e-01 9.871360866621530228e-01
9.594046008119080371e-01 9.871360866621530228e-01
9.594046008119080371e-01 9.878131347325660450e-01
9.614343707713125520e-01 9.878131347325660450e-01
9.621109607577807976e-01 9.878131347325660450e-01
9.621109607577807976e-01 9.898442789438050005e-01
9.634641407307171779e-01 9.898442789438050005e-01
9.634641407307171779e-01 9.905213270142180226e-01
9.641407307171854235e-01 9.905213270142180226e-01
9.641407307171854235e-01 9.918754231550439560e-01
9.648173207036535581e-01 9.918754231550439560e-01
9.661705006765899384e-01 9.918754231550439560e-01
9.661705006765899384e-01 9.925524712254569781e-01
9.668470906630581840e-01 9.925524712254569781e-01
9.668470906630581840e-01 9.945836154366960447e-01
9.688768606224628099e-01 9.945836154366960447e-01
9.688768606224628099e-01 9.952606635071089558e-01
9.695534506089309446e-01 9.952606635071089558e-01
9.715832205683355705e-01 9.952606635071089558e-01
9.729364005412719507e-01 9.952606635071089558e-01
9.742895805142084420e-01 9.952606635071089558e-01
9.742895805142084420e-01 9.959377115775219780e-01
9.756427604871448223e-01 9.959377115775219780e-01
9.756427604871448223e-01 9.966147596479350002e-01
9.769959404600812025e-01 9.966147596479350002e-01
9.797023004059539630e-01 9.966147596479350002e-01
9.797023004059539630e-01 9.972918077183480223e-01
9.824086603518268346e-01 9.972918077183480223e-01
9.837618403247632148e-01 9.972918077183480223e-01
9.851150202976995951e-01 9.972918077183480223e-01
9.871447902571042210e-01 9.972918077183480223e-01
9.884979702300406013e-01 9.972918077183480223e-01
9.939106901217862333e-01 9.972918077183480223e-01
9.939106901217862333e-01 9.979688557887610445e-01
9.959404600811907482e-01 9.979688557887610445e-01
9.959404600811907482e-01 9.986459038591739557e-01
9.966170500676589938e-01 9.986459038591739557e-01
9.979702300405953741e-01 9.986459038591739557e-01
9.979702300405953741e-01 9.993229519295869778e-01
1.000000000000000000e+00 9.993229519295869778e-01
1.000000000000000000e+00 1.000000000000000000e+00
