0.000000000000000000e+00 0.000000000000000000e+00
0.000000000000000000e+00 6.770480704129992972e-04
1.353179972936400643e-03 6.770480704129992972e-04
2.029769959404600747e-03 6.770480704129992972e-04
2.029769959404600747e-03 1.354096140825998594e-03
2.706359945872801286e-03 1.354096140825998594e-03
2.706359945872801286e-03 2.031144211238998000e-03
4.736129905277402033e-03 2.031144211238998000e-03
4.736129905277402033e-03 2.708192281651997189e-03
5.412719891745602571e-03 2.708192281651997189e-03
5.412719891745602571e-03 4.062288422477996000e-03
6.089309878213802242e-03 4.062288422477996000e-03
6.089309878213802242e-03 5.416384563303994377e-03
7.442489851150203319e-03 5.416384563303994377e-03
7.442489851150203319e-03 8.124576844955992000e-03
8.795669824086603528e-03 8.124576844955992000e-03
9.472259810554804066e-03 8.124576844955992000e-03
9.472259810554804066e-03 9.478672985781991245e-03
1.014884979702300460e-02 9.478672985781991245e-03
1.150202976995940395e-02 9.478672985781991245e-03
1.150202976995940395e-02 1.354096140825998724e-02
1.217861975642760448e-02 1.354096140825998724e-02
1.217861975642760448e-02 1.489505754908598475e-02
1.285520974289580502e-02 1.489505754908598475e-02
1.285520974289580502e-02 1.557210561949898438e-02
1.353179972936400556e-02 1.557210561949898438e-02
1.353179972936400556e-02 1.692620176032498189e-02
1.420838971583220610e-02 1.692620176032498189e-02
1.420838971583220610e-02 1.963439404197698038e-02
1.488497970230040664e-02 1.963439404197698038e-02
1.488497970230040664e-02 2.166553825321597751e-02
1.556156968876860544e-02 2.166553825321597751e-02
1.556156968876860544e-02 2.234258632362897887e-02
1.691474966170500652e-02 2.234258632362897887e-02
1.691474966170500652e-02 2.301963439404197675e-02
1.826792963464140759e-02 2.301963439404197675e-02
1.894451962110960813e-02 2.301963439404197675e-02
1.894451962110960813e-02 2.640487474610697313e-02
1.962110960757780867e-02 2.640487474610697313e-02
1.962110960757780867e-02 2.775897088693297238e-02
2.029769959404600921e-02 2.775897088693297238e-02
2.029769959404600921e-02 2.843601895734597026e-02
2.165087956698241028e-02 2.843601895734597026e-02
2.165087956698241028e-02 2.911306702775897162e-02
2.232746955345060735e-02 2.911306702775897162e-02
2.232746955345060735e-02 2.979011509817196951e-02
2.300405953991880789e-02 2.979011509817196951e-02
2.300405953991880789e-02 3.114421123899796875e-02
2.435723951285520897e-02 3.114421123899796875e-02
2.435723951285520897e-02 3.249830737982396800e-02
2.571041948579161004e-02 3.249830737982396800e-02
2.638700947225981058e-02 3.249830737982396800e-02
2.774018944519621166e-02 3.249830737982396800e-02
2.909336941813261274e-02 3.249830737982396800e-02
2.909336941813261274e-02 3.723764387271496362e-02
3.044654939106901381e-02 3.723764387271496362e-02
3.044654939106901381e-02 3.791469194312796498e-02
3.179972936400541489e-02 3.791469194312796498e-02
3.179972936400541489e-02 3.859174001354095940e-02
3.247631935047361196e-02 3.859174001354095940e-02
3.247631935047361196e-02 4.400812457684495638e-02
3.315290933694181597e-02 4.400812457684495638e-02
3.315290933694181597e-02 4.603926878808395351e-02
3.382949932341001303e-02 4.603926878808395351e-02
3.382949932341001303e-02 4.671631685849695487e-02
3.450608930987821704e-02 4.671631685849695487e-02
3.450608930987821704e-02 4.807041299932295064e-02
3.518267929634641411e-02 4.807041299932295064e-02
3.518267929634641411e-02 4.874746106973595200e-02
3.585926928281461118e-02 4.874746106973595200e-02
3.585926928281461118e-02 5.416384563303994898e-02
3.653585926928281519e-02 5.416384563303994898e-02
3.653585926928281519e-02 5.484089370345294340e-02
3.721244925575101226e-02 5.484089370345294340e-02
3.856562922868741333e-02 5.484089370345294340e-02
3.856562922868741333e-02 5.687203791469194053e-02
3.924221921515561734e-02 5.687203791469194053e-02
3.924221921515561734e-02 5.890318212593093766e-02
3.991880920162381441e-02 5.890318212593093766e-02
3.991880920162381441e-02 5.958023019634393902e-02
4.262516914749661656e-02 5.958023019634393902e-02
4.262516914749661656e-02 6.025727826675694038e-02
4.397834912043301764e-02 6.025727826675694038e-02
4.397834912043301764e-02 6.093432633716994173e-02
4.668470906630581979e-02 6.093432633716994173e-02
4.668470906630581979e-02 6.161137440758293615e-02
4.736129905277401686e-02 6.161137440758293615e-02
4.871447902571041794e-02 6.161137440758293615e-02
4.939106901217862194e-02 6.161137440758293615e-02
4.939106901217862194e-02 6.228842247799593751e-02
5.074424898511502302e-02 6.228842247799593751e-02
5.074424898511502302e-02 6.296547054840893887e-02
5.142083897158322009e-02 6.296547054840893887e-02
5.142083897158322009e-02 6.364251861882193329e-02
5.209742895805142410e-02 6.364251861882193329e-02
5.209742895805142410e-02 6.635071090047393871e-02
5.345060893098781823e-02 6.635071090047393871e-02
5.345060893098781823e-02 6.973595125253892468e-02
5.412719891745602224e-02 6.973595125253892468e-02
5.412719891745602224e-02 7.041299932295193298e-02
5.480378890392421931e-02 7.109004739336492740e-02
5.548037889039242332e-02 7.109004739336492740e-02
5.548037889039242332e-02 7.515233581584292166e-02
5.683355886332882440e-02 7.515233581584292166e-02
5.886332882273342254e-02 7.515233581584292166e-02
6.021650879566982362e-02 7.515233581584292166e-02
6.156968876860622469e-02 7.515233581584292166e-02
6.156968876860622469e-02 7.582938388625592996e-02
6.292286874154262577e-02 7.582938388625592996e-02
6.292286874154262577e-02 7.718348002708191880e-02
6.562922868741542792e-02 7.718348002708191880e-02
6.562922868741542792e-02 7.786052809749492709e-02
6.698240866035182206e-02 7.786052809749492709e-02
6.765899864682002607e-02 7.786052809749492709e-02
6.765899864682002607e-02 7.853757616790792151e-02
6.968876860622462421e-02 7.853757616790792151e-02
6.968876860622462421e-02 7.921462423832091593e-02
7.036535859269282822e-02 7.921462423832091593e-02
7.036535859269282822e-02 8.056872037914691864e-02
7.036535859269282822e-02 8.124576844955991306e-02
7.171853856562922236e-02 8.124576844955991306e-02
7.171853856562922236e-02 8.192281651997292136e-02
7.510148849797022852e-02 8.192281651997292136e-02
7.510148849797022852e-02 8.259986459038591577e-02
7.645466847090663653e-02 8.259986459038591577e-02
7.645466847090663653e-02 9.072444143534190431e-02
7.983761840324762882e-02 9.072444143534190431e-02
7.983761840324762882e-02 9.140148950575491260e-02
8.119079837618403683e-02 9.140148950575491260e-02
8.119079837618403683e-02 9.546377792823290687e-02
8.186738836265222696e-02 9.546377792823290687e-02
8.186738836265222696e-02 9.614082599864590128e-02
8.322056833558863498e-02 9.614082599864590128e-02
8.322056833558863498e-02 9.681787406905890958e-02
8.389715832205683899e-02 9.681787406905890958e-02
8.389715832205683899e-02 9.749492213947190400e-02
8.457374830852502912e-02 9.749492213947190400e-02
8.457374830852502912e-02 9.817197020988489842e-02
8.525033829499323312e-02 9.817197020988489842e-02
8.525033829499323312e-02 9.952606635071090113e-02
8.795669824086603528e-02 9.952606635071090113e-02
8.795669824086603528e-02 1.002031144211238955e-01
8.930987821380242941e-02 1.002031144211238955e-01
8.930987821380242941e-02 1.015572105619498983e-01
8.998646820027063342e-02 1.015572105619498983e-01
8.998646820027063342e-02 1.042654028436018898e-01
9.133964817320704144e-02 1.042654028436018898e-01
9.269282814614343557e-02 1.042654028436018898e-01
9.269282814614343557e-02 1.056194989844278925e-01
9.336941813261163958e-02 1.056194989844278925e-01
9.336941813261163958e-02 1.062965470548408869e-01
9.404600811907984359e-02 1.062965470548408869e-01
9.404600811907984359e-02 1.069735951252538952e-01
9.472259810554803372e-02 1.069735951252538952e-01
9.472259810554803372e-02 1.076506431956668897e-01
9.675236806495263187e-02 1.076506431956668897e-01
9.675236806495263187e-02 1.090047393364928924e-01
9.810554803788903988e-02 1.090047393364928924e-01
9.810554803788903988e-02 1.103588354773188951e-01
9.945872801082543402e-02 1.103588354773188951e-01
9.945872801082543402e-02 1.117129316181448839e-01
1.001353179972936380e-01 1.117129316181448839e-01
1.001353179972936380e-01 1.123899796885578922e-01
1.008119079837618420e-01 1.123899796885578922e-01
1.008119079837618420e-01 1.191604603926878780e-01
1.021650879566982362e-01 1.191604603926878780e-01
1.021650879566982362e-01 1.205145565335138808e-01
1.028416779431664402e-01 1.205145565335138808e-01
1.041948579161028482e-01 1.205145565335138808e-01
1.041948579161028482e-01 1.225457007447528779e-01
1.062246278755074463e-01 1.225457007447528779e-01
1.062246278755074463e-01 1.232227488151658723e-01
1.075778078484438405e-01 1.232227488151658723e-01
1.075778078484438405e-01 1.238997968855788806e-01
1.082543978349120445e-01 1.238997968855788806e-01
1.096075778078484386e-01 1.238997968855788806e-01
1.102841677943166426e-01 1.238997968855788806e-01
1.102841677943166426e-01 1.279620853080568610e-01
1.123139377537212408e-01 1.279620853080568610e-01
1.136671177266576488e-01 1.279620853080568610e-01
1.136671177266576488e-01 1.293161814488828776e-01
1.143437077131258389e-01 1.293161814488828776e-01
1.156968876860622469e-01 1.293161814488828776e-01
1.156968876860622469e-01 1.340555179417738663e-01
1.163734776725304509e-01 1.340555179417738663e-01
1.163734776725304509e-01 1.354096140825998551e-01
1.177266576454668451e-01 1.354096140825998551e-01
1.177266576454668451e-01 1.374407582938388661e-01
1.190798376184032531e-01 1.374407582938388661e-01
1.190798376184032531e-01 1.381178063642518605e-01
1.197564276048714432e-01 1.381178063642518605e-01
1.197564276048714432e-01 1.394719025050778494e-01
1.204330175913396472e-01 1.394719025050778494e-01
1.204330175913396472e-01 1.421800947867298548e-01
1.217861975642760552e-01 1.421800947867298548e-01
1.217861975642760552e-01 1.428571428571428492e-01
1.231393775372124494e-01 1.428571428571428492e-01
1.231393775372124494e-01 1.442112389979688658e-01
1.238159675236806534e-01 1.442112389979688658e-01
1.238159675236806534e-01 1.448882870683818602e-01
1.251691474966170614e-01 1.448882870683818602e-01
1.251691474966170614e-01 1.462423832092078491e-01
1.258457374830852515e-01 1.462423832092078491e-01
1.258457374830852515e-01 1.482735274204468601e-01
1.271989174560216596e-01 1.482735274204468601e-01
1.271989174560216596e-01 1.550440081245768320e-01
1.285520974289580398e-01 1.550440081245768320e-01
1.285520974289580398e-01 1.557210561949898542e-01
1.305818673883626657e-01 1.557210561949898542e-01
1.305818673883626657e-01 1.570751523358158430e-01
1.312584573748308558e-01 1.570751523358158430e-01
1.312584573748308558e-01 1.577522004062288374e-01
1.319350473612990460e-01 1.577522004062288374e-01
1.319350473612990460e-01 1.584292484766418319e-01
1.326116373477672639e-01 1.584292484766418319e-01
1.326116373477672639e-01 1.591062965470548540e-01
1.332882273342354540e-01 1.591062965470548540e-01
1.332882273342354540e-01 1.597833446174678484e-01
1.339648173207036441e-01 1.597833446174678484e-01
1.359945872801082423e-01 1.597833446174678484e-01
1.359945872801082423e-01 1.604603926878808429e-01
1.387009472259810583e-01 1.604603926878808429e-01
1.387009472259810583e-01 1.618144888287068317e-01
1.414073071718538466e-01 1.618144888287068317e-01
1.414073071718538466e-01 1.624915368991198261e-01
1.427604871447902546e-01 1.624915368991198261e-01
1.427604871447902546e-01 1.631685849695328483e-01
1.434370771312584447e-01 1.631685849695328483e-01
1.441136671177266626e-01 1.638456330399458427e-01
1.441136671177266626e-01 1.645226811103588371e-01
1.447902571041948527e-01 1.645226811103588371e-01
1.447902571041948527e-01 1.692620176032498258e-01
1.454668470906630706e-01 1.692620176032498258e-01
1.454668470906630706e-01 1.699390656736628202e-01
1.461434370771312607e-01 1.699390656736628202e-01
1.461434370771312607e-01 1.706161137440758424e-01
1.468200270635994509e-01 1.706161137440758424e-01
1.468200270635994509e-01 1.712931618144888368e-01
1.474966170500676688e-01 1.712931618144888368e-01
1.474966170500676688e-01 1.719702098849018312e-01
1.481732070365358589e-01 1.719702098849018312e-01
1.481732070365358589e-01 1.733243060257278201e-01
1.488497970230040490e-01 1.733243060257278201e-01
1.488497970230040490e-01 1.740013540961408145e-01
1.495263870094722669e-01 1.740013540961408145e-01
1.495263870094722669e-01 1.746784021665538367e-01
1.535859269282814632e-01 1.746784021665538367e-01
1.535859269282814632e-01 1.753554502369668311e-01
1.549391069012178712e-01 1.753554502369668311e-01
1.562922868741542515e-01 1.753554502369668311e-01
1.569688768606224694e-01 1.753554502369668311e-01
1.569688768606224694e-01 1.760324983073798255e-01
1.576454668470906595e-01 1.760324983073798255e-01
1.576454668470906595e-01 1.773865944482058143e-01
1.589986468200270675e-01 1.773865944482058143e-01
1.589986468200270675e-01 1.800947867298578198e-01
1.603518267929634755e-01 1.800947867298578198e-01
1.603518267929634755e-01 1.821259309410968308e-01
1.617050067658998558e-01 1.821259309410968308e-01
1.630581867388362638e-01 1.821259309410968308e-01
1.630581867388362638e-01 1.828029790115098252e-01
1.637347767253044539e-01 1.828029790115098252e-01
1.637347767253044539e-01 1.841570751523358140e-01
1.644113667117726718e-01 1.841570751523358140e-01
1.644113667117726718e-01 1.875423155044008139e-01
1.657645466847090798e-01 1.875423155044008139e-01
1.671177266576454601e-01 1.875423155044008139e-01
1.671177266576454601e-01 1.882193635748138083e-01
1.684709066305818681e-01 1.882193635748138083e-01
1.684709066305818681e-01 1.888964116452268027e-01
1.698240866035182761e-01 1.888964116452268027e-01
1.711772665764546564e-01 1.888964116452268027e-01
1.711772665764546564e-01 1.895734597156397971e-01
1.718538565629228743e-01 1.895734597156397971e-01
1.718538565629228743e-01 1.902505077860528193e-01
1.725304465493910644e-01 1.902505077860528193e-01
1.738836265223274724e-01 1.902505077860528193e-01
1.738836265223274724e-01 1.909275558564658137e-01
1.759133964817320706e-01 1.909275558564658137e-01
1.759133964817320706e-01 1.943127962085308136e-01
1.765899864682002607e-01 1.943127962085308136e-01
1.765899864682002607e-01 1.949898442789438080e-01
1.772665764546684786e-01 1.949898442789438080e-01
1.772665764546684786e-01 1.970209884901827913e-01
1.786197564276048588e-01 1.970209884901827913e-01
1.786197564276048588e-01 1.990521327014218023e-01
1.792963464140730767e-01 1.990521327014218023e-01
1.792963464140730767e-01 1.997291807718347967e-01
1.806495263870094847e-01 1.997291807718347967e-01
1.806495263870094847e-01 2.010832769126607855e-01
1.813261163734776749e-01 2.010832769126607855e-01
1.813261163734776749e-01 2.031144211238997965e-01
1.826792963464140829e-01 2.031144211238997965e-01
1.833558863328822730e-01 2.031144211238997965e-01
1.847090663058186810e-01 2.031144211238997965e-01
1.847090663058186810e-01 2.044685172647257854e-01
1.860622462787550613e-01 2.044685172647257854e-01
1.867388362652232792e-01 2.044685172647257854e-01
1.867388362652232792e-01 2.051455653351388075e-01
1.880920162381596872e-01 2.051455653351388075e-01
1.880920162381596872e-01 2.085308056872037796e-01
1.887686062246278773e-01 2.085308056872037796e-01
1.887686062246278773e-01 2.105619498984427906e-01
1.907983761840324755e-01 2.105619498984427906e-01
1.907983761840324755e-01 2.132701421800947961e-01
1.921515561569688835e-01 2.132701421800947961e-01
1.921515561569688835e-01 2.153012863913337793e-01
1.928281461434370736e-01 2.153012863913337793e-01
1.928281461434370736e-01 2.159783344617467737e-01
1.941813261163734816e-01 2.159783344617467737e-01
1.941813261163734816e-01 2.180094786729857848e-01
1.962110960757780798e-01 2.180094786729857848e-01
1.962110960757780798e-01 2.186865267433987792e-01
1.975642760487144878e-01 2.186865267433987792e-01
1.975642760487144878e-01 2.193635748138117736e-01
2.009472259810554939e-01 2.193635748138117736e-01
2.009472259810554939e-01 2.200406228842247680e-01
2.016238159675236841e-01 2.200406228842247680e-01
2.016238159675236841e-01 2.220717670954637790e-01
2.023004059539918742e-01 2.220717670954637790e-01
2.023004059539918742e-01 2.274881516587677621e-01
2.029769959404600921e-01 2.274881516587677621e-01
2.029769959404600921e-01 2.281651997291807843e-01
2.043301759133964723e-01 2.281651997291807843e-01
2.043301759133964723e-01 2.301963439404197675e-01
2.050067658998646902e-01 2.301963439404197675e-01
2.070365358592692884e-01 2.301963439404197675e-01
2.070365358592692884e-01 2.329045362220717730e-01
2.083897158322056964e-01 2.329045362220717730e-01
2.083897158322056964e-01 2.342586323628977618e-01
2.090663058186738865e-01 2.342586323628977618e-01
2.104194857916102945e-01 2.342586323628977618e-01
2.104194857916102945e-01 2.349356804333107562e-01
2.110960757780784847e-01 2.349356804333107562e-01
2.110960757780784847e-01 2.362897765741367728e-01
2.124492557510148927e-01 2.362897765741367728e-01
2.124492557510148927e-01 2.376438727149627617e-01
2.131258457374830828e-01 2.376438727149627617e-01
2.131258457374830828e-01 2.389979688557887505e-01
2.151556156968876810e-01 2.389979688557887505e-01
2.151556156968876810e-01 2.396750169262017727e-01
2.158322056833558988e-01 2.396750169262017727e-01
2.158322056833558988e-01 2.403520649966147671e-01
2.165087956698240890e-01 2.403520649966147671e-01
2.165087956698240890e-01 2.410291130670277615e-01
2.171853856562922791e-01 2.410291130670277615e-01
2.171853856562922791e-01 2.417061611374407559e-01
2.185385656292286871e-01 2.417061611374407559e-01
2.185385656292286871e-01 2.423832092078537503e-01
2.198917456021650951e-01 2.423832092078537503e-01
2.198917456021650951e-01 2.457684495599187502e-01
2.219215155615696933e-01 2.457684495599187502e-01
2.219215155615696933e-01 2.471225457007447390e-01
2.225981055480378834e-01 2.471225457007447390e-01
2.225981055480378834e-01 2.484766418415707556e-01
2.232746955345061013e-01 2.484766418415707556e-01
2.232746955345061013e-01 2.491536899119837500e-01
2.239512855209742914e-01 2.491536899119837500e-01
2.239512855209742914e-01 2.505077860528097666e-01
2.253044654939106994e-01 2.505077860528097666e-01
2.253044654939106994e-01 2.518618821936357555e-01
2.266576454668470797e-01 2.518618821936357555e-01
2.266576454668470797e-01 2.532159783344617443e-01
2.273342354533152976e-01 2.532159783344617443e-01
2.273342354533152976e-01 2.545700744752877331e-01
2.280108254397834877e-01 2.545700744752877331e-01
2.280108254397834877e-01 2.552471225457007553e-01
2.286874154262516778e-01 2.552471225457007553e-01
2.286874154262516778e-01 2.566012186865267442e-01
2.293640054127198957e-01 2.566012186865267442e-01
2.293640054127198957e-01 2.579553148273527330e-01
2.300405953991880859e-01 2.579553148273527330e-01
2.313937753721244939e-01 2.579553148273527330e-01
2.320703653585926840e-01 2.579553148273527330e-01
2.320703653585926840e-01 2.586323628977657552e-01
2.334235453315290920e-01 2.586323628977657552e-01
2.334235453315290920e-01 2.606635071090047662e-01
2.341001353179972821e-01 2.606635071090047662e-01
2.341001353179972821e-01 2.613405551794177328e-01
2.347767253044655000e-01 2.613405551794177328e-01
2.347767253044655000e-01 2.626946513202437217e-01
2.361299052774019080e-01 2.626946513202437217e-01
2.368064952638700982e-01 2.626946513202437217e-01
2.368064952638700982e-01 2.647257955314827327e-01
2.374830852503382883e-01 2.647257955314827327e-01
2.374830852503382883e-01 2.654028436018957549e-01
2.388362652232746963e-01 2.654028436018957549e-01
2.388362652232746963e-01 2.681110358835477325e-01
2.395128552097428865e-01 2.681110358835477325e-01
2.395128552097428865e-01 2.687880839539607547e-01
2.408660351826792945e-01 2.687880839539607547e-01
2.408660351826792945e-01 2.694651320243737214e-01
2.422192151556157025e-01 2.694651320243737214e-01
2.422192151556157025e-01 2.708192281651997102e-01
2.428958051420838926e-01 2.708192281651997102e-01
2.428958051420838926e-01 2.714962762356127324e-01
2.435723951285521105e-01 2.714962762356127324e-01
2.449255751014884908e-01 2.714962762356127324e-01
2.449255751014884908e-01 2.721733243060257545e-01
2.456021650879567086e-01 2.721733243060257545e-01
2.456021650879567086e-01 2.728503723764387212e-01
2.462787550744248988e-01 2.728503723764387212e-01
2.476319350473613068e-01 2.728503723764387212e-01
2.476319350473613068e-01 2.742044685172647100e-01
2.483085250338294969e-01 2.742044685172647100e-01
2.483085250338294969e-01 2.762356127285037211e-01
2.503382949932341228e-01 2.762356127285037211e-01
2.503382949932341228e-01 2.769126607989167432e-01
2.510148849797023130e-01 2.769126607989167432e-01
2.510148849797023130e-01 2.782667569397427321e-01
2.516914749661705031e-01 2.782667569397427321e-01
2.530446549391068833e-01 2.782667569397427321e-01
2.530446549391068833e-01 2.796208530805687209e-01
2.537212449255751290e-01 2.796208530805687209e-01
2.537212449255751290e-01 2.802979011509817431e-01
2.571041948579160796e-01 2.802979011509817431e-01
2.571041948579160796e-01 2.816519972918077319e-01
2.584573748308525154e-01 2.816519972918077319e-01
2.591339648173207055e-01 2.816519972918077319e-01
2.591339648173207055e-01 2.823290453622206986e-01
2.598105548037888957e-01 2.823290453622206986e-01
2.598105548037888957e-01 2.843601895734597096e-01
2.611637347767253314e-01 2.843601895734597096e-01
2.611637347767253314e-01 2.850372376438727318e-01
2.631935047361299018e-01 2.850372376438727318e-01
2.631935047361299018e-01 2.857142857142856984e-01
2.638700947225980920e-01 2.857142857142856984e-01
2.652232746955345277e-01 2.857142857142856984e-01
2.652232746955345277e-01 2.890995260663506983e-01
2.658998646820027179e-01 2.890995260663506983e-01
2.658998646820027179e-01 2.918077183480027315e-01
2.665764546684709080e-01 2.918077183480027315e-01
2.679296346414072882e-01 2.918077183480027315e-01
2.679296346414072882e-01 2.924847664184156981e-01
2.686062246278755339e-01 2.924847664184156981e-01
2.686062246278755339e-01 2.938388625592416870e-01
2.706359945872801043e-01 2.938388625592416870e-01
2.706359945872801043e-01 2.958700067704806980e-01
2.713125845737482944e-01 2.958700067704806980e-01
2.713125845737482944e-01 2.979011509817197090e-01
2.726657645466847302e-01 2.979011509817197090e-01
2.740189445196211104e-01 2.979011509817197090e-01
2.740189445196211104e-01 2.985781990521326756e-01
2.746955345060893006e-01 2.985781990521326756e-01
2.760487144790257363e-01 2.985781990521326756e-01
2.760487144790257363e-01 2.999322951929587200e-01
2.767253044654939265e-01 2.999322951929587200e-01
2.767253044654939265e-01 3.006093432633716866e-01
2.774018944519621166e-01 3.006093432633716866e-01
2.774018944519621166e-01 3.012863913337847088e-01
2.780784844384303067e-01 3.012863913337847088e-01
2.780784844384303067e-01 3.026404874746106977e-01
2.801082543978349326e-01 3.026404874746106977e-01
2.801082543978349326e-01 3.033175355450237198e-01
2.807848443843031228e-01 3.033175355450237198e-01
2.807848443843031228e-01 3.039945836154366865e-01
2.814614343707713129e-01 3.039945836154366865e-01
2.814614343707713129e-01 3.046716316858497087e-01
2.821380243572395030e-01 3.046716316858497087e-01
2.821380243572395030e-01 3.067027758970887197e-01
2.828146143437076931e-01 3.067027758970887197e-01
2.828146143437076931e-01 3.073798239675016863e-01
2.848443843031123190e-01 3.073798239675016863e-01
2.848443843031123190e-01 3.121191604603926750e-01
2.855209742895805092e-01 3.121191604603926750e-01
2.868741542625168894e-01 3.121191604603926750e-01
2.868741542625168894e-01 3.134732566012186639e-01
2.895805142083897055e-01 3.134732566012186639e-01
2.895805142083897055e-01 3.155044008124576749e-01
2.902571041948578956e-01 3.155044008124576749e-01
2.902571041948578956e-01 3.161814488828706970e-01
2.909336941813261412e-01 3.161814488828706970e-01
2.909336941813261412e-01 3.168584969532836637e-01
2.916102841677943314e-01 3.168584969532836637e-01
2.916102841677943314e-01 3.188896411645226747e-01
2.922868741542625215e-01 3.188896411645226747e-01
2.922868741542625215e-01 3.209207853757616857e-01
2.929634641407307116e-01 3.209207853757616857e-01
2.943166441136670919e-01 3.209207853757616857e-01
2.949932341001353375e-01 3.209207853757616857e-01
2.949932341001353375e-01 3.215978334461746524e-01
2.956698240866035277e-01 3.215978334461746524e-01
2.970230040595399079e-01 3.215978334461746524e-01
2.970230040595399079e-01 3.249830737982396522e-01
2.983761840324763437e-01 3.249830737982396522e-01
2.997293640054127239e-01 3.249830737982396522e-01
2.997293640054127239e-01 3.263371699390656966e-01
3.017591339648172943e-01 3.263371699390656966e-01
3.037889039242219202e-01 3.263371699390656966e-01
3.044654939106901104e-01 3.263371699390656966e-01
3.051420838971583005e-01 3.270142180094786633e-01
3.051420838971583005e-01 3.276912660798916854e-01
3.078484438430311165e-01 3.276912660798916854e-01
3.078484438430311165e-01 3.283683141503046521e-01
3.085250338294993067e-01 3.283683141503046521e-01
3.085250338294993067e-01 3.290453622207176743e-01
3.092016238159674968e-01 3.290453622207176743e-01
3.105548037889039326e-01 3.290453622207176743e-01
3.112313937753721227e-01 3.290453622207176743e-01
3.125845737483085029e-01 3.290453622207176743e-01
3.132611637347767486e-01 3.290453622207176743e-01
3.132611637347767486e-01 3.303994583615436631e-01
3.139377537212449387e-01 3.303994583615436631e-01
3.139377537212449387e-01 3.331076506431956408e-01
3.159675236806495091e-01 3.331076506431956408e-01
3.159675236806495091e-01 3.337846987136086629e-01
3.166441136671176992e-01 3.337846987136086629e-01
3.166441136671176992e-01 3.351387948544346518e-01
3.173207036535859449e-01 3.351387948544346518e-01
3.186738836265223251e-01 3.351387948544346518e-01
3.186738836265223251e-01 3.358158429248476740e-01
3.193504736129905153e-01 3.358158429248476740e-01
3.193504736129905153e-01 3.364928909952606406e-01
3.200270635994587054e-01 3.364928909952606406e-01
3.213802435723951412e-01 3.364928909952606406e-01
3.213802435723951412e-01 3.392010832769126738e-01
3.220568335588633313e-01 3.392010832769126738e-01
3.220568335588633313e-01 3.398781313473256405e-01
3.227334235453315214e-01 3.398781313473256405e-01
3.227334235453315214e-01 3.412322274881516848e-01
3.240866035182679572e-01 3.412322274881516848e-01
3.274695534506089079e-01 3.412322274881516848e-01
3.288227334235453436e-01 3.412322274881516848e-01
3.288227334235453436e-01 3.432633716993906403e-01
3.301759133964817239e-01 3.432633716993906403e-01
3.301759133964817239e-01 3.452945159106296513e-01
3.308525033829499140e-01 3.452945159106296513e-01
3.308525033829499140e-01 3.466486120514556402e-01
3.322056833558863498e-01 3.466486120514556402e-01
3.342354533152909202e-01 3.466486120514556402e-01
3.342354533152909202e-01 3.480027081922816290e-01
3.349120433017591103e-01 3.480027081922816290e-01
3.349120433017591103e-01 3.507109004739336622e-01
3.355886332882273559e-01 3.507109004739336622e-01
3.355886332882273559e-01 3.520649966147596510e-01
3.369418132611637362e-01 3.520649966147596510e-01
3.369418132611637362e-01 3.527420446851726732e-01
3.389715832205683621e-01 3.527420446851726732e-01
3.389715832205683621e-01 3.540961408259986620e-01
3.396481732070365522e-01 3.540961408259986620e-01
3.396481732070365522e-01 3.554502369668246509e-01
3.403247631935047424e-01 3.554502369668246509e-01
3.403247631935047424e-01 3.588354773188896507e-01
3.416779431664411226e-01 3.588354773188896507e-01
3.416779431664411226e-01 3.595125253893026174e-01
3.430311231393775584e-01 3.595125253893026174e-01
3.430311231393775584e-01 3.608666215301286617e-01
3.443843031123139387e-01 3.608666215301286617e-01
3.450608930987821288e-01 3.608666215301286617e-01
3.450608930987821288e-01 3.615436696005416284e-01
3.464140730717185646e-01 3.615436696005416284e-01
3.477672530446549448e-01 3.615436696005416284e-01
3.477672530446549448e-01 3.628977657413676172e-01
3.484438430311231349e-01 3.628977657413676172e-01
3.484438430311231349e-01 3.649289099526066282e-01
3.497970230040595152e-01 3.649289099526066282e-01
3.497970230040595152e-01 3.656059580230196504e-01
3.511502029769959510e-01 3.656059580230196504e-01
3.511502029769959510e-01 3.662830060934326171e-01
3.525033829499323312e-01 3.662830060934326171e-01
3.525033829499323312e-01 3.676371022342586059e-01
3.538565629228687670e-01 3.676371022342586059e-01
3.538565629228687670e-01 3.689911983750846503e-01
3.552097428958051473e-01 3.689911983750846503e-01
3.558863328822733374e-01 3.689911983750846503e-01
3.558863328822733374e-01 3.703452945159106391e-01
3.565629228687415275e-01 3.703452945159106391e-01
3.565629228687415275e-01 3.710223425863236058e-01
3.572395128552097177e-01 3.710223425863236058e-01
3.572395128552097177e-01 3.744075829383886056e-01
3.579161028416779633e-01 3.744075829383886056e-01
3.592692828146143436e-01 3.744075829383886056e-01
3.592692828146143436e-01 3.750846310088016278e-01
3.606224627875507238e-01 3.750846310088016278e-01
3.606224627875507238e-01 3.771157752200406388e-01
3.612990527740189695e-01 3.771157752200406388e-01
3.612990527740189695e-01 3.805010155721056386e-01
3.619756427604871596e-01 3.805010155721056386e-01
3.619756427604871596e-01 3.845633039945836051e-01
3.626522327469553497e-01 3.845633039945836051e-01
3.626522327469553497e-01 3.859174001354095940e-01
3.633288227334235398e-01 3.859174001354095940e-01
3.633288227334235398e-01 3.872714962762356383e-01
3.640054127198917300e-01 3.872714962762356383e-01
3.660351826792963559e-01 3.872714962762356383e-01
3.667117726657645460e-01 3.872714962762356383e-01
3.667117726657645460e-01 3.879485443466486050e-01
3.680649526387009263e-01 3.879485443466486050e-01
3.700947225981055522e-01 3.879485443466486050e-01
3.700947225981055522e-01 3.886255924170616272e-01
3.707713125845737423e-01 3.886255924170616272e-01
3.707713125845737423e-01 3.906567366283005827e-01
3.714479025710419324e-01 3.906567366283005827e-01
3.728010825439783682e-01 3.906567366283005827e-01
3.734776725304465583e-01 3.906567366283005827e-01
3.734776725304465583e-01 3.947190250507786047e-01
3.748308525033829386e-01 3.947190250507786047e-01
3.748308525033829386e-01 3.967501692620176157e-01
3.761840324763193744e-01 3.967501692620176157e-01
3.782138024357239448e-01 3.967501692620176157e-01
3.788903924221921349e-01 3.967501692620176157e-01
3.809201623815967608e-01 3.967501692620176157e-01
3.809201623815967608e-01 3.974272173324305824e-01
3.815967523680649509e-01 3.974272173324305824e-01
3.815967523680649509e-01 3.981042654028436045e-01
3.822733423545331410e-01 3.981042654028436045e-01
3.836265223274695768e-01 3.981042654028436045e-01
3.843031123139377669e-01 3.981042654028436045e-01
3.843031123139377669e-01 3.994583615436695934e-01
3.863328822733423373e-01 3.994583615436695934e-01
3.863328822733423373e-01 4.014895057549086044e-01
3.876860622462787731e-01 4.014895057549086044e-01
3.876860622462787731e-01 4.028436018957345932e-01
3.883626522327469632e-01 4.028436018957345932e-01
3.883626522327469632e-01 4.062288422477995931e-01
3.890392422192151534e-01 4.062288422477995931e-01
3.890392422192151534e-01 4.069058903182126152e-01
3.903924221921515336e-01 4.069058903182126152e-01
3.903924221921515336e-01 4.075829383886255819e-01
3.917456021650879694e-01 4.075829383886255819e-01
3.917456021650879694e-01 4.096140825998645929e-01
3.930987821380243497e-01 4.096140825998645929e-01
3.930987821380243497e-01 4.116452268111036039e-01
3.937753721244925398e-01 4.116452268111036039e-01
3.937753721244925398e-01 4.123222748815165706e-01
3.944519621109607854e-01 4.123222748815165706e-01
3.944519621109607854e-01 4.129993229519295928e-01
3.985115020297699817e-01 4.129993229519295928e-01
3.985115020297699817e-01 4.150304671631686038e-01
3.991880920162381718e-01 4.150304671631686038e-01
3.991880920162381718e-01 4.163845633039945926e-01
3.998646820027063620e-01 4.163845633039945926e-01
3.998646820027063620e-01 4.184157075152336036e-01
4.005412719891745521e-01 4.184157075152336036e-01
4.005412719891745521e-01 4.211238997968855813e-01
4.012178619756427422e-01 4.211238997968855813e-01
4.012178619756427422e-01 4.258632362897765700e-01
4.018944519621109879e-01 4.258632362897765700e-01
4.018944519621109879e-01 4.272173324306025588e-01
4.032476319350473681e-01 4.272173324306025588e-01
4.039242219215155583e-01 4.272173324306025588e-01
4.039242219215155583e-01 4.278943805010155810e-01
4.052774018944519385e-01 4.278943805010155810e-01
4.052774018944519385e-01 4.285714285714285476e-01
4.059539918809201842e-01 4.285714285714285476e-01
4.059539918809201842e-01 4.292484766418415698e-01
4.073071718538565644e-01 4.292484766418415698e-01
4.073071718538565644e-01 4.299255247122545920e-01
4.079837618403247546e-01 4.299255247122545920e-01
4.079837618403247546e-01 4.306025727826675586e-01
4.086603518267929447e-01 4.306025727826675586e-01
4.086603518267929447e-01 4.312796208530805808e-01
4.093369418132611903e-01 4.312796208530805808e-01
4.093369418132611903e-01 4.333107650643195918e-01
4.113667117726657607e-01 4.333107650643195918e-01
4.113667117726657607e-01 4.339878131347325585e-01
4.127198917456021410e-01 4.339878131347325585e-01
4.127198917456021410e-01 4.346648612051455807e-01
4.140730717185385767e-01 4.346648612051455807e-01
4.140730717185385767e-01 4.353419092755585473e-01
4.154262516914749570e-01 4.353419092755585473e-01
4.167794316644113928e-01 4.353419092755585473e-01
4.167794316644113928e-01 4.373730534867975583e-01
4.194857916102841533e-01 4.373730534867975583e-01
4.194857916102841533e-01 4.400812457684495360e-01
4.208389715832205891e-01 4.400812457684495360e-01
4.208389715832205891e-01 4.427894380501015692e-01
4.228687415426251595e-01 4.427894380501015692e-01
4.228687415426251595e-01 4.448205822613405802e-01
4.242219215155615952e-01 4.448205822613405802e-01
4.242219215155615952e-01 4.454976303317535469e-01
4.255751014884979755e-01 4.454976303317535469e-01
4.269282814614343557e-01 4.454976303317535469e-01
4.269282814614343557e-01 4.461746784021665690e-01
4.282814614343707915e-01 4.461746784021665690e-01
4.282814614343707915e-01 4.495599187542315689e-01
4.296346414073071718e-01 4.495599187542315689e-01
4.303112313937753619e-01 4.495599187542315689e-01
4.316644113667117977e-01 4.495599187542315689e-01
4.316644113667117977e-01 4.502369668246445356e-01
4.330175913396481779e-01 4.502369668246445356e-01
4.330175913396481779e-01 4.509140148950575577e-01
4.343707713125845582e-01 4.509140148950575577e-01
4.343707713125845582e-01 4.529451591062965687e-01
4.357239512855209940e-01 4.529451591062965687e-01
4.357239512855209940e-01 4.536222071767095354e-01
4.364005412719891841e-01 4.536222071767095354e-01
4.364005412719891841e-01 4.542992552471225576e-01
4.377537212449255644e-01 4.542992552471225576e-01
4.377537212449255644e-01 4.549763033175355242e-01
4.391069012178620001e-01 4.549763033175355242e-01
4.391069012178620001e-01 4.556533513879485464e-01
4.397834912043301903e-01 4.556533513879485464e-01
4.397834912043301903e-01 4.583615436696005241e-01
4.411366711772665705e-01 4.583615436696005241e-01
4.411366711772665705e-01 4.610697359512525573e-01
4.418132611637347607e-01 4.610697359512525573e-01
4.418132611637347607e-01 4.664861205145565126e-01
4.424898511502029508e-01 4.664861205145565126e-01
4.424898511502029508e-01 4.685172647257955236e-01
4.479025710419485828e-01 4.685172647257955236e-01
4.479025710419485828e-01 4.712254570074475013e-01
4.492557510148849631e-01 4.712254570074475013e-01
4.492557510148849631e-01 4.725795531482735456e-01
4.506089309878213989e-01 4.725795531482735456e-01
4.512855209742895890e-01 4.725795531482735456e-01
4.512855209742895890e-01 4.732566012186865123e-01
4.526387009472259693e-01 4.732566012186865123e-01
4.539918809201624050e-01 4.732566012186865123e-01
4.546684709066305952e-01 4.732566012186865123e-01
4.546684709066305952e-01 4.739336492890995345e-01
4.560216508795669754e-01 4.739336492890995345e-01
4.560216508795669754e-01 4.746106973595125011e-01
4.566982408660351656e-01 4.746106973595125011e-01
4.566982408660351656e-01 4.752877454299255233e-01
4.573748308525033557e-01 4.752877454299255233e-01
4.573748308525033557e-01 4.766418415707515122e-01
4.580514208389716013e-01 4.766418415707515122e-01
4.580514208389716013e-01 4.786729857819905232e-01
4.587280108254397915e-01 4.786729857819905232e-01
4.587280108254397915e-01 4.807041299932295342e-01
4.594046008119079816e-01 4.807041299932295342e-01
4.607577807848443618e-01 4.807041299932295342e-01
4.607577807848443618e-01 4.834123222748815119e-01
4.614343707713126075e-01 4.834123222748815119e-01
4.614343707713126075e-01 4.840893703452945340e-01
4.627875507442489877e-01 4.840893703452945340e-01
4.627875507442489877e-01 4.854434664861205229e-01
4.634641407307171779e-01 4.854434664861205229e-01
4.634641407307171779e-01 4.874746106973595339e-01
4.648173207036536136e-01 4.874746106973595339e-01
4.648173207036536136e-01 4.901828029790115115e-01
4.661705006765899939e-01 4.901828029790115115e-01
4.661705006765899939e-01 4.908598510494245337e-01
4.695534506089310001e-01 4.908598510494245337e-01
4.709066305818673803e-01 4.908598510494245337e-01
4.715832205683355705e-01 4.908598510494245337e-01
4.715832205683355705e-01 4.915368991198375004e-01
4.722598105548038161e-01 4.915368991198375004e-01
4.722598105548038161e-01 4.922139471902505226e-01
4.749661705006765766e-01 4.922139471902505226e-01
4.749661705006765766e-01 4.949221394719025002e-01
4.756427604871447667e-01 4.949221394719025002e-01
4.769959404600812025e-01 4.949221394719025002e-01
4.769959404600812025e-01 4.962762356127284891e-01
4.797023004059540185e-01 4.962762356127284891e-01
4.817320703653585889e-01 4.962762356127284891e-01
4.817320703653585889e-01 4.989844278943805223e-01
4.824086603518267791e-01 4.989844278943805223e-01
4.837618403247632148e-01 4.989844278943805223e-01
4.844384303112314050e-01 4.989844278943805223e-01
4.844384303112314050e-01 5.010155721056195333e-01
4.857916102841677852e-01 5.010155721056195333e-01
4.857916102841677852e-01 5.023696682464454666e-01
4.871447902571042210e-01 5.023696682464454666e-01
4.871447902571042210e-01 5.030467163168584888e-01
4.884979702300406013e-01 5.030467163168584888e-01
4.912043301759134173e-01 5.030467163168584888e-01
4.932341001353179877e-01 5.030467163168584888e-01
4.939106901217861778e-01 5.030467163168584888e-01
4.939106901217861778e-01 5.037237643872715109e-01
4.952638700947226136e-01 5.037237643872715109e-01
4.966170500676589938e-01 5.037237643872715109e-01
4.966170500676589938e-01 5.057549085985104664e-01
4.972936400541271840e-01 5.057549085985104664e-01
4.972936400541271840e-01 5.084631008801624441e-01
4.993234100135318099e-01 5.084631008801624441e-01
5.000000000000000000e-01 5.084631008801624441e-01
5.000000000000000000e-01 5.091401489505754663e-01
5.013531799729363803e-01 5.091401489505754663e-01
5.013531799729363803e-01 5.111712931618145328e-01
5.027063599458727605e-01 5.111712931618145328e-01
5.027063599458727605e-01 5.125253893026404661e-01
5.047361299052773864e-01 5.125253893026404661e-01
5.047361299052773864e-01 5.138794854434665105e-01
5.060893098782137667e-01 5.138794854434665105e-01
5.060893098782137667e-01 5.145565335138795326e-01
5.074424898511502580e-01 5.145565335138795326e-01
5.074424898511502580e-01 5.159106296547054660e-01
5.087956698240866382e-01 5.159106296547054660e-01
5.087956698240866382e-01 5.179417738659445325e-01
5.094722598105547728e-01 5.179417738659445325e-01
5.094722598105547728e-01 5.240352064996615100e-01
5.108254397834911531e-01 5.240352064996615100e-01
5.108254397834911531e-01 5.247122545700744212e-01
5.115020297699593987e-01 5.247122545700744212e-01
5.115020297699593987e-01 5.253893026404874433e-01
5.121786197564276444e-01 5.253893026404874433e-01
5.121786197564276444e-01 5.267433987813134877e-01
5.128552097428957790e-01 5.267433987813134877e-01
5.128552097428957790e-01 5.274204468517265099e-01
5.135317997293640246e-01 5.274204468517265099e-01
5.135317997293640246e-01 5.280974949221394210e-01
5.155615696887686505e-01 5.280974949221394210e-01
5.155615696887686505e-01 5.301286391333784875e-01
5.162381596752367852e-01 5.301286391333784875e-01
5.175913396481731654e-01 5.301286391333784875e-01
5.175913396481731654e-01 5.314827352742044209e-01
5.189445196211096567e-01 5.314827352742044209e-01
5.189445196211096567e-01 5.321597833446174430e-01
5.196211096075777913e-01 5.321597833446174430e-01
5.196211096075777913e-01 5.328368314150304652e-01
5.216508795669824172e-01 5.328368314150304652e-01
5.216508795669824172e-01 5.335138794854434874e-01
5.230040595399187975e-01 5.335138794854434874e-01
5.230040595399187975e-01 5.355450236966824429e-01
5.243572395128551777e-01 5.355450236966824429e-01
5.243572395128551777e-01 5.362220717670954651e-01
5.250338294993234234e-01 5.362220717670954651e-01
5.250338294993234234e-01 5.375761679079215094e-01
5.270635994587280493e-01 5.375761679079215094e-01
5.277401894451961839e-01 5.375761679079215094e-01
5.277401894451961839e-01 5.396073121191604649e-01
5.304465493910690554e-01 5.396073121191604649e-01
5.304465493910690554e-01 5.409614082599865093e-01
5.317997293640054357e-01 5.409614082599865093e-01
5.331529093369418160e-01 5.409614082599865093e-01
5.331529093369418160e-01 5.429925524712254647e-01
5.338294993234100616e-01 5.429925524712254647e-01
5.351826792963464419e-01 5.429925524712254647e-01
5.351826792963464419e-01 5.470548408937034868e-01
5.419485791610284542e-01 5.470548408937034868e-01
5.419485791610284542e-01 5.504400812457684866e-01
5.426251691474965888e-01 5.504400812457684866e-01
5.426251691474965888e-01 5.517941773865944199e-01
5.433017591339648344e-01 5.517941773865944199e-01
5.433017591339648344e-01 5.531482735274204643e-01
5.446549391069012147e-01 5.531482735274204643e-01
5.453315290933694603e-01 5.531482735274204643e-01
5.453315290933694603e-01 5.545023696682463976e-01
5.466847090663058406e-01 5.545023696682463976e-01
5.466847090663058406e-01 5.551794177386594198e-01
5.473612990527739752e-01 5.551794177386594198e-01
5.473612990527739752e-01 5.558564658090724420e-01
5.487144790257104665e-01 5.558564658090724420e-01
5.487144790257104665e-01 5.565335138794854641e-01
5.500676589986468468e-01 5.565335138794854641e-01
5.500676589986468468e-01 5.572105619498984863e-01
5.514208389715832270e-01 5.572105619498984863e-01
5.514208389715832270e-01 5.578876100203113975e-01
5.527740189445196073e-01 5.578876100203113975e-01
5.527740189445196073e-01 5.592417061611374418e-01
5.534506089309878529e-01 5.592417061611374418e-01
5.534506089309878529e-01 5.599187542315504640e-01
5.548037889039242332e-01 5.599187542315504640e-01
5.548037889039242332e-01 5.612728503723763973e-01
5.568335588633288591e-01 5.612728503723763973e-01
5.575101488497969937e-01 5.612728503723763973e-01
5.575101488497969937e-01 5.619498984427894195e-01
5.581867388362652393e-01 5.619498984427894195e-01
5.602165087956698653e-01 5.619498984427894195e-01
5.602165087956698653e-01 5.633039945836154638e-01
5.615696887686062455e-01 5.633039945836154638e-01
5.642760487144790060e-01 5.633039945836154638e-01
5.642760487144790060e-01 5.639810426540284860e-01
5.649526387009472517e-01 5.639810426540284860e-01
5.649526387009472517e-01 5.646580907244413972e-01
5.656292286874153863e-01 5.646580907244413972e-01
5.656292286874153863e-01 5.653351387948544193e-01
5.669824086603518776e-01 5.653351387948544193e-01
5.669824086603518776e-01 5.660121868652674415e-01
5.683355886332882578e-01 5.660121868652674415e-01
5.683355886332882578e-01 5.666892349356804637e-01
5.710419485791610184e-01 5.666892349356804637e-01
5.710419485791610184e-01 5.680433310765063970e-01
5.723951285520973986e-01 5.680433310765063970e-01
5.723951285520973986e-01 5.687203791469194192e-01
5.757780784844384048e-01 5.687203791469194192e-01
5.757780784844384048e-01 5.714285714285713969e-01
5.764546684709066504e-01 5.714285714285713969e-01
5.764546684709066504e-01 5.741367637102233745e-01
5.771312584573747850e-01 5.741367637102233745e-01
5.784844384303112763e-01 5.741367637102233745e-01
5.798376184032476566e-01 5.741367637102233745e-01
5.798376184032476566e-01 5.748138117806363967e-01
5.811907983761840368e-01 5.748138117806363967e-01
5.811907983761840368e-01 5.754908598510494189e-01
5.825439783491204171e-01 5.754908598510494189e-01
5.832205683355886627e-01 5.754908598510494189e-01
5.832205683355886627e-01 5.781990521327013965e-01
5.838971583220567974e-01 5.781990521327013965e-01
5.838971583220567974e-01 5.809072444143533742e-01
5.845737483085250430e-01 5.809072444143533742e-01
5.845737483085250430e-01 5.829383886255924407e-01
5.852503382949932886e-01 5.829383886255924407e-01
5.852503382949932886e-01 5.836154366960054629e-01
5.872801082543978035e-01 5.842924847664183741e-01
5.872801082543978035e-01 5.849695328368313962e-01
5.886332882273341838e-01 5.849695328368313962e-01
5.886332882273341838e-01 5.856465809072444184e-01
5.893098782138024294e-01 5.856465809072444184e-01
5.893098782138024294e-01 5.937711577522003514e-01
5.899864682002706751e-01 5.937711577522003514e-01
5.899864682002706751e-01 5.944482058226133736e-01
5.913396481732070553e-01 5.944482058226133736e-01
5.913396481732070553e-01 5.964793500338524401e-01
5.926928281461434356e-01 5.964793500338524401e-01
5.926928281461434356e-01 5.991875423155044178e-01
5.933694181326116812e-01 5.991875423155044178e-01
5.933694181326116812e-01 6.005416384563303511e-01
5.940460081190798158e-01 6.005416384563303511e-01
5.940460081190798158e-01 6.032498307379824398e-01
5.947225981055480615e-01 6.032498307379824398e-01
5.947225981055480615e-01 6.066350710900474397e-01
5.974289580514208220e-01 6.066350710900474397e-01
5.974289580514208220e-01 6.073121191604603508e-01
5.987821380243572023e-01 6.073121191604603508e-01
5.987821380243572023e-01 6.093432633716994173e-01
6.001353179972936935e-01 6.093432633716994173e-01
6.014884979702300738e-01 6.093432633716994173e-01
6.028416779431664541e-01 6.093432633716994173e-01
6.028416779431664541e-01 6.120514556533513950e-01
6.041948579161028343e-01 6.120514556533513950e-01
6.041948579161028343e-01 6.134055517941774394e-01
6.062246278755074602e-01 6.134055517941774394e-01
6.062246278755074602e-01 6.147596479350033727e-01
6.069012178619755948e-01 6.147596479350033727e-01
6.069012178619755948e-01 6.154366960054163949e-01
6.082543978349120861e-01 6.154366960054163949e-01
6.082543978349120861e-01 6.188219363574813947e-01
6.096075778078484664e-01 6.188219363574813947e-01
6.096075778078484664e-01 6.194989844278944169e-01
6.102841677943166010e-01 6.194989844278944169e-01
6.102841677943166010e-01 6.215301286391333724e-01
6.116373477672530923e-01 6.215301286391333724e-01
6.123139377537212269e-01 6.215301286391333724e-01
6.123139377537212269e-01 6.222071767095463946e-01
6.150202976995940984e-01 6.222071767095463946e-01
6.163734776725304787e-01 6.222071767095463946e-01
6.163734776725304787e-01 6.228842247799594167e-01
6.170500676589986133e-01 6.228842247799594167e-01
6.170500676589986133e-01 6.235612728503723279e-01
6.177266576454668590e-01 6.235612728503723279e-01
6.177266576454668590e-01 6.242383209207853501e-01
6.184032476319349936e-01 6.242383209207853501e-01
6.197564276048714849e-01 6.242383209207853501e-01
6.211096075778078651e-01 6.242383209207853501e-01
6.211096075778078651e-01 6.255924170616113944e-01
6.217861975642759997e-01 6.255924170616113944e-01
6.231393775372124910e-01 6.255924170616113944e-01
6.231393775372124910e-01 6.262694651320244166e-01
6.238159675236806256e-01 6.262694651320244166e-01
6.238159675236806256e-01 6.269465132024373277e-01
6.265223274695534972e-01 6.269465132024373277e-01
6.265223274695534972e-01 6.289776574136763942e-01
6.271989174560216318e-01 6.289776574136763942e-01
6.285520974289580121e-01 6.289776574136763942e-01
6.285520974289580121e-01 6.310088016249153497e-01
6.299052774018945033e-01 6.310088016249153497e-01
6.299052774018945033e-01 6.330399458361544163e-01
6.312584573748308836e-01 6.330399458361544163e-01
6.326116373477672639e-01 6.330399458361544163e-01
6.326116373477672639e-01 6.337169939065673274e-01
6.332882273342353985e-01 6.337169939065673274e-01
6.332882273342353985e-01 6.391333784698713938e-01
6.346414073071718898e-01 6.391333784698713938e-01
6.346414073071718898e-01 6.418415707515233715e-01
6.353179972936400244e-01 6.418415707515233715e-01
6.353179972936400244e-01 6.431956668923493048e-01
6.359945872801082700e-01 6.431956668923493048e-01
6.373477672530446503e-01 6.431956668923493048e-01
6.393775372124492762e-01 6.431956668923493048e-01
6.393775372124492762e-01 6.438727149627623270e-01
6.434370771312584170e-01 6.438727149627623270e-01
6.434370771312584170e-01 6.452268111035883713e-01
6.441136671177266626e-01 6.452268111035883713e-01
6.441136671177266626e-01 6.465809072444143046e-01
6.447902571041949082e-01 6.465809072444143046e-01
6.447902571041949082e-01 6.499661475964793045e-01
6.461434370771312885e-01 6.499661475964793045e-01
6.461434370771312885e-01 6.526743398781313932e-01
6.481732070365359144e-01 6.526743398781313932e-01
6.481732070365359144e-01 6.533513879485443043e-01
6.495263870094722947e-01 6.533513879485443043e-01
6.495263870094722947e-01 6.540284360189573265e-01
6.502029769959404293e-01 6.540284360189573265e-01
6.502029769959404293e-01 6.553825321597833709e-01
6.508795669824086749e-01 6.553825321597833709e-01
6.508795669824086749e-01 6.574136763710223264e-01
6.522327469553450552e-01 6.574136763710223264e-01
6.522327469553450552e-01 6.587677725118483707e-01
6.529093369418133008e-01 6.587677725118483707e-01
6.542625169147496811e-01 6.587677725118483707e-01
6.542625169147496811e-01 6.621530128639133705e-01
6.549391069012178157e-01 6.621530128639133705e-01
6.549391069012178157e-01 6.648612051455653482e-01
6.562922868741543070e-01 6.648612051455653482e-01
6.562922868741543070e-01 6.668923493568043037e-01
6.569688768606224416e-01 6.668923493568043037e-01
6.583220568335588219e-01 6.668923493568043037e-01
6.583220568335588219e-01 6.675693974272173259e-01
6.617050067658998280e-01 6.675693974272173259e-01
6.617050067658998280e-01 6.689234935680433702e-01
6.630581867388363193e-01 6.689234935680433702e-01
6.630581867388363193e-01 6.716316858496953479e-01
6.637347767253044539e-01 6.716316858496953479e-01
6.637347767253044539e-01 6.723087339201083701e-01
6.650879566982408342e-01 6.723087339201083701e-01
6.671177266576454601e-01 6.723087339201083701e-01
6.691474966170500860e-01 6.723087339201083701e-01
6.691474966170500860e-01 6.750169262017603478e-01
6.698240866035182206e-01 6.750169262017603478e-01
6.698240866035182206e-01 6.770480704129993033e-01
6.705006765899864662e-01 6.770480704129993033e-01
6.705006765899864662e-01 6.777251184834123254e-01
6.718538565629228465e-01 6.777251184834123254e-01
6.718538565629228465e-01 6.784021665538253476e-01
6.745602165087957180e-01 6.784021665538253476e-01
6.745602165087957180e-01 6.797562626946512809e-01
6.772665764546684786e-01 6.797562626946512809e-01
6.772665764546684786e-01 6.811103588354773253e-01
6.792963464140731045e-01 6.811103588354773253e-01
6.792963464140731045e-01 6.824644549763033696e-01
6.806495263870094847e-01 6.824644549763033696e-01
6.806495263870094847e-01 6.851726472579553473e-01
6.813261163734776193e-01 6.851726472579553473e-01
6.813261163734776193e-01 6.858496953283683695e-01
6.820027063599458650e-01 6.858496953283683695e-01
6.820027063599458650e-01 6.872037914691943028e-01
6.833558863328822452e-01 6.872037914691943028e-01
6.833558863328822452e-01 6.878808395396073250e-01
6.840324763193504909e-01 6.878808395396073250e-01
6.840324763193504909e-01 6.912660798916723248e-01
6.853856562922868711e-01 6.912660798916723248e-01
6.853856562922868711e-01 6.926201760324982581e-01
6.860622462787551168e-01 6.926201760324982581e-01
6.860622462787551168e-01 6.953283683141503468e-01
6.874154262516914971e-01 6.953283683141503468e-01
6.874154262516914971e-01 7.048070412999323242e-01
6.880920162381596317e-01 7.048070412999323242e-01
6.880920162381596317e-01 7.054840893703453464e-01
6.894451962110961230e-01 7.054840893703453464e-01
6.894451962110961230e-01 7.102234258632362796e-01
6.907983761840325032e-01 7.102234258632362796e-01
6.907983761840325032e-01 7.129316181448882572e-01
6.914749661705006378e-01 7.129316181448882572e-01
6.914749661705006378e-01 7.136086662153012794e-01
6.928281461434371291e-01 7.136086662153012794e-01
6.928281461434371291e-01 7.142857142857143016e-01
6.941813261163735094e-01 7.142857142857143016e-01
6.941813261163735094e-01 7.163168584969532571e-01
6.948579161028416440e-01 7.163168584969532571e-01
6.948579161028416440e-01 7.203791469194312791e-01
6.955345060893098896e-01 7.203791469194312791e-01
6.968876860622462699e-01 7.203791469194312791e-01
6.995940460081190304e-01 7.203791469194312791e-01
6.995940460081190304e-01 7.210561949898443013e-01
7.002706359945872761e-01 7.210561949898443013e-01
7.002706359945872761e-01 7.244414353419093011e-01
7.009472259810555217e-01 7.244414353419093011e-01
7.009472259810555217e-01 7.251184834123223233e-01
7.016238159675236563e-01 7.251184834123223233e-01
7.016238159675236563e-01 7.271496276235612788e-01
7.050067658998646625e-01 7.271496276235612788e-01
7.050067658998646625e-01 7.278266756939743010e-01
7.063599458728010427e-01 7.278266756939743010e-01
7.063599458728010427e-01 7.291807718348002343e-01
7.070365358592692884e-01 7.291807718348002343e-01
7.070365358592692884e-01 7.305348679756262786e-01
7.077131258457375340e-01 7.305348679756262786e-01
7.077131258457375340e-01 7.312119160460393008e-01
7.090663058186739143e-01 7.312119160460393008e-01
7.090663058186739143e-01 7.352742044685172118e-01
7.110960757780784292e-01 7.352742044685172118e-01
7.110960757780784292e-01 7.359512525389302340e-01
7.117726657645466748e-01 7.359512525389302340e-01
7.117726657645466748e-01 7.366283006093432562e-01
7.131258457374830551e-01 7.366283006093432562e-01
7.131258457374830551e-01 7.379823967501693005e-01
7.138024357239513007e-01 7.379823967501693005e-01
7.138024357239513007e-01 7.393364928909952338e-01
7.144790257104194353e-01 7.393364928909952338e-01
7.171853856562923069e-01 7.393364928909952338e-01
7.171853856562923069e-01 7.413676371022343004e-01
7.178619756427604415e-01 7.413676371022343004e-01
7.178619756427604415e-01 7.427217332430602337e-01
7.205683355886333130e-01 7.427217332430602337e-01
7.219215155615696933e-01 7.427217332430602337e-01
7.239512855209743192e-01 7.427217332430602337e-01
7.239512855209743192e-01 7.474610697359512779e-01
7.253044654939106994e-01 7.474610697359512779e-01
7.259810554803789451e-01 7.474610697359512779e-01
7.273342354533153253e-01 7.474610697359512779e-01
7.273342354533153253e-01 7.481381178063643000e-01
7.286874154262517056e-01 7.481381178063643000e-01
7.286874154262517056e-01 7.488151658767772112e-01
7.293640054127198402e-01 7.488151658767772112e-01
7.293640054127198402e-01 7.494922139471902334e-01
7.307171853856563315e-01 7.494922139471902334e-01
7.307171853856563315e-01 7.501692620176032555e-01
7.313937753721244661e-01 7.501692620176032555e-01
7.313937753721244661e-01 7.508463100880162777e-01
7.327469553450608464e-01 7.508463100880162777e-01
7.327469553450608464e-01 7.515233581584292999e-01
7.341001353179973377e-01 7.515233581584292999e-01
7.347767253044654723e-01 7.515233581584292999e-01
7.347767253044654723e-01 7.535545023696682554e-01
7.361299052774018525e-01 7.535545023696682554e-01
7.368064952638700982e-01 7.535545023696682554e-01
7.381596752368064784e-01 7.535545023696682554e-01
7.395128552097428587e-01 7.535545023696682554e-01
7.395128552097428587e-01 7.549085985104942997e-01
7.401894451962111043e-01 7.549085985104942997e-01
7.401894451962111043e-01 7.555856465809072109e-01
7.422192151556157302e-01 7.555856465809072109e-01
7.422192151556157302e-01 7.569397427217332552e-01
7.428958051420838649e-01 7.569397427217332552e-01
7.428958051420838649e-01 7.582938388625591886e-01
7.435723951285521105e-01 7.582938388625591886e-01
7.435723951285521105e-01 7.589708869329722107e-01
7.449255751014884908e-01 7.589708869329722107e-01
7.449255751014884908e-01 7.610020311442112773e-01
7.456021650879567364e-01 7.610020311442112773e-01
7.456021650879567364e-01 7.630331753554502328e-01
7.483085250338294969e-01 7.630331753554502328e-01
7.483085250338294969e-01 7.637102234258632549e-01
7.496617050067658772e-01 7.637102234258632549e-01
7.496617050067658772e-01 7.643872714962762771e-01
7.510148849797022574e-01 7.643872714962762771e-01
7.510148849797022574e-01 7.664184157075152326e-01
7.523680649526387487e-01 7.664184157075152326e-01
7.543978349120432636e-01 7.664184157075152326e-01
7.543978349120432636e-01 7.670954637779282548e-01
7.550744248985115092e-01 7.670954637779282548e-01
7.550744248985115092e-01 7.704807041299932546e-01
7.564276048714478895e-01 7.704807041299932546e-01
7.564276048714478895e-01 7.718348002708191880e-01
7.571041948579161351e-01 7.718348002708191880e-01
7.591339648173206500e-01 7.718348002708191880e-01
7.598105548037888957e-01 7.718348002708191880e-01
7.598105548037888957e-01 7.725118483412322101e-01
7.611637347767252759e-01 7.725118483412322101e-01
7.611637347767252759e-01 7.731888964116452323e-01
7.625169147496616562e-01 7.731888964116452323e-01
7.638700947225981475e-01 7.731888964116452323e-01
7.652232746955345277e-01 7.731888964116452323e-01
7.652232746955345277e-01 7.752200406228841878e-01
7.658998646820026623e-01 7.752200406228841878e-01
7.658998646820026623e-01 7.779282329045362765e-01
7.665764546684709080e-01 7.779282329045362765e-01
7.665764546684709080e-01 7.806364251861882542e-01
7.672530446549391536e-01 7.806364251861882542e-01
7.672530446549391536e-01 7.833446174678402318e-01
7.692828146143436685e-01 7.833446174678402318e-01
7.706359945872801598e-01 7.833446174678402318e-01
7.706359945872801598e-01 7.840216655382532540e-01
7.726657645466846747e-01 7.840216655382532540e-01
7.726657645466846747e-01 7.853757616790791873e-01
7.740189445196210549e-01 7.853757616790791873e-01
7.740189445196210549e-01 7.860528097494922095e-01
7.746955345060893006e-01 7.860528097494922095e-01
7.746955345060893006e-01 7.867298578199052317e-01
7.760487144790256808e-01 7.867298578199052317e-01
7.760487144790256808e-01 7.874069058903182539e-01
7.767253044654939265e-01 7.874069058903182539e-01
7.767253044654939265e-01 7.887610020311441872e-01
7.774018944519620611e-01 7.887610020311441872e-01
7.774018944519620611e-01 7.894380501015572094e-01
7.780784844384303067e-01 7.894380501015572094e-01
7.780784844384303067e-01 7.901150981719702315e-01
7.787550744248985524e-01 7.901150981719702315e-01
7.787550744248985524e-01 7.921462423832091870e-01
7.794316644113666870e-01 7.921462423832091870e-01
7.794316644113666870e-01 7.928232904536222092e-01
7.807848443843030672e-01 7.928232904536222092e-01
7.807848443843030672e-01 7.935003385240352314e-01
7.814614343707713129e-01 7.935003385240352314e-01
7.814614343707713129e-01 7.941773865944482536e-01
7.828146143437076931e-01 7.941773865944482536e-01
7.828146143437076931e-01 7.948544346648611647e-01
7.834912043301759388e-01 7.948544346648611647e-01
7.834912043301759388e-01 7.962085308056872091e-01
7.841677943166440734e-01 7.962085308056872091e-01
7.855209742895805647e-01 7.962085308056872091e-01
7.868741542625169449e-01 7.962085308056872091e-01
7.868741542625169449e-01 7.975626269465132534e-01
7.875507442489850796e-01 7.975626269465132534e-01
7.895805142083897055e-01 7.975626269465132534e-01
7.895805142083897055e-01 7.982396750169261646e-01
7.909336941813260857e-01 7.982396750169261646e-01
7.909336941813260857e-01 7.995937711577522089e-01
7.922868741542624660e-01 7.995937711577522089e-01
7.922868741542624660e-01 8.002708192281652311e-01
7.929634641407307116e-01 8.002708192281652311e-01
7.929634641407307116e-01 8.023019634394041866e-01
7.936400541271989573e-01 8.023019634394041866e-01
7.936400541271989573e-01 8.036560595802302309e-01
7.943166441136670919e-01 8.036560595802302309e-01
7.956698240866034721e-01 8.036560595802302309e-01
7.956698240866034721e-01 8.043331076506431421e-01
7.970230040595399634e-01 8.043331076506431421e-01
7.970230040595399634e-01 8.077183480027081419e-01
7.983761840324763437e-01 8.077183480027081419e-01
7.983761840324763437e-01 8.090724441435341863e-01
7.997293640054127239e-01 8.090724441435341863e-01
8.004059539918809696e-01 8.090724441435341863e-01
8.004059539918809696e-01 8.097494922139472084e-01
8.024357239512854845e-01 8.097494922139472084e-01
8.024357239512854845e-01 8.104265402843602306e-01
8.031123139377537301e-01 8.104265402843602306e-01
8.031123139377537301e-01 8.131347325660122083e-01
8.044654939106901104e-01 8.131347325660122083e-01
8.058186738836264906e-01 8.131347325660122083e-01
8.058186738836264906e-01 8.138117806364252305e-01
8.071718538565628709e-01 8.138117806364252305e-01
8.071718538565628709e-01 8.165199729180772081e-01
8.078484438430311165e-01 8.165199729180772081e-01
8.078484438430311165e-01 8.171970209884902303e-01
8.085250338294993622e-01 8.171970209884902303e-01
8.085250338294993622e-01 8.185511171293161636e-01
8.098782138024357424e-01 8.185511171293161636e-01
8.098782138024357424e-01 8.205822613405552302e-01
8.105548037889038770e-01 8.205822613405552302e-01
8.105548037889038770e-01 8.226134055517941857e-01
8.119079837618403683e-01 8.226134055517941857e-01
8.119079837618403683e-01 8.280297901150981410e-01
8.125845737483085029e-01 8.280297901150981410e-01
8.125845737483085029e-01 8.293838862559241853e-01
8.132611637347767486e-01 8.293838862559241853e-01
8.132611637347767486e-01 8.307379823967501187e-01
8.139377537212448832e-01 8.307379823967501187e-01
8.139377537212448832e-01 8.314150304671631408e-01
8.152909336941813745e-01 8.314150304671631408e-01
8.166441136671177548e-01 8.314150304671631408e-01
8.179972936400541350e-01 8.314150304671631408e-01
8.200270635994587609e-01 8.314150304671631408e-01
8.200270635994587609e-01 8.327691266079891852e-01
8.207036535859268955e-01 8.327691266079891852e-01
8.220568335588632758e-01 8.327691266079891852e-01
8.240866035182679017e-01 8.327691266079891852e-01
8.240866035182679017e-01 8.348002708192281407e-01
8.247631935047361473e-01 8.348002708192281407e-01
8.267929634641407732e-01 8.348002708192281407e-01
8.274695534506089079e-01 8.348002708192281407e-01
8.274695534506089079e-01 8.381855111712931405e-01
8.281461434370771535e-01 8.381855111712931405e-01
8.281461434370771535e-01 8.388625592417061627e-01
8.288227334235452881e-01 8.388625592417061627e-01
8.308525033829499140e-01 8.388625592417061627e-01
8.308525033829499140e-01 8.395396073121191849e-01
8.322056833558862943e-01 8.395396073121191849e-01
8.322056833558862943e-01 8.402166553825322071e-01
8.335588633288227856e-01 8.402166553825322071e-01
8.335588633288227856e-01 8.408937034529451182e-01
8.396481732070365522e-01 8.408937034529451182e-01
8.396481732070365522e-01 8.422477995937711626e-01
8.410013531799729325e-01 8.422477995937711626e-01
8.410013531799729325e-01 8.429248476641841847e-01
8.423545331529093128e-01 8.429248476641841847e-01
8.423545331529093128e-01 8.436018957345972069e-01
8.450608930987821843e-01 8.436018957345972069e-01
8.450608930987821843e-01 8.442789438050101181e-01
8.464140730717185646e-01 8.442789438050101181e-01
8.464140730717185646e-01 8.496953283683141844e-01
8.477672530446549448e-01 8.496953283683141844e-01
8.477672530446549448e-01 8.503723764387270956e-01
8.484438430311231905e-01 8.503723764387270956e-01
8.484438430311231905e-01 8.510494245091401178e-01
8.491204330175913251e-01 8.510494245091401178e-01
8.504736129905277053e-01 8.510494245091401178e-01
8.504736129905277053e-01 8.517264725795531399e-01
8.518267929634640856e-01 8.517264725795531399e-01
8.518267929634640856e-01 8.530805687203791843e-01
8.525033829499323312e-01 8.530805687203791843e-01
8.545331529093369571e-01 8.530805687203791843e-01
8.545331529093369571e-01 8.544346648612051176e-01
8.552097428958050918e-01 8.544346648612051176e-01
8.565629228687415830e-01 8.544346648612051176e-01
8.565629228687415830e-01 8.557887610020311620e-01
8.572395128552097177e-01 8.557887610020311620e-01
8.572395128552097177e-01 8.564658090724441841e-01
8.585926928281460979e-01 8.564658090724441841e-01
8.585926928281460979e-01 8.571428571428570953e-01
8.599458728010825892e-01 8.571428571428570953e-01
8.606224627875507238e-01 8.571428571428570953e-01
8.606224627875507238e-01 8.578199052132701175e-01
8.612990527740189695e-01 8.578199052132701175e-01
8.612990527740189695e-01 8.584969532836831396e-01
8.619756427604871041e-01 8.584969532836831396e-01
8.619756427604871041e-01 8.591740013540961618e-01
8.626522327469553497e-01 8.591740013540961618e-01
8.626522327469553497e-01 8.612051455653351173e-01
8.633288227334235954e-01 8.612051455653351173e-01
8.646820027063599756e-01 8.612051455653351173e-01
8.646820027063599756e-01 8.618821936357481395e-01
8.653585926928281102e-01 8.618821936357481395e-01
8.653585926928281102e-01 8.632362897765741838e-01
8.673883626522327361e-01 8.632362897765741838e-01
8.673883626522327361e-01 8.672985781990520948e-01
8.680649526387009818e-01 8.672985781990520948e-01
8.680649526387009818e-01 8.686526743398781392e-01
8.687415426251691164e-01 8.686526743398781392e-01
8.687415426251691164e-01 8.706838185511170947e-01
8.694181326116373620e-01 8.706838185511170947e-01
8.707713125845737423e-01 8.706838185511170947e-01
8.707713125845737423e-01 8.713608666215301168e-01
8.728010825439783682e-01 8.713608666215301168e-01
8.728010825439783682e-01 8.727149627623561612e-01
8.741542625169147485e-01 8.727149627623561612e-01
8.755074424898511287e-01 8.727149627623561612e-01
8.768606224627875090e-01 8.727149627623561612e-01
8.768606224627875090e-01 8.733920108327690723e-01
8.788903924221921349e-01 8.733920108327690723e-01
8.788903924221921349e-01 8.747461069735951167e-01
8.795669824086603805e-01 8.747461069735951167e-01
8.795669824086603805e-01 8.767772511848340722e-01
8.809201623815967608e-01 8.767772511848340722e-01
8.809201623815967608e-01 8.774542992552470944e-01
8.822733423545331410e-01 8.774542992552470944e-01
8.822733423545331410e-01 8.781313473256601165e-01
8.836265223274695213e-01 8.781313473256601165e-01
8.836265223274695213e-01 8.801624915368990720e-01
8.863328822733423928e-01 8.801624915368990720e-01
8.863328822733423928e-01 8.815165876777251164e-01
8.870094722598105275e-01 8.815165876777251164e-01
8.870094722598105275e-01 8.821936357481381386e-01
8.883626522327469077e-01 8.821936357481381386e-01
8.883626522327469077e-01 8.828706838185511607e-01
8.897158322056833990e-01 8.828706838185511607e-01
8.897158322056833990e-01 8.835477318889640719e-01
8.903924221921515336e-01 8.835477318889640719e-01
8.903924221921515336e-01 8.849018280297901162e-01
8.924221921515561595e-01 8.849018280297901162e-01
8.937753721244925398e-01 8.849018280297901162e-01
8.937753721244925398e-01 8.889641164522681382e-01
8.944519621109607854e-01 8.889641164522681382e-01
8.944519621109607854e-01 8.896411645226811604e-01
8.951285520974289200e-01 8.896411645226811604e-01
8.951285520974289200e-01 8.923493568043331381e-01
8.964817320703654113e-01 8.923493568043331381e-01
8.964817320703654113e-01 8.937034529451590714e-01
8.971583220568335459e-01 8.937034529451590714e-01
8.971583220568335459e-01 8.943805010155720936e-01
8.985115020297699262e-01 8.943805010155720936e-01
8.991880920162381718e-01 8.943805010155720936e-01
8.991880920162381718e-01 8.964116452268110491e-01
8.998646820027063065e-01 8.964116452268110491e-01
8.998646820027063065e-01 8.991198375084631378e-01
9.005412719891745521e-01 8.991198375084631378e-01
9.005412719891745521e-01 8.997968855788760489e-01
9.012178619756427977e-01 8.997968855788760489e-01
9.012178619756427977e-01 9.004739336492890711e-01
9.018944519621109324e-01 9.004739336492890711e-01
9.018944519621109324e-01 9.011509817197020933e-01
9.032476319350473126e-01 9.011509817197020933e-01
9.032476319350473126e-01 9.018280297901151155e-01
9.039242219215155583e-01 9.018280297901151155e-01
9.039242219215155583e-01 9.025050778605281376e-01
9.052774018944519385e-01 9.025050778605281376e-01
9.052774018944519385e-01 9.031821259309410488e-01
9.059539918809201842e-01 9.031821259309410488e-01
9.059539918809201842e-01 9.045362220717670931e-01
9.086603518267929447e-01 9.045362220717670931e-01
9.086603518267929447e-01 9.065673662830060486e-01
9.093369418132611903e-01 9.065673662830060486e-01
9.093369418132611903e-01 9.079214624238320930e-01
9.106901217861975706e-01 9.079214624238320930e-01
9.106901217861975706e-01 9.106296547054840707e-01
9.113667117726658162e-01 9.106296547054840707e-01
9.113667117726658162e-01 9.133378469871360483e-01
9.127198917456021965e-01 9.133378469871360483e-01
9.127198917456021965e-01 9.146919431279620927e-01
9.147496617050067114e-01 9.146919431279620927e-01
9.147496617050067114e-01 9.160460392687881370e-01
9.181326116373477175e-01 9.160460392687881370e-01
9.181326116373477175e-01 9.187542315504401147e-01
9.194857916102842088e-01 9.187542315504401147e-01
9.208389715832205891e-01 9.187542315504401147e-01
9.208389715832205891e-01 9.194312796208530258e-01
9.221921515561569693e-01 9.194312796208530258e-01
9.221921515561569693e-01 9.207853757616790702e-01
9.242219215155615952e-01 9.207853757616790702e-01
9.242219215155615952e-01 9.214624238320920924e-01
9.248985115020297298e-01 9.214624238320920924e-01
9.248985115020297298e-01 9.221394719025051145e-01
9.262516914749662211e-01 9.221394719025051145e-01
9.276048714479026014e-01 9.221394719025051145e-01
9.276048714479026014e-01 9.228165199729180257e-01
9.282814614343707360e-01 9.228165199729180257e-01
9.282814614343707360e-01 9.248476641841570922e-01
9.303112313937753619e-01 9.248476641841570922e-01
9.303112313937753619e-01 9.262017603249830255e-01
9.323410013531799878e-01 9.262017603249830255e-01
9.323410013531799878e-01 9.268788083953960477e-01
9.330175913396481224e-01 9.268788083953960477e-01
9.330175913396481224e-01 9.275558564658090699e-01
9.336941813261163681e-01 9.275558564658090699e-01
9.336941813261163681e-01 9.289099526066351142e-01
9.343707713125846137e-01 9.289099526066351142e-01
9.343707713125846137e-01 9.343263371699390696e-01
9.350473612990527483e-01 9.343263371699390696e-01
9.350473612990527483e-01 9.356804333107651139e-01
9.357239512855209940e-01 9.356804333107651139e-01
9.384303112313937545e-01 9.356804333107651139e-01
9.384303112313937545e-01 9.397427217332430249e-01
9.391069012178620001e-01 9.397427217332430249e-01
9.391069012178620001e-01 9.417738659444820915e-01
9.397834912043301347e-01 9.417738659444820915e-01
9.397834912043301347e-01 9.424509140148950026e-01
9.424898511502030063e-01 9.424509140148950026e-01
9.424898511502030063e-01 9.471902505077860468e-01
9.431664411366711409e-01 9.471902505077860468e-01
9.431664411366711409e-01 9.485443466486120911e-01
9.445196211096076322e-01 9.485443466486120911e-01
9.445196211096076322e-01 9.512525389302640688e-01
9.451962110960757668e-01 9.512525389302640688e-01
9.451962110960757668e-01 9.526066350710900021e-01
9.458728010825440125e-01 9.526066350710900021e-01
9.458728010825440125e-01 9.532836831415030243e-01
9.465493910690121471e-01 9.532836831415030243e-01
9.465493910690121471e-01 9.573459715639810463e-01
9.479025710419485273e-01 9.573459715639810463e-01
9.485791610284167730e-01 9.573459715639810463e-01
9.485791610284167730e-01 9.587000677048070907e-01
9.492557510148850186e-01 9.587000677048070907e-01
9.492557510148850186e-01 9.600541638456330240e-01
9.499323410013531532e-01 9.600541638456330240e-01
9.499323410013531532e-01 9.607312119160460462e-01
9.506089309878213989e-01 9.607312119160460462e-01
9.506089309878213989e-01 9.614082599864590684e-01
9.519621109607577791e-01 9.614082599864590684e-01
9.519621109607577791e-01 9.647935003385240682e-01
9.533152909336941594e-01 9.647935003385240682e-01
9.533152909336941594e-01 9.654705484089369794e-01
9.539918809201624050e-01 9.654705484089369794e-01
9.539918809201624050e-01 9.668246445497630237e-01
9.553450608930987853e-01 9.668246445497630237e-01
9.553450608930987853e-01 9.675016926201760459e-01
9.566982408660351656e-01 9.675016926201760459e-01
9.580514208389715458e-01 9.675016926201760459e-01
9.587280108254397915e-01 9.675016926201760459e-01
9.587280108254397915e-01 9.681787406905890681e-01
9.594046008119080371e-01 9.681787406905890681e-01
9.594046008119080371e-01 9.702098849018280236e-01
9.614343707713125520e-01 9.702098849018280236e-01
9.614343707713125520e-01 9.729180771834800012e-01
9.621109607577807976e-01 9.729180771834800012e-01
9.621109607577807976e-01 9.735951252538930234e-01
9.634641407307171779e-01 9.735951252538930234e-01
9.634641407307171779e-01 9.749492213947190677e-01
9.641407307171854235e-01 9.749492213947190677e-01
9.641407307171854235e-01 9.756262694651319789e-01
9.654939106901218038e-01 9.756262694651319789e-01
9.654939106901218038e-01 9.769803656059580232e-01
9.668470906630581840e-01 9.769803656059580232e-01
9.668470906630581840e-01 9.776574136763710454e-01
9.688768606224628099e-01 9.776574136763710454e-01
9.688768606224628099e-01 9.810426540284360453e-01
9.695534506089309446e-01 9.810426540284360453e-01
9.695534506089309446e-01 9.817197020988490674e-01
9.715832205683355705e-01 9.817197020988490674e-01
9.729364005412719507e-01 9.817197020988490674e-01
9.729364005412719507e-01 9.830737982396750008e-01
9.742895805142084420e-01 9.830737982396750008e-01
9.742895805142084420e-01 9.837508463100880229e-01
9.749661705006765766e-01 9.837508463100880229e-01
9.763193504736129569e-01 9.837508463100880229e-01
9.769959404600812025e-01 9.837508463100880229e-01
9.769959404600812025e-01 9.844278943805010451e-01
9.783491204330175828e-01 9.844278943805010451e-01
9.783491204330175828e-01 9.851049424509140673e-01
9.790257104194858284e-01 9.851049424509140673e-01
9.790257104194858284e-01 9.857819905213269784e-01
9.797023004059539630e-01 9.857819905213269784e-01
9.797023004059539630e-01 9.871360866621530228e-01
9.803788903924222087e-01 9.871360866621530228e-01
9.803788903924222087e-01 9.884901828029789561e-01
9.810554803788903433e-01 9.884901828029789561e-01
9.810554803788903433e-01 9.898442789438050005e-01
9.817320703653585889e-01 9.898442789438050005e-01
9.844384303112313495e-01 9.898442789438050005e-01
9.844384303112313495e-01 9.925524712254569781e-01
9.851150202976995951e-01 9.925524712254569781e-01
9.851150202976995951e-01 9.932295192958700003e-01
9.864682002706359754e-01 9.932295192958700003e-01
9.864682002706359754e-01 9.952606635071089558e-01
9.878213802435723556e-01 9.952606635071089558e-01
9.878213802435723556e-01 9.972918077183480223e-01
9.884979702300406013e-01 9.972918077183480223e-01
9.912043301759133618e-01 9.972918077183480223e-01
9.939106901217862333e-01 9.972918077183480223e-01
9.939106901217862333e-01 9.979688557887610445e-01
9.952638700947226136e-01 9.979688557887610445e-01
9.979702300405953741e-01 9.979688557887610445e-01
9.979702300405953741e-01 9.986459038591739557e-01
9.986468200270636197e-01 9.986459038591739557e-01
9.986468200270636197e-01 1.000000000000000000e+00
1.000000000000000000e+00 1.000000000000000000e+00
