# auc=0.640
# acc=0.594
0.000000000000000000e+00 0.000000000000000000e+00
0.000000000000000000e+00 6.770480704129992972e-04
0.000000000000000000e+00 1.692620176032498189e-02
1.353179972936400643e-03 1.692620176032498189e-02
1.353179972936400643e-03 3.182125930941096664e-02
2.029769959404600747e-03 3.182125930941096664e-02
2.029769959404600747e-03 4.197698036560595924e-02
3.382949932341001390e-03 4.197698036560595924e-02
3.382949932341001390e-03 4.400812457684495638e-02
4.736129905277402033e-03 4.400812457684495638e-02
4.736129905277402033e-03 4.942450914014895336e-02
5.412719891745602571e-03 4.942450914014895336e-02
6.765899864682002780e-03 4.942450914014895336e-02
6.765899864682002780e-03 5.822613405551794324e-02
7.442489851150203319e-03 5.822613405551794324e-02
7.442489851150203319e-03 5.958023019634393902e-02
8.119079837618402989e-03 5.958023019634393902e-02
8.119079837618402989e-03 6.161137440758293615e-02
9.472259810554804066e-03 6.161137440758293615e-02
9.472259810554804066e-03 6.567366283006093042e-02
1.014884979702300460e-02 6.567366283006093042e-02
1.014884979702300460e-02 6.770480704129992755e-02
1.150202976995940395e-02 6.770480704129992755e-02
1.150202976995940395e-02 6.838185511171293585e-02
1.217861975642760448e-02 6.838185511171293585e-02
1.217861975642760448e-02 7.786052809749492709e-02
1.285520974289580502e-02 7.786052809749492709e-02
1.285520974289580502e-02 7.853757616790792151e-02
1.420838971583220610e-02 7.853757616790792151e-02
1.420838971583220610e-02 8.530805687203792120e-02
1.488497970230040664e-02 8.530805687203792120e-02
1.488497970230040664e-02 9.072444143534190431e-02
1.556156968876860544e-02 9.072444143534190431e-02
1.556156968876860544e-02 9.410968178740690415e-02
1.623815967523680598e-02 9.410968178740690415e-02
1.623815967523680598e-02 1.015572105619498983e-01
1.691474966170500652e-02 1.015572105619498983e-01
1.691474966170500652e-02 1.035883547731888954e-01
1.759133964817320706e-02 1.035883547731888954e-01
1.894451962110960813e-02 1.035883547731888954e-01
1.894451962110960813e-02 1.049424509140148981e-01
2.029769959404600921e-02 1.049424509140148981e-01
2.029769959404600921e-02 1.056194989844278925e-01
2.097428958051420975e-02 1.056194989844278925e-01
2.097428958051420975e-02 1.062965470548408869e-01
2.165087956698241028e-02 1.062965470548408869e-01
2.165087956698241028e-02 1.069735951252538952e-01
2.232746955345060735e-02 1.069735951252538952e-01
2.232746955345060735e-02 1.076506431956668897e-01
2.368064952638700843e-02 1.076506431956668897e-01
2.368064952638700843e-02 1.103588354773188951e-01
2.435723951285520897e-02 1.103588354773188951e-01
2.435723951285520897e-02 1.123899796885578922e-01
2.571041948579161004e-02 1.123899796885578922e-01
2.571041948579161004e-02 1.137440758293838811e-01
2.638700947225981058e-02 1.137440758293838811e-01
2.638700947225981058e-02 1.164522681110358865e-01
2.706359945872801112e-02 1.164522681110358865e-01
2.706359945872801112e-02 1.184834123222748836e-01
2.841677943166441220e-02 1.184834123222748836e-01
2.841677943166441220e-02 1.232227488151658723e-01
2.976995940460081327e-02 1.232227488151658723e-01
2.976995940460081327e-02 1.286391333784698832e-01
3.044654939106901381e-02 1.286391333784698832e-01
3.044654939106901381e-02 1.327014218009478774e-01
3.179972936400541489e-02 1.327014218009478774e-01
3.179972936400541489e-02 1.340555179417738663e-01
3.315290933694181597e-02 1.340555179417738663e-01
3.315290933694181597e-02 1.489505754908598545e-01
3.382949932341001303e-02 1.489505754908598545e-01
3.382949932341001303e-02 1.509817197020988377e-01
3.518267929634641411e-02 1.509817197020988377e-01
3.585926928281461118e-02 1.509817197020988377e-01
3.585926928281461118e-02 1.516587677725118599e-01
3.721244925575101226e-02 1.516587677725118599e-01
3.721244925575101226e-02 1.563981042654028486e-01
3.788903924221921626e-02 1.563981042654028486e-01
3.788903924221921626e-02 1.591062965470548540e-01
3.856562922868741333e-02 1.591062965470548540e-01
4.127198917456021549e-02 1.591062965470548540e-01
4.194857916102841949e-02 1.591062965470548540e-01
4.194857916102841949e-02 1.604603926878808429e-01
4.262516914749661656e-02 1.604603926878808429e-01
4.262516914749661656e-02 1.618144888287068317e-01
4.330175913396482057e-02 1.618144888287068317e-01
4.330175913396482057e-02 1.624915368991198261e-01
4.465493910690121471e-02 1.624915368991198261e-01
4.668470906630581979e-02 1.624915368991198261e-01
4.668470906630581979e-02 1.631685849695328483e-01
4.736129905277401686e-02 1.631685849695328483e-01
4.736129905277401686e-02 1.665538253215978204e-01
4.871447902571041794e-02 1.665538253215978204e-01
4.939106901217862194e-02 1.665538253215978204e-01
4.939106901217862194e-02 1.672308733920108426e-01
5.074424898511502302e-02 1.672308733920108426e-01
5.074424898511502302e-02 1.692620176032498258e-01
5.142083897158322009e-02 1.692620176032498258e-01
5.142083897158322009e-02 1.706161137440758424e-01
5.277401894451962117e-02 1.706161137440758424e-01
5.277401894451962117e-02 1.740013540961408145e-01
5.412719891745602224e-02 1.740013540961408145e-01
5.412719891745602224e-02 1.773865944482058143e-01
5.548037889039242332e-02 1.773865944482058143e-01
5.548037889039242332e-02 1.834800270819228196e-01
5.683355886332882440e-02 1.834800270819228196e-01
5.683355886332882440e-02 1.861882193635748250e-01
5.751014884979702146e-02 1.861882193635748250e-01
5.751014884979702146e-02 1.882193635748138083e-01
5.886332882273342254e-02 1.882193635748138083e-01
5.886332882273342254e-02 1.936357481381178192e-01
6.021650879566982362e-02 1.936357481381178192e-01
6.021650879566982362e-02 1.943127962085308136e-01
6.156968876860622469e-02 1.943127962085308136e-01
6.156968876860622469e-02 1.956668923493568024e-01
6.224627875507442176e-02 1.956668923493568024e-01
6.224627875507442176e-02 1.963439404197697968e-01
6.292286874154262577e-02 1.963439404197697968e-01
6.292286874154262577e-02 2.017603249830738077e-01
6.359945872801082978e-02 2.017603249830738077e-01
6.359945872801082978e-02 2.051455653351388075e-01
6.427604871447901991e-02 2.051455653351388075e-01
6.427604871447901991e-02 2.139471902505077905e-01
6.562922868741542792e-02 2.139471902505077905e-01
6.562922868741542792e-02 2.166553825321597959e-01
6.630581867388363193e-02 2.166553825321597959e-01
6.630581867388363193e-02 2.186865267433987792e-01
6.833558863328823008e-02 2.186865267433987792e-01
6.968876860622462421e-02 2.186865267433987792e-01
6.968876860622462421e-02 2.200406228842247680e-01
7.036535859269282822e-02 2.200406228842247680e-01
7.036535859269282822e-02 2.220717670954637790e-01
7.239512855209742637e-02 2.220717670954637790e-01
7.239512855209742637e-02 2.261340555179417733e-01
7.307171853856563037e-02 2.261340555179417733e-01
7.307171853856563037e-02 2.281651997291807843e-01
7.374830852503383438e-02 2.281651997291807843e-01
7.374830852503383438e-02 2.322274881516587786e-01
7.510148849797022852e-02 2.322274881516587786e-01
7.510148849797022852e-02 2.342586323628977618e-01
7.645466847090663653e-02 2.342586323628977618e-01
7.645466847090663653e-02 2.349356804333107562e-01
7.780784844384303067e-02 2.349356804333107562e-01
7.780784844384303067e-02 2.356127285037237507e-01
7.848443843031123468e-02 2.356127285037237507e-01
7.848443843031123468e-02 2.369668246445497672e-01
7.983761840324762882e-02 2.369668246445497672e-01
7.983761840324762882e-02 2.396750169262017727e-01
8.051420838971583283e-02 2.396750169262017727e-01
8.051420838971583283e-02 2.417061611374407559e-01
8.119079837618403683e-02 2.417061611374407559e-01
8.254397834912043097e-02 2.417061611374407559e-01
8.322056833558863498e-02 2.417061611374407559e-01
8.322056833558863498e-02 2.444143534190927614e-01
8.389715832205683899e-02 2.444143534190927614e-01
8.389715832205683899e-02 2.471225457007447390e-01
8.457374830852502912e-02 2.471225457007447390e-01
8.457374830852502912e-02 2.484766418415707556e-01
8.525033829499323312e-02 2.484766418415707556e-01
8.525033829499323312e-02 2.491536899119837500e-01
8.660351826792964114e-02 2.491536899119837500e-01
8.660351826792964114e-02 2.518618821936357555e-01
8.863328822733423928e-02 2.518618821936357555e-01
8.863328822733423928e-02 2.525389302640487221e-01
8.930987821380242941e-02 2.525389302640487221e-01
8.930987821380242941e-02 2.532159783344617443e-01
8.998646820027063342e-02 2.532159783344617443e-01
9.133964817320704144e-02 2.532159783344617443e-01
9.133964817320704144e-02 2.552471225457007553e-01
9.201623815967523157e-02 2.552471225457007553e-01
9.201623815967523157e-02 2.559241706161137220e-01
9.336941813261163958e-02 2.559241706161137220e-01
9.472259810554803372e-02 2.559241706161137220e-01
9.472259810554803372e-02 2.579553148273527330e-01
9.539918809201623773e-02 2.579553148273527330e-01
9.675236806495263187e-02 2.579553148273527330e-01
9.675236806495263187e-02 2.633716993906567438e-01
9.742895805142083587e-02 2.633716993906567438e-01
9.742895805142083587e-02 2.640487474610697105e-01
9.878213802435724389e-02 2.640487474610697105e-01
9.945872801082543402e-02 2.640487474610697105e-01
9.945872801082543402e-02 2.647257955314827327e-01
1.001353179972936380e-01 2.647257955314827327e-01
1.014884979702300460e-01 2.647257955314827327e-01
1.014884979702300460e-01 2.660798916723087215e-01
1.028416779431664402e-01 2.660798916723087215e-01
1.028416779431664402e-01 2.681110358835477325e-01
1.035182679296346442e-01 2.681110358835477325e-01
1.035182679296346442e-01 2.694651320243737214e-01
1.041948579161028482e-01 2.694651320243737214e-01
1.041948579161028482e-01 2.701421800947867435e-01
1.075778078484438405e-01 2.701421800947867435e-01
1.075778078484438405e-01 2.742044685172647100e-01
1.082543978349120445e-01 2.742044685172647100e-01
1.082543978349120445e-01 2.782667569397427321e-01
1.096075778078484386e-01 2.782667569397427321e-01
1.096075778078484386e-01 2.789438050101556987e-01
1.109607577807848466e-01 2.789438050101556987e-01
1.109607577807848466e-01 2.802979011509817431e-01
1.136671177266576488e-01 2.802979011509817431e-01
1.156968876860622469e-01 2.802979011509817431e-01
1.156968876860622469e-01 2.809749492213947097e-01
1.170500676589986411e-01 2.809749492213947097e-01
1.184032476319350491e-01 2.809749492213947097e-01
1.184032476319350491e-01 2.816519972918077319e-01
1.197564276048714432e-01 2.816519972918077319e-01
1.211096075778078512e-01 2.816519972918077319e-01
1.211096075778078512e-01 2.857142857142856984e-01
1.224627875507442454e-01 2.857142857142856984e-01
1.224627875507442454e-01 2.904536222071766871e-01
1.231393775372124494e-01 2.904536222071766871e-01
1.231393775372124494e-01 2.911306702775897093e-01
1.265223274695534417e-01 2.911306702775897093e-01
1.265223274695534417e-01 2.951929587000677313e-01
1.299052774018944478e-01 2.951929587000677313e-01
1.299052774018944478e-01 2.992552471225456978e-01
1.305818673883626657e-01 2.992552471225456978e-01
1.305818673883626657e-01 2.999322951929587200e-01
1.312584573748308558e-01 2.999322951929587200e-01
1.312584573748308558e-01 3.012863913337847088e-01
1.326116373477672639e-01 3.012863913337847088e-01
1.339648173207036441e-01 3.012863913337847088e-01
1.346414073071718620e-01 3.012863913337847088e-01
1.346414073071718620e-01 3.067027758970887197e-01
1.353179972936400521e-01 3.067027758970887197e-01
1.366711772665764602e-01 3.067027758970887197e-01
1.366711772665764602e-01 3.073798239675016863e-01
1.373477672530446503e-01 3.073798239675016863e-01
1.373477672530446503e-01 3.080568720379147085e-01
1.393775372124492484e-01 3.080568720379147085e-01
1.407307171853856564e-01 3.080568720379147085e-01
1.407307171853856564e-01 3.100880162491536640e-01
1.420838971583220645e-01 3.100880162491536640e-01
1.420838971583220645e-01 3.121191604603926750e-01
1.434370771312584447e-01 3.121191604603926750e-01
1.434370771312584447e-01 3.134732566012186639e-01
1.447902571041948527e-01 3.134732566012186639e-01
1.461434370771312607e-01 3.134732566012186639e-01
1.461434370771312607e-01 3.148273527420447082e-01
1.474966170500676688e-01 3.148273527420447082e-01
1.474966170500676688e-01 3.161814488828706970e-01
1.488497970230040490e-01 3.161814488828706970e-01
1.488497970230040490e-01 3.175355450236966859e-01
1.495263870094722669e-01 3.175355450236966859e-01
1.495263870094722669e-01 3.215978334461746524e-01
1.502029769959404570e-01 3.215978334461746524e-01
1.502029769959404570e-01 3.222748815165876746e-01
1.515561569688768651e-01 3.222748815165876746e-01
1.515561569688768651e-01 3.236289776574136634e-01
1.522327469553450552e-01 3.236289776574136634e-01
1.522327469553450552e-01 3.270142180094786633e-01
1.542625169147496533e-01 3.270142180094786633e-01
1.549391069012178712e-01 3.270142180094786633e-01
1.562922868741542515e-01 3.270142180094786633e-01
1.576454668470906595e-01 3.270142180094786633e-01
1.576454668470906595e-01 3.283683141503046521e-01
1.583220568335588496e-01 3.283683141503046521e-01
1.583220568335588496e-01 3.310765064319566853e-01
1.589986468200270675e-01 3.310765064319566853e-01
1.589986468200270675e-01 3.324306025727826741e-01
1.603518267929634755e-01 3.324306025727826741e-01
1.603518267929634755e-01 3.385240352064996516e-01
1.610284167794316657e-01 3.385240352064996516e-01
1.610284167794316657e-01 3.432633716993906403e-01
1.623815967523680737e-01 3.432633716993906403e-01
1.637347767253044539e-01 3.432633716993906403e-01
1.650879566982408619e-01 3.432633716993906403e-01
1.664411366711772700e-01 3.432633716993906403e-01
1.691474966170500582e-01 3.432633716993906403e-01
1.691474966170500582e-01 3.473256601218686623e-01
1.698240866035182761e-01 3.473256601218686623e-01
1.698240866035182761e-01 3.486797562626946512e-01
1.711772665764546564e-01 3.486797562626946512e-01
1.725304465493910644e-01 3.486797562626946512e-01
1.725304465493910644e-01 3.500338524035206400e-01
1.732070365358592823e-01 3.500338524035206400e-01
1.732070365358592823e-01 3.507109004739336622e-01
1.738836265223274724e-01 3.507109004739336622e-01
1.738836265223274724e-01 3.554502369668246509e-01
1.745602165087956625e-01 3.554502369668246509e-01
1.745602165087956625e-01 3.561272850372376175e-01
1.752368064952638804e-01 3.561272850372376175e-01
1.765899864682002607e-01 3.561272850372376175e-01
1.765899864682002607e-01 3.581584292484766285e-01
1.786197564276048588e-01 3.581584292484766285e-01
1.786197564276048588e-01 3.588354773188896507e-01
1.792963464140730767e-01 3.588354773188896507e-01
1.792963464140730767e-01 3.595125253893026174e-01
1.799729364005412668e-01 3.595125253893026174e-01
1.799729364005412668e-01 3.622207176709546506e-01
1.813261163734776749e-01 3.622207176709546506e-01
1.813261163734776749e-01 3.635748138117806394e-01
1.826792963464140829e-01 3.635748138117806394e-01
1.826792963464140829e-01 3.649289099526066282e-01
1.833558863328822730e-01 3.649289099526066282e-01
1.847090663058186810e-01 3.649289099526066282e-01
1.853856562922868711e-01 3.649289099526066282e-01
1.867388362652232792e-01 3.649289099526066282e-01
1.874154262516914693e-01 3.649289099526066282e-01
1.874154262516914693e-01 3.669600541638456392e-01
1.887686062246278773e-01 3.669600541638456392e-01
1.894451962110960674e-01 3.669600541638456392e-01
1.894451962110960674e-01 3.676371022342586059e-01
1.914749661705006656e-01 3.676371022342586059e-01
1.921515561569688835e-01 3.676371022342586059e-01
1.921515561569688835e-01 3.689911983750846503e-01
1.935047361299052637e-01 3.689911983750846503e-01
1.941813261163734816e-01 3.689911983750846503e-01
1.941813261163734816e-01 3.730534867975626168e-01
1.948579161028416717e-01 3.730534867975626168e-01
1.948579161028416717e-01 3.737305348679756389e-01
1.955345060893098896e-01 3.737305348679756389e-01
1.955345060893098896e-01 3.744075829383886056e-01
1.962110960757780798e-01 3.744075829383886056e-01
1.962110960757780798e-01 3.750846310088016278e-01
1.968876860622462699e-01 3.750846310088016278e-01
1.982408660351826779e-01 3.750846310088016278e-01
1.982408660351826779e-01 3.771157752200406388e-01
1.989174560216508680e-01 3.771157752200406388e-01
1.989174560216508680e-01 3.818551117129316275e-01
1.995940460081190859e-01 3.818551117129316275e-01
1.995940460081190859e-01 3.825321597833445941e-01
2.009472259810554939e-01 3.825321597833445941e-01
2.009472259810554939e-01 3.865944482058226161e-01
2.016238159675236841e-01 3.865944482058226161e-01
2.029769959404600921e-01 3.865944482058226161e-01
2.043301759133964723e-01 3.865944482058226161e-01
2.056833558863328804e-01 3.865944482058226161e-01
2.056833558863328804e-01 3.906567366283005827e-01
2.083897158322056964e-01 3.906567366283005827e-01
2.083897158322056964e-01 3.920108327691266270e-01
2.097428958051420766e-01 3.920108327691266270e-01
2.097428958051420766e-01 3.926878808395395937e-01
2.110960757780784847e-01 3.926878808395395937e-01
2.110960757780784847e-01 3.940419769803655825e-01
2.117726657645466748e-01 3.940419769803655825e-01
2.117726657645466748e-01 3.947190250507786047e-01
2.124492557510148927e-01 3.947190250507786047e-01
2.138024357239512729e-01 3.947190250507786047e-01
2.151556156968876810e-01 3.947190250507786047e-01
2.151556156968876810e-01 3.960731211916045935e-01
2.165087956698240890e-01 3.960731211916045935e-01
2.165087956698240890e-01 3.974272173324305824e-01
2.178619756427604970e-01 3.974272173324305824e-01
2.178619756427604970e-01 3.981042654028436045e-01
2.192151556156968772e-01 3.981042654028436045e-01
2.192151556156968772e-01 4.014895057549086044e-01
2.198917456021650951e-01 4.014895057549086044e-01
2.198917456021650951e-01 4.021665538253215710e-01
2.205683355886332853e-01 4.021665538253215710e-01
2.205683355886332853e-01 4.069058903182126152e-01
2.212449255751014754e-01 4.069058903182126152e-01
2.225981055480378834e-01 4.069058903182126152e-01
2.225981055480378834e-01 4.075829383886255819e-01
2.232746955345061013e-01 4.075829383886255819e-01
2.232746955345061013e-01 4.089370345294515707e-01
2.246278755074424816e-01 4.089370345294515707e-01
2.246278755074424816e-01 4.102911306702776151e-01
2.253044654939106994e-01 4.102911306702776151e-01
2.253044654939106994e-01 4.123222748815165706e-01
2.259810554803788896e-01 4.123222748815165706e-01
2.259810554803788896e-01 4.143534190927555816e-01
2.273342354533152976e-01 4.143534190927555816e-01
2.273342354533152976e-01 4.184157075152336036e-01
2.280108254397834877e-01 4.184157075152336036e-01
2.280108254397834877e-01 4.204468517264725591e-01
2.293640054127198957e-01 4.204468517264725591e-01
2.293640054127198957e-01 4.211238997968855813e-01
2.307171853856563037e-01 4.211238997968855813e-01
2.307171853856563037e-01 4.218009478672986035e-01
2.313937753721244939e-01 4.218009478672986035e-01
2.313937753721244939e-01 4.231550440081245923e-01
2.327469553450609019e-01 4.231550440081245923e-01
2.327469553450609019e-01 4.245091401489505811e-01
2.334235453315290920e-01 4.245091401489505811e-01
2.334235453315290920e-01 4.251861882193635478e-01
2.347767253044655000e-01 4.251861882193635478e-01
2.347767253044655000e-01 4.265402843601895921e-01
2.361299052774019080e-01 4.265402843601895921e-01
2.361299052774019080e-01 4.278943805010155810e-01
2.368064952638700982e-01 4.278943805010155810e-01
2.368064952638700982e-01 4.285714285714285476e-01
2.374830852503382883e-01 4.285714285714285476e-01
2.374830852503382883e-01 4.292484766418415698e-01
2.381596752368065062e-01 4.292484766418415698e-01
2.381596752368065062e-01 4.299255247122545920e-01
2.401894451962111043e-01 4.299255247122545920e-01
2.401894451962111043e-01 4.312796208530805808e-01
2.408660351826792945e-01 4.312796208530805808e-01
2.408660351826792945e-01 4.319566689234935475e-01
2.449255751014884908e-01 4.319566689234935475e-01
2.449255751014884908e-01 4.326337169939065697e-01
2.476319350473613068e-01 4.326337169939065697e-01
2.476319350473613068e-01 4.333107650643195918e-01
2.483085250338294969e-01 4.333107650643195918e-01
2.483085250338294969e-01 4.339878131347325585e-01
2.496617050067659049e-01 4.339878131347325585e-01
2.496617050067659049e-01 4.394041976980365694e-01
2.510148849797023130e-01 4.394041976980365694e-01
2.510148849797023130e-01 4.400812457684495360e-01
2.516914749661705031e-01 4.400812457684495360e-01
2.530446549391068833e-01 4.400812457684495360e-01
2.537212449255751290e-01 4.400812457684495360e-01
2.537212449255751290e-01 4.427894380501015692e-01
2.550744248985115092e-01 4.427894380501015692e-01
2.557510148849796994e-01 4.427894380501015692e-01
2.557510148849796994e-01 4.441435341909275580e-01
2.564276048714478895e-01 4.441435341909275580e-01
2.564276048714478895e-01 4.448205822613405802e-01
2.584573748308525154e-01 4.448205822613405802e-01
2.611637347767253314e-01 4.448205822613405802e-01
2.618403247631935216e-01 4.448205822613405802e-01
2.631935047361299018e-01 4.448205822613405802e-01
2.638700947225980920e-01 4.448205822613405802e-01
2.638700947225980920e-01 4.454976303317535469e-01
2.652232746955345277e-01 4.454976303317535469e-01
2.652232746955345277e-01 4.475287745429925579e-01
2.679296346414072882e-01 4.475287745429925579e-01
2.679296346414072882e-01 4.509140148950575577e-01
2.686062246278755339e-01 4.509140148950575577e-01
2.686062246278755339e-01 4.536222071767095354e-01
2.699594046008119141e-01 4.536222071767095354e-01
2.699594046008119141e-01 4.563303994583615686e-01
2.706359945872801043e-01 4.563303994583615686e-01
2.706359945872801043e-01 4.570074475287745353e-01
2.719891745602164845e-01 4.570074475287745353e-01
2.719891745602164845e-01 4.590385917400135463e-01
2.726657645466847302e-01 4.590385917400135463e-01
2.726657645466847302e-01 4.597156398104265129e-01
2.733423545331529203e-01 4.597156398104265129e-01
2.733423545331529203e-01 4.610697359512525573e-01
2.740189445196211104e-01 4.610697359512525573e-01
2.740189445196211104e-01 4.637779282329045349e-01
2.746955345060893006e-01 4.637779282329045349e-01
2.746955345060893006e-01 4.644549763033175571e-01
2.774018944519621166e-01 4.644549763033175571e-01
2.774018944519621166e-01 4.658090724441435460e-01
2.780784844384303067e-01 4.658090724441435460e-01
2.780784844384303067e-01 4.678402166553825570e-01
2.794316644113666870e-01 4.678402166553825570e-01
2.794316644113666870e-01 4.698713608666215125e-01
2.801082543978349326e-01 4.698713608666215125e-01
2.801082543978349326e-01 4.746106973595125011e-01
2.807848443843031228e-01 4.746106973595125011e-01
2.807848443843031228e-01 4.752877454299255233e-01
2.814614343707713129e-01 4.752877454299255233e-01
2.814614343707713129e-01 4.820582261340555230e-01
2.841677943166441289e-01 4.820582261340555230e-01
2.841677943166441289e-01 4.854434664861205229e-01
2.848443843031123190e-01 4.854434664861205229e-01
2.848443843031123190e-01 4.861205145565334895e-01
2.855209742895805092e-01 4.861205145565334895e-01
2.855209742895805092e-01 4.867975626269465117e-01
2.868741542625168894e-01 4.867975626269465117e-01
2.868741542625168894e-01 4.874746106973595339e-01
2.882273342354533252e-01 4.874746106973595339e-01
2.889039242219215153e-01 4.874746106973595339e-01
2.902571041948578956e-01 4.874746106973595339e-01
2.902571041948578956e-01 4.908598510494245337e-01
2.909336941813261412e-01 4.908598510494245337e-01
2.909336941813261412e-01 4.915368991198375004e-01
2.929634641407307116e-01 4.915368991198375004e-01
2.929634641407307116e-01 4.942450914014894781e-01
2.949932341001353375e-01 4.942450914014894781e-01
2.949932341001353375e-01 4.949221394719025002e-01
2.956698240866035277e-01 4.949221394719025002e-01
2.970230040595399079e-01 4.949221394719025002e-01
2.976995940460080980e-01 4.949221394719025002e-01
2.976995940460080980e-01 4.983073798239675001e-01
2.983761840324763437e-01 4.983073798239675001e-01
2.983761840324763437e-01 4.996614759647934889e-01
2.997293640054127239e-01 4.996614759647934889e-01
2.997293640054127239e-01 5.003385240352065111e-01
3.004059539918809141e-01 5.003385240352065111e-01
3.004059539918809141e-01 5.010155721056195333e-01
3.010825439783491042e-01 5.010155721056195333e-01
3.010825439783491042e-01 5.016926201760324444e-01
3.024357239512855400e-01 5.016926201760324444e-01
3.024357239512855400e-01 5.037237643872715109e-01
3.037889039242219202e-01 5.037237643872715109e-01
3.037889039242219202e-01 5.044008124576845331e-01
3.044654939106901104e-01 5.044008124576845331e-01
3.044654939106901104e-01 5.057549085985104664e-01
3.051420838971583005e-01 5.057549085985104664e-01
3.051420838971583005e-01 5.084631008801624441e-01
3.071718538565629264e-01 5.084631008801624441e-01
3.071718538565629264e-01 5.098171970209884885e-01
3.085250338294993067e-01 5.098171970209884885e-01
3.092016238159674968e-01 5.098171970209884885e-01
3.092016238159674968e-01 5.118483412322274440e-01
3.098782138024357424e-01 5.118483412322274440e-01
3.112313937753721227e-01 5.118483412322274440e-01
3.119079837618403128e-01 5.118483412322274440e-01
3.119079837618403128e-01 5.152335815842924438e-01
3.125845737483085029e-01 5.152335815842924438e-01
3.125845737483085029e-01 5.165876777251184881e-01
3.132611637347767486e-01 5.165876777251184881e-01
3.132611637347767486e-01 5.179417738659445325e-01
3.146143437077131289e-01 5.179417738659445325e-01
3.146143437077131289e-01 5.186188219363574436e-01
3.166441136671176992e-01 5.186188219363574436e-01
3.166441136671176992e-01 5.206499661475965102e-01
3.173207036535859449e-01 5.206499661475965102e-01
3.173207036535859449e-01 5.226811103588354657e-01
3.179972936400541350e-01 5.226811103588354657e-01
3.179972936400541350e-01 5.233581584292484878e-01
3.220568335588633313e-01 5.233581584292484878e-01
3.220568335588633313e-01 5.240352064996615100e-01
3.227334235453315214e-01 5.240352064996615100e-01
3.227334235453315214e-01 5.247122545700744212e-01
3.247631935047361473e-01 5.247122545700744212e-01
3.247631935047361473e-01 5.260663507109004655e-01
3.261163734776725276e-01 5.260663507109004655e-01
3.274695534506089079e-01 5.260663507109004655e-01
3.281461434370771535e-01 5.260663507109004655e-01
3.301759133964817239e-01 5.260663507109004655e-01
3.308525033829499140e-01 5.260663507109004655e-01
3.308525033829499140e-01 5.280974949221394210e-01
3.322056833558863498e-01 5.280974949221394210e-01
3.322056833558863498e-01 5.287745429925524432e-01
3.328822733423545399e-01 5.287745429925524432e-01
3.342354533152909202e-01 5.287745429925524432e-01
3.342354533152909202e-01 5.335138794854434874e-01
3.349120433017591103e-01 5.335138794854434874e-01
3.369418132611637362e-01 5.335138794854434874e-01
3.369418132611637362e-01 5.362220717670954651e-01
3.376184032476319263e-01 5.362220717670954651e-01
3.376184032476319263e-01 5.368991198375084872e-01
3.389715832205683621e-01 5.368991198375084872e-01
3.396481732070365522e-01 5.368991198375084872e-01
3.423545331529093128e-01 5.368991198375084872e-01
3.423545331529093128e-01 5.375761679079215094e-01
3.430311231393775584e-01 5.375761679079215094e-01
3.430311231393775584e-01 5.382532159783344206e-01
3.437077131258457485e-01 5.382532159783344206e-01
3.437077131258457485e-01 5.402843601895734871e-01
3.450608930987821288e-01 5.402843601895734871e-01
3.450608930987821288e-01 5.409614082599865093e-01
3.457374830852503189e-01 5.409614082599865093e-01
3.457374830852503189e-01 5.423155044008124426e-01
3.464140730717185646e-01 5.423155044008124426e-01
3.464140730717185646e-01 5.429925524712254647e-01
3.477672530446549448e-01 5.429925524712254647e-01
3.477672530446549448e-01 5.443466486120515091e-01
3.484438430311231349e-01 5.443466486120515091e-01
3.497970230040595152e-01 5.443466486120515091e-01
3.511502029769959510e-01 5.443466486120515091e-01
3.525033829499323312e-01 5.443466486120515091e-01
3.525033829499323312e-01 5.450236966824644202e-01
3.531799729364005214e-01 5.450236966824644202e-01
3.531799729364005214e-01 5.477318889641163979e-01
3.545331529093369571e-01 5.477318889641163979e-01
3.545331529093369571e-01 5.484089370345294201e-01
3.558863328822733374e-01 5.484089370345294201e-01
3.565629228687415275e-01 5.484089370345294201e-01
3.565629228687415275e-01 5.497630331753554644e-01
3.572395128552097177e-01 5.497630331753554644e-01
3.572395128552097177e-01 5.504400812457684866e-01
3.585926928281461534e-01 5.504400812457684866e-01
3.606224627875507238e-01 5.504400812457684866e-01
3.606224627875507238e-01 5.511171293161813978e-01
3.619756427604871596e-01 5.511171293161813978e-01
3.619756427604871596e-01 5.517941773865944199e-01
3.626522327469553497e-01 5.517941773865944199e-01
3.626522327469553497e-01 5.531482735274204643e-01
3.640054127198917300e-01 5.531482735274204643e-01
3.640054127198917300e-01 5.551794177386594198e-01
3.646820027063599201e-01 5.551794177386594198e-01
3.646820027063599201e-01 5.565335138794854641e-01
3.660351826792963559e-01 5.565335138794854641e-01
3.660351826792963559e-01 5.578876100203113975e-01
3.667117726657645460e-01 5.578876100203113975e-01
3.667117726657645460e-01 5.619498984427894195e-01
3.673883626522327361e-01 5.619498984427894195e-01
3.673883626522327361e-01 5.646580907244413972e-01
3.694181326116373620e-01 5.646580907244413972e-01
3.694181326116373620e-01 5.660121868652674415e-01
3.707713125845737423e-01 5.660121868652674415e-01
3.707713125845737423e-01 5.687203791469194192e-01
3.721244925575101226e-01 5.687203791469194192e-01
3.728010825439783682e-01 5.687203791469194192e-01
3.728010825439783682e-01 5.714285714285713969e-01
3.734776725304465583e-01 5.714285714285713969e-01
3.734776725304465583e-01 5.721056194989844190e-01
3.761840324763193744e-01 5.721056194989844190e-01
3.761840324763193744e-01 5.727826675693974412e-01
3.775372124492557546e-01 5.727826675693974412e-01
3.775372124492557546e-01 5.748138117806363967e-01
3.782138024357239448e-01 5.748138117806363967e-01
3.782138024357239448e-01 5.754908598510494189e-01
3.788903924221921349e-01 5.754908598510494189e-01
3.802435723951285707e-01 5.754908598510494189e-01
3.809201623815967608e-01 5.754908598510494189e-01
3.809201623815967608e-01 5.761679079214624410e-01
3.822733423545331410e-01 5.761679079214624410e-01
3.829499323410013312e-01 5.761679079214624410e-01
3.829499323410013312e-01 5.788761002031144187e-01
3.843031123139377669e-01 5.788761002031144187e-01
3.843031123139377669e-01 5.795531482735274409e-01
3.849797023004059571e-01 5.795531482735274409e-01
3.849797023004059571e-01 5.822613405551794186e-01
3.863328822733423373e-01 5.822613405551794186e-01
3.863328822733423373e-01 5.829383886255924407e-01
3.890392422192151534e-01 5.829383886255924407e-01
3.890392422192151534e-01 5.836154366960054629e-01
3.910690121786197793e-01 5.836154366960054629e-01
3.910690121786197793e-01 5.863236289776574406e-01
3.917456021650879694e-01 5.863236289776574406e-01
3.917456021650879694e-01 5.897088693297224404e-01
3.924221921515561595e-01 5.897088693297224404e-01
3.924221921515561595e-01 5.917400135409613959e-01
3.937753721244925398e-01 5.917400135409613959e-01
3.937753721244925398e-01 5.924170616113744181e-01
3.944519621109607854e-01 5.924170616113744181e-01
3.944519621109607854e-01 5.951252538930263958e-01
3.951285520974289756e-01 5.951252538930263958e-01
3.951285520974289756e-01 5.964793500338524401e-01
3.958051420838971657e-01 5.964793500338524401e-01
3.958051420838971657e-01 5.971563981042653513e-01
3.971583220568335459e-01 5.971563981042653513e-01
3.971583220568335459e-01 5.978334461746783735e-01
3.985115020297699817e-01 5.978334461746783735e-01
3.985115020297699817e-01 5.991875423155044178e-01
4.005412719891745521e-01 5.991875423155044178e-01
4.005412719891745521e-01 6.039268788083953510e-01
4.039242219215155583e-01 6.039268788083953510e-01
4.039242219215155583e-01 6.052809749492213953e-01
4.066305818673883743e-01 6.052809749492213953e-01
4.073071718538565644e-01 6.052809749492213953e-01
4.073071718538565644e-01 6.086662153012863952e-01
4.079837618403247546e-01 6.086662153012863952e-01
4.079837618403247546e-01 6.093432633716994173e-01
4.086603518267929447e-01 6.093432633716994173e-01
4.086603518267929447e-01 6.106973595125253507e-01
4.100135317997293805e-01 6.106973595125253507e-01
4.100135317997293805e-01 6.120514556533513950e-01
4.113667117726657607e-01 6.120514556533513950e-01
4.113667117726657607e-01 6.134055517941774394e-01
4.120433017591339508e-01 6.134055517941774394e-01
4.120433017591339508e-01 6.161137440758294170e-01
4.127198917456021410e-01 6.161137440758294170e-01
4.147496617050067669e-01 6.161137440758294170e-01
4.161028416779431471e-01 6.161137440758294170e-01
4.161028416779431471e-01 6.181448882870683725e-01
4.167794316644113928e-01 6.181448882870683725e-01
4.167794316644113928e-01 6.194989844278944169e-01
4.181326116373477730e-01 6.194989844278944169e-01
4.181326116373477730e-01 6.201760324983073280e-01
4.194857916102841533e-01 6.201760324983073280e-01
4.194857916102841533e-01 6.249153689911983722e-01
4.201623815967523434e-01 6.249153689911983722e-01
4.201623815967523434e-01 6.283006093432633721e-01
4.208389715832205891e-01 6.283006093432633721e-01
4.208389715832205891e-01 6.289776574136763942e-01
4.235453315290933496e-01 6.289776574136763942e-01
4.235453315290933496e-01 6.296547054840894164e-01
4.242219215155615952e-01 6.296547054840894164e-01
4.242219215155615952e-01 6.303317535545023276e-01
4.248985115020297854e-01 6.303317535545023276e-01
4.248985115020297854e-01 6.323628977657413941e-01
4.255751014884979755e-01 6.323628977657413941e-01
4.255751014884979755e-01 6.330399458361544163e-01
4.269282814614343557e-01 6.330399458361544163e-01
4.269282814614343557e-01 6.350710900473933718e-01
4.289580514208389816e-01 6.350710900473933718e-01
4.303112313937753619e-01 6.350710900473933718e-01
4.309878213802435520e-01 6.350710900473933718e-01
4.309878213802435520e-01 6.377792823290453494e-01
4.316644113667117977e-01 6.377792823290453494e-01
4.316644113667117977e-01 6.384563303994583716e-01
4.330175913396481779e-01 6.384563303994583716e-01
4.330175913396481779e-01 6.398104265402843049e-01
4.336941813261163681e-01 6.398104265402843049e-01
4.336941813261163681e-01 6.404874746106973271e-01
4.350473612990527483e-01 6.404874746106973271e-01
4.350473612990527483e-01 6.411645226811103493e-01
4.370771312584573742e-01 6.411645226811103493e-01
4.370771312584573742e-01 6.438727149627623270e-01
4.384303112313937545e-01 6.438727149627623270e-01
4.384303112313937545e-01 6.445497630331753491e-01
4.397834912043301903e-01 6.445497630331753491e-01
4.397834912043301903e-01 6.459038591740013935e-01
4.411366711772665705e-01 6.459038591740013935e-01
4.411366711772665705e-01 6.479350033852403490e-01
4.418132611637347607e-01 6.479350033852403490e-01
4.418132611637347607e-01 6.486120514556533712e-01
4.431664411366711964e-01 6.486120514556533712e-01
4.431664411366711964e-01 6.513202437373053488e-01
4.438430311231393866e-01 6.513202437373053488e-01
4.451962110960757668e-01 6.513202437373053488e-01
4.465493910690122026e-01 6.513202437373053488e-01
4.465493910690122026e-01 6.533513879485443043e-01
4.479025710419485828e-01 6.533513879485443043e-01
4.499323410013531532e-01 6.533513879485443043e-01
4.499323410013531532e-01 6.540284360189573265e-01
4.519621109607577791e-01 6.540284360189573265e-01
4.519621109607577791e-01 6.547054840893703487e-01
4.526387009472259693e-01 6.547054840893703487e-01
4.526387009472259693e-01 6.560595802301963930e-01
4.539918809201624050e-01 6.560595802301963930e-01
4.539918809201624050e-01 6.567366283006093042e-01
4.566982408660351656e-01 6.567366283006093042e-01
4.566982408660351656e-01 6.574136763710223264e-01
4.573748308525033557e-01 6.574136763710223264e-01
4.573748308525033557e-01 6.580907244414353485e-01
4.580514208389716013e-01 6.580907244414353485e-01
4.580514208389716013e-01 6.594448205822613929e-01
4.587280108254397915e-01 6.594448205822613929e-01
4.587280108254397915e-01 6.601218686526743040e-01
4.614343707713126075e-01 6.601218686526743040e-01
4.614343707713126075e-01 6.607989167230873262e-01
4.634641407307171779e-01 6.607989167230873262e-01
4.634641407307171779e-01 6.621530128639133705e-01
4.648173207036536136e-01 6.621530128639133705e-01
4.648173207036536136e-01 6.628300609343262817e-01
4.654939106901218038e-01 6.628300609343262817e-01
4.654939106901218038e-01 6.635071090047393039e-01
4.668470906630581840e-01 6.635071090047393039e-01
4.668470906630581840e-01 6.648612051455653482e-01
4.682002706359945643e-01 6.648612051455653482e-01
4.682002706359945643e-01 6.668923493568043037e-01
4.695534506089310001e-01 6.668923493568043037e-01
4.695534506089310001e-01 6.675693974272173259e-01
4.722598105548038161e-01 6.675693974272173259e-01
4.722598105548038161e-01 6.682464454976303481e-01
4.736129905277401964e-01 6.682464454976303481e-01
4.736129905277401964e-01 6.696005416384562814e-01
4.749661705006765766e-01 6.696005416384562814e-01
4.769959404600812025e-01 6.696005416384562814e-01
4.783491204330175828e-01 6.696005416384562814e-01
4.783491204330175828e-01 6.702775897088693036e-01
4.790257104194857729e-01 6.702775897088693036e-01
4.790257104194857729e-01 6.709546377792823257e-01
4.810554803788903988e-01 6.709546377792823257e-01
4.817320703653585889e-01 6.709546377792823257e-01
4.817320703653585889e-01 6.716316858496953479e-01
4.830852503382949692e-01 6.716316858496953479e-01
4.844384303112314050e-01 6.716316858496953479e-01
4.864682002706359754e-01 6.716316858496953479e-01
4.864682002706359754e-01 6.723087339201083701e-01
4.871447902571042210e-01 6.723087339201083701e-01
4.871447902571042210e-01 6.736628300609343034e-01
4.891745602165087914e-01 6.736628300609343034e-01
4.891745602165087914e-01 6.750169262017603478e-01
4.905277401894451716e-01 6.750169262017603478e-01
4.905277401894451716e-01 6.756939742721733699e-01
4.912043301759134173e-01 6.756939742721733699e-01
4.912043301759134173e-01 6.770480704129993033e-01
4.925575101488497975e-01 6.770480704129993033e-01
4.925575101488497975e-01 6.784021665538253476e-01
4.932341001353179877e-01 6.784021665538253476e-01
4.932341001353179877e-01 6.797562626946512809e-01
4.945872801082544234e-01 6.797562626946512809e-01
4.952638700947226136e-01 6.797562626946512809e-01
4.952638700947226136e-01 6.817874069058903475e-01
4.959404600811908037e-01 6.817874069058903475e-01
4.959404600811908037e-01 6.824644549763033696e-01
4.966170500676589938e-01 6.824644549763033696e-01
4.966170500676589938e-01 6.851726472579553473e-01
4.979702300405953741e-01 6.851726472579553473e-01
4.979702300405953741e-01 6.858496953283683695e-01
4.986468200270636197e-01 6.858496953283683695e-01
4.986468200270636197e-01 6.872037914691943028e-01
5.020297699594046259e-01 6.872037914691943028e-01
5.020297699594046259e-01 6.885578876100203471e-01
5.047361299052773864e-01 6.885578876100203471e-01
5.067658998646820123e-01 6.885578876100203471e-01
5.067658998646820123e-01 6.892349356804332583e-01
5.081190798376183926e-01 6.892349356804332583e-01
5.081190798376183926e-01 6.899119837508462805e-01
5.087956698240866382e-01 6.899119837508462805e-01
5.087956698240866382e-01 6.912660798916723248e-01
5.094722598105547728e-01 6.912660798916723248e-01
5.094722598105547728e-01 6.926201760324982581e-01
5.121786197564276444e-01 6.926201760324982581e-01
5.128552097428957790e-01 6.926201760324982581e-01
5.142083897158321593e-01 6.926201760324982581e-01
5.155615696887686505e-01 6.926201760324982581e-01
5.155615696887686505e-01 6.939742721733243025e-01
5.162381596752367852e-01 6.939742721733243025e-01
5.162381596752367852e-01 6.946513202437373247e-01
5.175913396481731654e-01 6.946513202437373247e-01
5.175913396481731654e-01 6.953283683141503468e-01
5.189445196211096567e-01 6.953283683141503468e-01
5.189445196211096567e-01 6.960054163845632580e-01
5.202976995940460370e-01 6.960054163845632580e-01
5.216508795669824172e-01 6.960054163845632580e-01
5.216508795669824172e-01 6.966824644549762802e-01
5.223274695534506629e-01 6.966824644549762802e-01
5.223274695534506629e-01 6.980365605958023245e-01
5.230040595399187975e-01 6.980365605958023245e-01
5.243572395128551777e-01 6.980365605958023245e-01
5.250338294993234234e-01 6.980365605958023245e-01
5.250338294993234234e-01 7.007447528774543022e-01
5.263870094722598036e-01 7.007447528774543022e-01
5.263870094722598036e-01 7.014218009478673244e-01
5.270635994587280493e-01 7.014218009478673244e-01
5.270635994587280493e-01 7.020988490182803465e-01
5.277401894451961839e-01 7.020988490182803465e-01
5.277401894451961839e-01 7.027758970886932577e-01
5.290933694181325642e-01 7.027758970886932577e-01
5.290933694181325642e-01 7.034529451591062799e-01
5.304465493910690554e-01 7.034529451591062799e-01
5.311231393775371901e-01 7.034529451591062799e-01
5.324763193504735703e-01 7.034529451591062799e-01
5.324763193504735703e-01 7.048070412999323242e-01
5.338294993234100616e-01 7.048070412999323242e-01
5.338294993234100616e-01 7.054840893703453464e-01
5.351826792963464419e-01 7.054840893703453464e-01
5.358592692828145765e-01 7.054840893703453464e-01
5.372124492557510678e-01 7.054840893703453464e-01
5.392422192151555826e-01 7.054840893703453464e-01
5.392422192151555826e-01 7.061611374407582575e-01
5.412719891745602085e-01 7.061611374407582575e-01
5.412719891745602085e-01 7.075152335815843019e-01
5.433017591339648344e-01 7.075152335815843019e-01
5.439783491204329691e-01 7.075152335815843019e-01
5.453315290933694603e-01 7.075152335815843019e-01
5.453315290933694603e-01 7.081922816519973241e-01
5.460081190798375950e-01 7.081922816519973241e-01
5.460081190798375950e-01 7.095463777928232574e-01
5.473612990527739752e-01 7.095463777928232574e-01
5.473612990527739752e-01 7.102234258632362796e-01
5.487144790257104665e-01 7.102234258632362796e-01
5.493910690121786011e-01 7.102234258632362796e-01
5.493910690121786011e-01 7.115775220040623239e-01
5.500676589986468468e-01 7.115775220040623239e-01
5.500676589986468468e-01 7.122545700744752351e-01
5.507442489851149814e-01 7.122545700744752351e-01
5.507442489851149814e-01 7.149627623561273237e-01
5.520974289580514727e-01 7.149627623561273237e-01
5.520974289580514727e-01 7.183480027081923236e-01
5.527740189445196073e-01 7.183480027081923236e-01
5.527740189445196073e-01 7.210561949898443013e-01
5.548037889039242332e-01 7.210561949898443013e-01
5.561569688768606134e-01 7.210561949898443013e-01
5.568335588633288591e-01 7.210561949898443013e-01
5.568335588633288591e-01 7.217332430602573234e-01
5.588633288227333740e-01 7.217332430602573234e-01
5.595399188092016196e-01 7.217332430602573234e-01
5.595399188092016196e-01 7.224102911306702346e-01
5.649526387009472517e-01 7.224102911306702346e-01
5.649526387009472517e-01 7.237643872714962789e-01
5.663058186738836319e-01 7.237643872714962789e-01
5.669824086603518776e-01 7.237643872714962789e-01
5.669824086603518776e-01 7.271496276235612788e-01
5.676589986468200122e-01 7.271496276235612788e-01
5.676589986468200122e-01 7.305348679756262786e-01
5.690121786197563925e-01 7.305348679756262786e-01
5.696887686062246381e-01 7.305348679756262786e-01
5.696887686062246381e-01 7.312119160460393008e-01
5.710419485791610184e-01 7.312119160460393008e-01
5.710419485791610184e-01 7.318889641164523230e-01
5.717185385656292640e-01 7.318889641164523230e-01
5.717185385656292640e-01 7.325660121868652341e-01
5.737483085250337789e-01 7.325660121868652341e-01
5.744248985115020245e-01 7.325660121868652341e-01
5.744248985115020245e-01 7.352742044685172118e-01
5.757780784844384048e-01 7.352742044685172118e-01
5.757780784844384048e-01 7.359512525389302340e-01
5.764546684709066504e-01 7.359512525389302340e-01
5.764546684709066504e-01 7.386594448205822117e-01
5.784844384303112763e-01 7.386594448205822117e-01
5.784844384303112763e-01 7.400135409614082560e-01
5.791610284167794109e-01 7.400135409614082560e-01
5.791610284167794109e-01 7.413676371022343004e-01
5.818673883626522825e-01 7.413676371022343004e-01
5.818673883626522825e-01 7.420446851726472115e-01
5.832205683355886627e-01 7.420446851726472115e-01
5.832205683355886627e-01 7.433987813134732558e-01
5.838971583220567974e-01 7.433987813134732558e-01
5.852503382949932886e-01 7.433987813134732558e-01
5.852503382949932886e-01 7.467840216655382557e-01
5.879566982408660492e-01 7.467840216655382557e-01
5.879566982408660492e-01 7.474610697359512779e-01
5.886332882273341838e-01 7.474610697359512779e-01
5.886332882273341838e-01 7.494922139471902334e-01
5.899864682002706751e-01 7.494922139471902334e-01
5.899864682002706751e-01 7.501692620176032555e-01
5.906630581867388097e-01 7.501692620176032555e-01
5.906630581867388097e-01 7.515233581584292999e-01
5.913396481732070553e-01 7.515233581584292999e-01
5.913396481732070553e-01 7.522004062288422110e-01
5.940460081190798158e-01 7.522004062288422110e-01
5.953991880920161961e-01 7.522004062288422110e-01
5.967523680649526874e-01 7.522004062288422110e-01
5.967523680649526874e-01 7.535545023696682554e-01
5.981055480378890676e-01 7.535545023696682554e-01
5.981055480378890676e-01 7.542315504400812776e-01
5.987821380243572023e-01 7.542315504400812776e-01
5.987821380243572023e-01 7.549085985104942997e-01
5.994587280108254479e-01 7.549085985104942997e-01
5.994587280108254479e-01 7.555856465809072109e-01
6.001353179972936935e-01 7.555856465809072109e-01
6.014884979702300738e-01 7.555856465809072109e-01
6.014884979702300738e-01 7.562626946513202331e-01
6.021650879566982084e-01 7.562626946513202331e-01
6.021650879566982084e-01 7.569397427217332552e-01
6.035182679296345887e-01 7.569397427217332552e-01
6.035182679296345887e-01 7.596479350033852329e-01
6.041948579161028343e-01 7.596479350033852329e-01
6.041948579161028343e-01 7.603249830737982551e-01
6.048714479025710800e-01 7.603249830737982551e-01
6.062246278755074602e-01 7.603249830737982551e-01
6.069012178619755948e-01 7.603249830737982551e-01
6.069012178619755948e-01 7.610020311442112773e-01
6.075778078484438405e-01 7.610020311442112773e-01
6.089309878213802207e-01 7.610020311442112773e-01
6.089309878213802207e-01 7.616790792146241884e-01
6.096075778078484664e-01 7.616790792146241884e-01
6.096075778078484664e-01 7.623561272850372106e-01
6.129905277401894725e-01 7.623561272850372106e-01
6.129905277401894725e-01 7.670954637779282548e-01
6.136671177266576072e-01 7.670954637779282548e-01
6.136671177266576072e-01 7.711577522004062768e-01
6.150202976995940984e-01 7.711577522004062768e-01
6.150202976995940984e-01 7.718348002708191880e-01
6.163734776725304787e-01 7.718348002708191880e-01
6.163734776725304787e-01 7.725118483412322101e-01
6.170500676589986133e-01 7.725118483412322101e-01
6.170500676589986133e-01 7.731888964116452323e-01
6.177266576454668590e-01 7.731888964116452323e-01
6.177266576454668590e-01 7.738659444820582545e-01
6.197564276048714849e-01 7.738659444820582545e-01
6.197564276048714849e-01 7.758970886932972100e-01
6.204330175913396195e-01 7.758970886932972100e-01
6.204330175913396195e-01 7.772511848341232543e-01
6.224627875507442454e-01 7.772511848341232543e-01
6.251691474966170059e-01 7.772511848341232543e-01
6.251691474966170059e-01 7.792823290453622098e-01
6.258457374830852515e-01 7.792823290453622098e-01
6.278755074424898774e-01 7.792823290453622098e-01
6.285520974289580121e-01 7.792823290453622098e-01
6.305818673883626380e-01 7.792823290453622098e-01
6.305818673883626380e-01 7.806364251861882542e-01
6.319350473612990182e-01 7.806364251861882542e-01
6.319350473612990182e-01 7.813134732566011653e-01
6.332882273342353985e-01 7.813134732566011653e-01
6.332882273342353985e-01 7.826675693974272097e-01
6.346414073071718898e-01 7.826675693974272097e-01
6.346414073071718898e-01 7.833446174678402318e-01
6.353179972936400244e-01 7.833446174678402318e-01
6.353179972936400244e-01 7.840216655382532540e-01
6.359945872801082700e-01 7.840216655382532540e-01
6.359945872801082700e-01 7.880839539607311650e-01
6.373477672530446503e-01 7.880839539607311650e-01
6.373477672530446503e-01 7.901150981719702315e-01
6.380243572395128959e-01 7.901150981719702315e-01
6.393775372124492762e-01 7.901150981719702315e-01
6.393775372124492762e-01 7.914691943127961649e-01
6.400541271989174108e-01 7.914691943127961649e-01
6.400541271989174108e-01 7.928232904536222092e-01
6.407307171853856564e-01 7.928232904536222092e-01
6.407307171853856564e-01 7.948544346648611647e-01
6.434370771312584170e-01 7.948544346648611647e-01
6.447902571041949082e-01 7.948544346648611647e-01
6.481732070365359144e-01 7.948544346648611647e-01
6.508795669824086749e-01 7.948544346648611647e-01
6.508795669824086749e-01 7.955314827352741869e-01
6.515561569688768095e-01 7.955314827352741869e-01
6.515561569688768095e-01 7.962085308056872091e-01
6.522327469553450552e-01 7.962085308056872091e-01
6.522327469553450552e-01 7.968855788761002312e-01
6.529093369418133008e-01 7.968855788761002312e-01
6.529093369418133008e-01 7.989167230873391867e-01
6.535859269282814354e-01 7.989167230873391867e-01
6.535859269282814354e-01 8.002708192281652311e-01
6.542625169147496811e-01 8.002708192281652311e-01
6.556156968876860613e-01 8.002708192281652311e-01
6.562922868741543070e-01 8.002708192281652311e-01
6.562922868741543070e-01 8.009478672985782532e-01
6.576454668470906872e-01 8.009478672985782532e-01
6.576454668470906872e-01 8.029790115098172087e-01
6.583220568335588219e-01 8.029790115098172087e-01
6.583220568335588219e-01 8.043331076506431421e-01
6.589986468200270675e-01 8.043331076506431421e-01
6.589986468200270675e-01 8.050101557210561642e-01
6.596752368064953131e-01 8.050101557210561642e-01
6.596752368064953131e-01 8.056872037914691864e-01
6.610284167794316934e-01 8.056872037914691864e-01
6.617050067658998280e-01 8.056872037914691864e-01
6.617050067658998280e-01 8.077183480027081419e-01
6.637347767253044539e-01 8.077183480027081419e-01
6.637347767253044539e-01 8.104265402843602306e-01
6.644113667117726996e-01 8.104265402843602306e-01
6.644113667117726996e-01 8.138117806364252305e-01
6.650879566982408342e-01 8.138117806364252305e-01
6.650879566982408342e-01 8.158429248476641860e-01
6.664411366711772144e-01 8.158429248476641860e-01
6.664411366711772144e-01 8.165199729180772081e-01
6.677943166441137057e-01 8.165199729180772081e-01
6.677943166441137057e-01 8.178740690589031415e-01
6.684709066305818403e-01 8.178740690589031415e-01
6.684709066305818403e-01 8.192281651997291858e-01
6.698240866035182206e-01 8.192281651997291858e-01
6.698240866035182206e-01 8.199052132701422080e-01
6.711772665764547119e-01 8.199052132701422080e-01
6.718538565629228465e-01 8.199052132701422080e-01
6.718538565629228465e-01 8.212593094109681413e-01
6.732070365358592268e-01 8.212593094109681413e-01
6.732070365358592268e-01 8.219363574813811635e-01
6.738836265223274724e-01 8.219363574813811635e-01
6.738836265223274724e-01 8.232904536222072078e-01
6.752368064952638527e-01 8.232904536222072078e-01
6.752368064952638527e-01 8.239675016926202300e-01
6.765899864682002329e-01 8.239675016926202300e-01
6.772665764546684786e-01 8.239675016926202300e-01
6.772665764546684786e-01 8.259986459038591855e-01
6.779431664411367242e-01 8.259986459038591855e-01
6.779431664411367242e-01 8.266756939742722077e-01
6.786197564276048588e-01 8.266756939742722077e-01
6.786197564276048588e-01 8.280297901150981410e-01
6.799729364005412391e-01 8.280297901150981410e-01
6.813261163734776193e-01 8.280297901150981410e-01
6.813261163734776193e-01 8.293838862559241853e-01
6.820027063599458650e-01 8.293838862559241853e-01
6.820027063599458650e-01 8.300609343263372075e-01
6.833558863328822452e-01 8.300609343263372075e-01
6.833558863328822452e-01 8.307379823967501187e-01
6.847090663058186255e-01 8.307379823967501187e-01
6.847090663058186255e-01 8.314150304671631408e-01
6.853856562922868711e-01 8.314150304671631408e-01
6.853856562922868711e-01 8.334461746784022074e-01
6.867388362652232514e-01 8.334461746784022074e-01
6.880920162381596317e-01 8.334461746784022074e-01
6.887686062246278773e-01 8.334461746784022074e-01
6.901217861975642576e-01 8.334461746784022074e-01
6.914749661705006378e-01 8.334461746784022074e-01
6.914749661705006378e-01 8.341232227488151185e-01
6.928281461434371291e-01 8.341232227488151185e-01
6.941813261163735094e-01 8.341232227488151185e-01
6.941813261163735094e-01 8.348002708192281407e-01
6.955345060893098896e-01 8.348002708192281407e-01
6.955345060893098896e-01 8.361543669600541850e-01
6.968876860622462699e-01 8.361543669600541850e-01
6.982408660351826502e-01 8.361543669600541850e-01
6.989174560216508958e-01 8.361543669600541850e-01
7.002706359945872761e-01 8.361543669600541850e-01
7.002706359945872761e-01 8.375084631008801184e-01
7.009472259810555217e-01 8.375084631008801184e-01
7.009472259810555217e-01 8.381855111712931405e-01
7.016238159675236563e-01 8.381855111712931405e-01
7.016238159675236563e-01 8.388625592417061627e-01
7.023004059539919020e-01 8.388625592417061627e-01
7.023004059539919020e-01 8.402166553825322071e-01
7.029769959404600366e-01 8.402166553825322071e-01
7.050067658998646625e-01 8.402166553825322071e-01
7.063599458728010427e-01 8.402166553825322071e-01
7.077131258457375340e-01 8.402166553825322071e-01
7.083897158322056686e-01 8.402166553825322071e-01
7.083897158322056686e-01 8.408937034529451182e-01
7.090663058186739143e-01 8.408937034529451182e-01
7.090663058186739143e-01 8.415707515233581404e-01
7.097428958051420489e-01 8.415707515233581404e-01
7.097428958051420489e-01 8.436018957345972069e-01
7.110960757780784292e-01 8.436018957345972069e-01
7.110960757780784292e-01 8.442789438050101181e-01
7.158322056833559266e-01 8.442789438050101181e-01
7.158322056833559266e-01 8.449559918754231402e-01
7.171853856562923069e-01 8.449559918754231402e-01
7.171853856562923069e-01 8.463100880162491846e-01
7.178619756427604415e-01 8.463100880162491846e-01
7.178619756427604415e-01 8.476641841570751179e-01
7.192151556156969328e-01 8.476641841570751179e-01
7.205683355886333130e-01 8.476641841570751179e-01
7.205683355886333130e-01 8.490182802979011623e-01
7.219215155615696933e-01 8.490182802979011623e-01
7.246278755074424538e-01 8.490182802979011623e-01
7.266576454668470797e-01 8.490182802979011623e-01
7.266576454668470797e-01 8.530805687203791843e-01
7.293640054127198402e-01 8.530805687203791843e-01
7.307171853856563315e-01 8.530805687203791843e-01
7.327469553450608464e-01 8.530805687203791843e-01
7.341001353179973377e-01 8.530805687203791843e-01
7.341001353179973377e-01 8.544346648612051176e-01
7.361299052774018525e-01 8.544346648612051176e-01
7.374830852503383438e-01 8.544346648612051176e-01
7.374830852503383438e-01 8.551117129316181398e-01
7.401894451962111043e-01 8.551117129316181398e-01
7.401894451962111043e-01 8.557887610020311620e-01
7.415426251691474846e-01 8.557887610020311620e-01
7.415426251691474846e-01 8.571428571428570953e-01
7.428958051420838649e-01 8.571428571428570953e-01
7.435723951285521105e-01 8.571428571428570953e-01
7.435723951285521105e-01 8.584969532836831396e-01
7.456021650879567364e-01 8.584969532836831396e-01
7.476319350473612513e-01 8.584969532836831396e-01
7.476319350473612513e-01 8.605280974949220951e-01
7.483085250338294969e-01 8.605280974949220951e-01
7.496617050067658772e-01 8.605280974949220951e-01
7.516914749661705031e-01 8.605280974949220951e-01
7.530446549391068833e-01 8.605280974949220951e-01
7.530446549391068833e-01 8.639133378469870950e-01
7.543978349120432636e-01 8.639133378469870950e-01
7.543978349120432636e-01 8.652674339878131393e-01
7.550744248985115092e-01 8.652674339878131393e-01
7.550744248985115092e-01 8.659444820582261615e-01
7.557510148849797549e-01 8.659444820582261615e-01
7.571041948579161351e-01 8.659444820582261615e-01
7.571041948579161351e-01 8.666215301286391837e-01
7.577807848443842698e-01 8.666215301286391837e-01
7.577807848443842698e-01 8.672985781990520948e-01
7.604871447902571413e-01 8.672985781990520948e-01
7.604871447902571413e-01 8.679756262694651170e-01
7.611637347767252759e-01 8.679756262694651170e-01
7.611637347767252759e-01 8.686526743398781392e-01
7.625169147496616562e-01 8.686526743398781392e-01
7.625169147496616562e-01 8.693297224102911613e-01
7.638700947225981475e-01 8.693297224102911613e-01
7.638700947225981475e-01 8.700067704807041835e-01
7.652232746955345277e-01 8.700067704807041835e-01
7.672530446549391536e-01 8.700067704807041835e-01
7.679296346414072882e-01 8.700067704807041835e-01
7.706359945872801598e-01 8.700067704807041835e-01
7.726657645466846747e-01 8.700067704807041835e-01
7.726657645466846747e-01 8.733920108327690723e-01
7.733423545331529203e-01 8.733920108327690723e-01
7.733423545331529203e-01 8.747461069735951167e-01
7.740189445196210549e-01 8.747461069735951167e-01
7.740189445196210549e-01 8.754231550440081389e-01
7.746955345060893006e-01 8.754231550440081389e-01
7.746955345060893006e-01 8.761002031144211610e-01
7.753721244925575462e-01 8.761002031144211610e-01
7.753721244925575462e-01 8.774542992552470944e-01
7.767253044654939265e-01 8.774542992552470944e-01
7.780784844384303067e-01 8.774542992552470944e-01
7.780784844384303067e-01 8.788083953960731387e-01
7.801082543978349326e-01 8.788083953960731387e-01
7.801082543978349326e-01 8.794854434664861609e-01
7.807848443843030672e-01 8.794854434664861609e-01
7.821380243572395585e-01 8.794854434664861609e-01
7.821380243572395585e-01 8.801624915368990720e-01
7.828146143437076931e-01 8.801624915368990720e-01
7.828146143437076931e-01 8.808395396073120942e-01
7.834912043301759388e-01 8.808395396073120942e-01
7.834912043301759388e-01 8.835477318889640719e-01
7.841677943166440734e-01 8.835477318889640719e-01
7.861975642760486993e-01 8.835477318889640719e-01
7.868741542625169449e-01 8.835477318889640719e-01
7.868741542625169449e-01 8.849018280297901162e-01
7.882273342354533252e-01 8.849018280297901162e-01
7.909336941813260857e-01 8.849018280297901162e-01
7.909336941813260857e-01 8.882870683818551161e-01
7.922868741542624660e-01 8.882870683818551161e-01
7.943166441136670919e-01 8.882870683818551161e-01
7.943166441136670919e-01 8.930264048747461603e-01
7.963464140730717178e-01 8.930264048747461603e-01
7.963464140730717178e-01 8.957345971563981379e-01
7.970230040595399634e-01 8.957345971563981379e-01
7.983761840324763437e-01 8.957345971563981379e-01
7.983761840324763437e-01 8.964116452268110491e-01
7.997293640054127239e-01 8.964116452268110491e-01
8.004059539918809696e-01 8.964116452268110491e-01
8.004059539918809696e-01 8.977657413676370934e-01
8.010825439783491042e-01 8.977657413676370934e-01
8.010825439783491042e-01 8.984427894380501156e-01
8.017591339648173498e-01 8.984427894380501156e-01
8.031123139377537301e-01 8.984427894380501156e-01
8.037889039242219757e-01 8.984427894380501156e-01
8.051420838971583560e-01 8.984427894380501156e-01
8.058186738836264906e-01 8.984427894380501156e-01
8.071718538565628709e-01 8.984427894380501156e-01
8.071718538565628709e-01 8.991198375084631378e-01
8.078484438430311165e-01 8.991198375084631378e-01
8.092016238159674968e-01 8.991198375084631378e-01
8.105548037889038770e-01 8.991198375084631378e-01
8.105548037889038770e-01 9.011509817197020933e-01
8.119079837618403683e-01 9.011509817197020933e-01
8.119079837618403683e-01 9.025050778605281376e-01
8.125845737483085029e-01 9.025050778605281376e-01
8.125845737483085029e-01 9.031821259309410488e-01
8.152909336941813745e-01 9.031821259309410488e-01
8.179972936400541350e-01 9.031821259309410488e-01
8.186738836265223807e-01 9.031821259309410488e-01
8.186738836265223807e-01 9.038591740013540710e-01
8.193504736129905153e-01 9.038591740013540710e-01
8.213802435723951412e-01 9.038591740013540710e-01
8.220568335588632758e-01 9.038591740013540710e-01
8.220568335588632758e-01 9.045362220717670931e-01
8.227334235453315214e-01 9.045362220717670931e-01
8.227334235453315214e-01 9.052132701421801153e-01
8.247631935047361473e-01 9.052132701421801153e-01
8.247631935047361473e-01 9.058903182125931375e-01
8.261163734776725276e-01 9.058903182125931375e-01
8.261163734776725276e-01 9.072444143534190708e-01
8.267929634641407732e-01 9.072444143534190708e-01
8.267929634641407732e-01 9.079214624238320930e-01
8.281461434370771535e-01 9.079214624238320930e-01
8.288227334235452881e-01 9.079214624238320930e-01
8.288227334235452881e-01 9.092755585646581373e-01
8.294993234100135338e-01 9.092755585646581373e-01
8.294993234100135338e-01 9.099526066350710485e-01
8.301759133964817794e-01 9.099526066350710485e-01
8.301759133964817794e-01 9.106296547054840707e-01
8.335588633288227856e-01 9.106296547054840707e-01
8.335588633288227856e-01 9.113067027758970928e-01
8.342354533152909202e-01 9.113067027758970928e-01
8.355886332882273004e-01 9.113067027758970928e-01
8.382949932341001720e-01 9.113067027758970928e-01
8.396481732070365522e-01 9.113067027758970928e-01
8.396481732070365522e-01 9.119837508463101150e-01
8.416779431664411781e-01 9.119837508463101150e-01
8.430311231393775584e-01 9.119837508463101150e-01
8.437077131258456930e-01 9.119837508463101150e-01
8.450608930987821843e-01 9.119837508463101150e-01
8.450608930987821843e-01 9.126607989167231372e-01
8.464140730717185646e-01 9.126607989167231372e-01
8.470906630581866992e-01 9.126607989167231372e-01
8.470906630581866992e-01 9.140148950575490705e-01
8.477672530446549448e-01 9.140148950575490705e-01
8.477672530446549448e-01 9.160460392687881370e-01
8.497970230040595707e-01 9.160460392687881370e-01
8.497970230040595707e-01 9.167230873392010482e-01
8.504736129905277053e-01 9.167230873392010482e-01
8.518267929634640856e-01 9.167230873392010482e-01
8.531799729364005769e-01 9.167230873392010482e-01
8.531799729364005769e-01 9.174001354096140703e-01
8.538565629228687115e-01 9.174001354096140703e-01
8.538565629228687115e-01 9.180771834800270925e-01
8.552097428958050918e-01 9.180771834800270925e-01
8.558863328822733374e-01 9.180771834800270925e-01
8.558863328822733374e-01 9.187542315504401147e-01
8.565629228687415830e-01 9.187542315504401147e-01
8.579161028416779633e-01 9.187542315504401147e-01
8.579161028416779633e-01 9.221394719025051145e-01
8.606224627875507238e-01 9.221394719025051145e-01
8.606224627875507238e-01 9.234935680433310479e-01
8.612990527740189695e-01 9.234935680433310479e-01
8.612990527740189695e-01 9.255247122545701144e-01
8.619756427604871041e-01 9.255247122545701144e-01
8.640054127198917300e-01 9.255247122545701144e-01
8.640054127198917300e-01 9.268788083953960477e-01
8.653585926928281102e-01 9.268788083953960477e-01
8.660351826792963559e-01 9.268788083953960477e-01
8.673883626522327361e-01 9.268788083953960477e-01
8.673883626522327361e-01 9.282329045362220921e-01
8.680649526387009818e-01 9.282329045362220921e-01
8.680649526387009818e-01 9.289099526066351142e-01
8.687415426251691164e-01 9.289099526066351142e-01
8.687415426251691164e-01 9.295870006770480254e-01
8.694181326116373620e-01 9.295870006770480254e-01
8.694181326116373620e-01 9.322951929587001141e-01
8.700947225981054967e-01 9.322951929587001141e-01
8.700947225981054967e-01 9.329722410291130252e-01
8.714479025710419879e-01 9.329722410291130252e-01
8.714479025710419879e-01 9.336492890995260474e-01
8.721244925575101226e-01 9.336492890995260474e-01
8.721244925575101226e-01 9.343263371699390696e-01
8.734776725304465028e-01 9.343263371699390696e-01
8.734776725304465028e-01 9.350033852403520918e-01
8.741542625169147485e-01 9.350033852403520918e-01
8.741542625169147485e-01 9.377115775220040694e-01
8.748308525033829941e-01 9.377115775220040694e-01
8.748308525033829941e-01 9.390656736628301138e-01
8.788903924221921349e-01 9.390656736628301138e-01
8.788903924221921349e-01 9.397427217332430249e-01
8.795669824086603805e-01 9.397427217332430249e-01
8.809201623815967608e-01 9.397427217332430249e-01
8.822733423545331410e-01 9.397427217332430249e-01
8.822733423545331410e-01 9.438050101557210469e-01
8.836265223274695213e-01 9.438050101557210469e-01
8.836265223274695213e-01 9.451591062965470913e-01
8.843031123139377669e-01 9.451591062965470913e-01
8.843031123139377669e-01 9.458361543669600024e-01
8.856562922868741472e-01 9.458361543669600024e-01
8.863328822733423928e-01 9.458361543669600024e-01
8.876860622462787731e-01 9.458361543669600024e-01
8.876860622462787731e-01 9.478672985781990690e-01
8.890392422192151534e-01 9.478672985781990690e-01
8.890392422192151534e-01 9.492213947190250023e-01
8.910690121786197793e-01 9.492213947190250023e-01
8.924221921515561595e-01 9.492213947190250023e-01
8.930987821380244052e-01 9.492213947190250023e-01
8.930987821380244052e-01 9.498984427894380245e-01
8.944519621109607854e-01 9.498984427894380245e-01
8.951285520974289200e-01 9.498984427894380245e-01
8.951285520974289200e-01 9.505754908598510466e-01
8.964817320703654113e-01 9.505754908598510466e-01
8.991880920162381718e-01 9.505754908598510466e-01
8.991880920162381718e-01 9.512525389302640688e-01
9.005412719891745521e-01 9.512525389302640688e-01
9.005412719891745521e-01 9.519295870006770910e-01
9.018944519621109324e-01 9.519295870006770910e-01
9.018944519621109324e-01 9.532836831415030243e-01
9.025710419485791780e-01 9.532836831415030243e-01
9.025710419485791780e-01 9.546377792823290687e-01
9.039242219215155583e-01 9.546377792823290687e-01
9.046008119079838039e-01 9.546377792823290687e-01
9.059539918809201842e-01 9.546377792823290687e-01
9.059539918809201842e-01 9.559918754231550020e-01
9.073071718538565644e-01 9.559918754231550020e-01
9.073071718538565644e-01 9.566689234935680242e-01
9.079837618403248101e-01 9.566689234935680242e-01
9.079837618403248101e-01 9.573459715639810463e-01
9.127198917456021965e-01 9.573459715639810463e-01
9.127198917456021965e-01 9.580230196343940685e-01
9.133964817320703311e-01 9.580230196343940685e-01
9.133964817320703311e-01 9.593771157752200018e-01
9.140730717185385767e-01 9.593771157752200018e-01
9.140730717185385767e-01 9.600541638456330240e-01
9.147496617050067114e-01 9.600541638456330240e-01
9.161028416779432026e-01 9.600541638456330240e-01
9.167794316644113373e-01 9.600541638456330240e-01
9.167794316644113373e-01 9.614082599864590684e-01
9.188092016238159632e-01 9.614082599864590684e-01
9.188092016238159632e-01 9.654705484089369794e-01
9.194857916102842088e-01 9.654705484089369794e-01
9.194857916102842088e-01 9.668246445497630237e-01
9.201623815967523434e-01 9.668246445497630237e-01
9.201623815967523434e-01 9.675016926201760459e-01
9.215155615696887237e-01 9.675016926201760459e-01
9.215155615696887237e-01 9.681787406905890681e-01
9.221921515561569693e-01 9.681787406905890681e-01
9.221921515561569693e-01 9.695328368314150014e-01
9.228687415426252150e-01 9.695328368314150014e-01
9.255751014884979755e-01 9.695328368314150014e-01
9.269282814614343557e-01 9.695328368314150014e-01
9.269282814614343557e-01 9.702098849018280236e-01
9.282814614343707360e-01 9.702098849018280236e-01
9.282814614343707360e-01 9.708869329722410457e-01
9.296346414073072273e-01 9.708869329722410457e-01
9.296346414073072273e-01 9.715639810426540679e-01
9.316644113667117422e-01 9.715639810426540679e-01
9.330175913396481224e-01 9.715639810426540679e-01
9.343707713125846137e-01 9.715639810426540679e-01
9.357239512855209940e-01 9.715639810426540679e-01
9.357239512855209940e-01 9.729180771834800012e-01
9.364005412719891286e-01 9.729180771834800012e-01
9.364005412719891286e-01 9.735951252538930234e-01
9.377537212449256199e-01 9.735951252538930234e-01
9.377537212449256199e-01 9.742721733243060456e-01
9.384303112313937545e-01 9.742721733243060456e-01
9.397834912043301347e-01 9.742721733243060456e-01
9.418132611637347607e-01 9.742721733243060456e-01
9.418132611637347607e-01 9.749492213947190677e-01
9.431664411366711409e-01 9.749492213947190677e-01
9.431664411366711409e-01 9.756262694651319789e-01
9.458728010825440125e-01 9.756262694651319789e-01
9.465493910690121471e-01 9.756262694651319789e-01
9.465493910690121471e-01 9.763033175355450011e-01
9.472259810554803927e-01 9.763033175355450011e-01
9.499323410013531532e-01 9.763033175355450011e-01
9.499323410013531532e-01 9.769803656059580232e-01
9.519621109607577791e-01 9.769803656059580232e-01
9.519621109607577791e-01 9.776574136763710454e-01
9.526387009472260248e-01 9.776574136763710454e-01
9.546684709066305397e-01 9.776574136763710454e-01
9.560216508795670309e-01 9.776574136763710454e-01
9.560216508795670309e-01 9.803656059580230231e-01
9.566982408660351656e-01 9.803656059580230231e-01
9.566982408660351656e-01 9.817197020988490674e-01
9.594046008119080371e-01 9.817197020988490674e-01
9.594046008119080371e-01 9.830737982396750008e-01
9.614343707713125520e-01 9.830737982396750008e-01
9.614343707713125520e-01 9.837508463100880229e-01
9.621109607577807976e-01 9.837508463100880229e-01
9.621109607577807976e-01 9.857819905213269784e-01
9.634641407307171779e-01 9.857819905213269784e-01
9.661705006765899384e-01 9.857819905213269784e-01
9.675236806495264297e-01 9.857819905213269784e-01
9.688768606224628099e-01 9.857819905213269784e-01
9.695534506089309446e-01 9.857819905213269784e-01
9.695534506089309446e-01 9.864590385917400006e-01
9.702300405953991902e-01 9.864590385917400006e-01
9.715832205683355705e-01 9.864590385917400006e-01
9.736129905277401964e-01 9.864590385917400006e-01
9.736129905277401964e-01 9.871360866621530228e-01
9.756427604871448223e-01 9.871360866621530228e-01
9.756427604871448223e-01 9.878131347325660450e-01
9.776725304465493371e-01 9.878131347325660450e-01
9.776725304465493371e-01 9.891672308733919783e-01
9.790257104194858284e-01 9.891672308733919783e-01
9.790257104194858284e-01 9.898442789438050005e-01
9.810554803788903433e-01 9.898442789438050005e-01
9.810554803788903433e-01 9.905213270142180226e-01
9.837618403247632148e-01 9.905213270142180226e-01
9.851150202976995951e-01 9.905213270142180226e-01
9.864682002706359754e-01 9.905213270142180226e-01
9.878213802435723556e-01 9.905213270142180226e-01
9.878213802435723556e-01 9.925524712254569781e-01
9.905277401894452272e-01 9.925524712254569781e-01
9.905277401894452272e-01 9.939065673662830225e-01
9.912043301759133618e-01 9.939065673662830225e-01
9.912043301759133618e-01 9.945836154366960447e-01
9.932341001353179877e-01 9.945836154366960447e-01
9.952638700947226136e-01 9.945836154366960447e-01
9.966170500676589938e-01 9.945836154366960447e-01
9.966170500676589938e-01 9.952606635071089558e-01
9.972936400541272395e-01 9.952606635071089558e-01
9.972936400541272395e-01 9.972918077183480223e-01
9.979702300405953741e-01 9.972918077183480223e-01
9.993234100135317544e-01 9.972918077183480223e-01
1.000000000000000000e+00 9.972918077183480223e-01
1.000000000000000000e+00 1.000000000000000000e+00
