# acc = 0.000
0.000000000000000000e+00 0.000000000000000000e+00
6.765899864682003214e-04 0.000000000000000000e+00
2.706359945872801286e-03 0.000000000000000000e+00
4.059539918809201495e-03 0.000000000000000000e+00
4.059539918809201495e-03 6.770480704129992972e-04
4.736129905277402033e-03 6.770480704129992972e-04
4.736129905277402033e-03 1.354096140825998594e-03
5.412719891745602571e-03 1.354096140825998594e-03
5.412719891745602571e-03 3.385240352064996811e-03
6.089309878213802242e-03 3.385240352064996811e-03
6.089309878213802242e-03 4.062288422477996000e-03
8.119079837618402989e-03 4.062288422477996000e-03
9.472259810554804066e-03 4.062288422477996000e-03
1.014884979702300460e-02 4.062288422477996000e-03
1.014884979702300460e-02 4.739336492890995622e-03
1.082543978349120514e-02 4.739336492890995622e-03
1.082543978349120514e-02 5.416384563303994377e-03
1.150202976995940395e-02 5.416384563303994377e-03
1.150202976995940395e-02 6.093432633716994000e-03
1.285520974289580502e-02 6.093432633716994000e-03
1.285520974289580502e-02 9.478672985781991245e-03
1.353179972936400556e-02 9.478672985781991245e-03
1.353179972936400556e-02 1.354096140825998724e-02
1.556156968876860544e-02 1.354096140825998724e-02
1.556156968876860544e-02 1.828029790115098113e-02
1.691474966170500652e-02 1.828029790115098113e-02
1.691474966170500652e-02 2.098849018280297962e-02
1.759133964817320706e-02 2.098849018280297962e-02
1.759133964817320706e-02 2.369668246445497464e-02
1.894451962110960813e-02 2.369668246445497464e-02
1.894451962110960813e-02 2.505077860528097389e-02
2.029769959404600921e-02 2.505077860528097389e-02
2.029769959404600921e-02 2.572782667569397524e-02
2.097428958051420975e-02 2.572782667569397524e-02
2.097428958051420975e-02 2.640487474610697313e-02
2.232746955345060735e-02 2.640487474610697313e-02
2.232746955345060735e-02 2.708192281651997449e-02
2.300405953991880789e-02 2.708192281651997449e-02
2.300405953991880789e-02 2.843601895734597026e-02
2.706359945872801112e-02 2.843601895734597026e-02
2.841677943166441220e-02 2.843601895734597026e-02
2.841677943166441220e-02 2.911306702775897162e-02
3.044654939106901381e-02 2.911306702775897162e-02
3.179972936400541489e-02 2.911306702775897162e-02
3.179972936400541489e-02 2.979011509817196951e-02
3.247631935047361196e-02 2.979011509817196951e-02
3.247631935047361196e-02 3.385240352064996378e-02
3.315290933694181597e-02 3.385240352064996378e-02
3.518267929634641411e-02 3.385240352064996378e-02
3.518267929634641411e-02 3.452945159106296513e-02
3.585926928281461118e-02 3.452945159106296513e-02
3.585926928281461118e-02 3.520649966147596649e-02
3.721244925575101226e-02 3.520649966147596649e-02
3.721244925575101226e-02 3.588354773188896091e-02
3.856562922868741333e-02 3.588354773188896091e-02
3.856562922868741333e-02 3.859174001354095940e-02
3.924221921515561734e-02 3.859174001354095940e-02
3.924221921515561734e-02 4.265402843601896060e-02
4.194857916102841949e-02 4.265402843601896060e-02
4.194857916102841949e-02 4.333107650643195502e-02
4.330175913396482057e-02 4.333107650643195502e-02
4.465493910690121471e-02 4.333107650643195502e-02
4.465493910690121471e-02 4.603926878808395351e-02
4.600811907983761578e-02 4.603926878808395351e-02
4.600811907983761578e-02 4.739336492890994929e-02
4.668470906630581979e-02 4.739336492890994929e-02
4.668470906630581979e-02 4.874746106973595200e-02
4.803788903924222087e-02 4.874746106973595200e-02
4.803788903924222087e-02 5.077860528097494913e-02
4.871447902571041794e-02 5.077860528097494913e-02
5.142083897158322009e-02 5.077860528097494913e-02
5.142083897158322009e-02 5.145565335138795049e-02
5.209742895805142410e-02 5.145565335138795049e-02
5.209742895805142410e-02 5.280974949221394626e-02
5.412719891745602224e-02 5.280974949221394626e-02
5.480378890392421931e-02 5.280974949221394626e-02
5.480378890392421931e-02 5.687203791469194053e-02
5.548037889039242332e-02 5.687203791469194053e-02
5.548037889039242332e-02 5.754908598510494189e-02
5.615696887686062039e-02 5.754908598510494189e-02
5.751014884979702146e-02 5.754908598510494189e-02
5.751014884979702146e-02 5.890318212593093766e-02
6.021650879566982362e-02 5.890318212593093766e-02
6.021650879566982362e-02 6.228842247799593751e-02
6.089309878213802762e-02 6.228842247799593751e-02
6.089309878213802762e-02 6.567366283006093042e-02
6.156968876860622469e-02 6.567366283006093042e-02
6.156968876860622469e-02 6.770480704129992755e-02
6.292286874154262577e-02 6.770480704129992755e-02
6.292286874154262577e-02 6.905890318212593026e-02
6.359945872801082978e-02 6.905890318212593026e-02
6.495263870094722392e-02 6.905890318212593026e-02
6.495263870094722392e-02 7.109004739336492740e-02
6.698240866035182206e-02 7.109004739336492740e-02
6.698240866035182206e-02 7.176709546377792182e-02
6.765899864682002607e-02 7.176709546377792182e-02
6.765899864682002607e-02 7.244414353419093011e-02
6.901217861975643408e-02 7.244414353419093011e-02
7.036535859269282822e-02 7.244414353419093011e-02
7.239512855209742637e-02 7.244414353419093011e-02
7.239512855209742637e-02 7.312119160460392453e-02
7.374830852503383438e-02 7.312119160460392453e-02
7.374830852503383438e-02 7.515233581584292166e-02
7.510148849797022852e-02 7.515233581584292166e-02
7.510148849797022852e-02 7.718348002708191880e-02
7.645466847090663653e-02 7.718348002708191880e-02
7.780784844384303067e-02 7.718348002708191880e-02
7.780784844384303067e-02 7.853757616790792151e-02
7.848443843031123468e-02 7.853757616790792151e-02
7.848443843031123468e-02 7.921462423832091593e-02
7.983761840324762882e-02 7.921462423832091593e-02
7.983761840324762882e-02 8.124576844955991306e-02
8.051420838971583283e-02 8.124576844955991306e-02
8.051420838971583283e-02 8.192281651997292136e-02
8.119079837618403683e-02 8.192281651997292136e-02
8.119079837618403683e-02 8.327691266079891019e-02
8.186738836265222696e-02 8.327691266079891019e-02
8.186738836265222696e-02 8.463100880162491291e-02
8.254397834912043097e-02 8.463100880162491291e-02
8.254397834912043097e-02 8.598510494245091562e-02
8.389715832205683899e-02 8.598510494245091562e-02
8.389715832205683899e-02 8.666215301286391004e-02
8.457374830852502912e-02 8.666215301286391004e-02
8.457374830852502912e-02 8.801624915368991275e-02
8.728010825439783127e-02 8.801624915368991275e-02
8.728010825439783127e-02 8.869329722410290717e-02
8.795669824086603528e-02 8.869329722410290717e-02
8.795669824086603528e-02 8.937034529451591547e-02
8.863328822733423928e-02 8.937034529451591547e-02
8.863328822733423928e-02 9.004739336492890989e-02
8.998646820027063342e-02 9.004739336492890989e-02
8.998646820027063342e-02 9.072444143534190431e-02
9.066305818673883743e-02 9.072444143534190431e-02
9.201623815967523157e-02 9.072444143534190431e-02
9.201623815967523157e-02 9.410968178740690415e-02
9.269282814614343557e-02 9.410968178740690415e-02
9.269282814614343557e-02 9.478672985781989857e-02
9.539918809201623773e-02 9.478672985781989857e-02
9.539918809201623773e-02 9.681787406905890958e-02
9.742895805142083587e-02 9.681787406905890958e-02
9.742895805142083587e-02 9.884901828029790671e-02
9.810554803788903988e-02 9.884901828029790671e-02
9.810554803788903988e-02 1.008801624915369038e-01
1.008119079837618420e-01 1.008801624915369038e-01
1.008119079837618420e-01 1.022342586323628927e-01
1.028416779431664402e-01 1.022342586323628927e-01
1.028416779431664402e-01 1.029113067027759010e-01
1.035182679296346442e-01 1.029113067027759010e-01
1.035182679296346442e-01 1.035883547731888954e-01
1.048714479025710383e-01 1.035883547731888954e-01
1.048714479025710383e-01 1.062965470548408869e-01
1.055480378890392423e-01 1.062965470548408869e-01
1.055480378890392423e-01 1.069735951252538952e-01
1.069012178619756365e-01 1.069735951252538952e-01
1.069012178619756365e-01 1.076506431956668897e-01
1.082543978349120445e-01 1.076506431956668897e-01
1.089309878213802485e-01 1.076506431956668897e-01
1.089309878213802485e-01 1.083276912660798980e-01
1.109607577807848466e-01 1.083276912660798980e-01
1.109607577807848466e-01 1.103588354773188951e-01
1.116373477672530506e-01 1.103588354773188951e-01
1.116373477672530506e-01 1.117129316181448839e-01
1.129905277401894448e-01 1.117129316181448839e-01
1.129905277401894448e-01 1.123899796885578922e-01
1.143437077131258389e-01 1.123899796885578922e-01
1.143437077131258389e-01 1.130670277589708866e-01
1.156968876860622469e-01 1.130670277589708866e-01
1.156968876860622469e-01 1.164522681110358865e-01
1.170500676589986411e-01 1.164522681110358865e-01
1.184032476319350491e-01 1.164522681110358865e-01
1.197564276048714432e-01 1.164522681110358865e-01
1.197564276048714432e-01 1.171293161814488809e-01
1.204330175913396472e-01 1.171293161814488809e-01
1.204330175913396472e-01 1.211916046039268752e-01
1.224627875507442454e-01 1.211916046039268752e-01
1.224627875507442454e-01 1.218686526743398835e-01
1.244925575101488435e-01 1.218686526743398835e-01
1.244925575101488435e-01 1.225457007447528779e-01
1.258457374830852515e-01 1.225457007447528779e-01
1.271989174560216596e-01 1.225457007447528779e-01
1.278755074424898497e-01 1.225457007447528779e-01
1.278755074424898497e-01 1.232227488151658723e-01
1.285520974289580398e-01 1.232227488151658723e-01
1.312584573748308558e-01 1.232227488151658723e-01
1.319350473612990460e-01 1.232227488151658723e-01
1.319350473612990460e-01 1.245768449559918750e-01
1.332882273342354540e-01 1.245768449559918750e-01
1.332882273342354540e-01 1.279620853080568610e-01
1.353179972936400521e-01 1.279620853080568610e-01
1.353179972936400521e-01 1.286391333784698832e-01
1.366711772665764602e-01 1.286391333784698832e-01
1.366711772665764602e-01 1.293161814488828776e-01
1.373477672530446503e-01 1.293161814488828776e-01
1.373477672530446503e-01 1.313473256601218608e-01
1.380243572395128682e-01 1.313473256601218608e-01
1.380243572395128682e-01 1.327014218009478774e-01
1.387009472259810583e-01 1.327014218009478774e-01
1.387009472259810583e-01 1.360866621530128773e-01
1.414073071718538466e-01 1.360866621530128773e-01
1.414073071718538466e-01 1.367637102234258717e-01
1.427604871447902546e-01 1.367637102234258717e-01
1.427604871447902546e-01 1.374407582938388661e-01
1.434370771312584447e-01 1.374407582938388661e-01
1.434370771312584447e-01 1.394719025050778494e-01
1.447902571041948527e-01 1.394719025050778494e-01
1.461434370771312607e-01 1.394719025050778494e-01
1.461434370771312607e-01 1.401489505754908715e-01
1.468200270635994509e-01 1.401489505754908715e-01
1.468200270635994509e-01 1.408259986459038660e-01
1.474966170500676688e-01 1.408259986459038660e-01
1.474966170500676688e-01 1.415030467163168604e-01
1.488497970230040490e-01 1.415030467163168604e-01
1.488497970230040490e-01 1.442112389979688658e-01
1.495263870094722669e-01 1.442112389979688658e-01
1.495263870094722669e-01 1.448882870683818602e-01
1.508795669824086472e-01 1.448882870683818602e-01
1.508795669824086472e-01 1.462423832092078491e-01
1.515561569688768651e-01 1.462423832092078491e-01
1.515561569688768651e-01 1.489505754908598545e-01
1.529093369418132731e-01 1.489505754908598545e-01
1.529093369418132731e-01 1.503046716316858433e-01
1.542625169147496533e-01 1.503046716316858433e-01
1.542625169147496533e-01 1.530128639133378488e-01
1.549391069012178712e-01 1.530128639133378488e-01
1.549391069012178712e-01 1.584292484766418319e-01
1.556156968876860613e-01 1.584292484766418319e-01
1.556156968876860613e-01 1.597833446174678484e-01
1.569688768606224694e-01 1.597833446174678484e-01
1.569688768606224694e-01 1.604603926878808429e-01
1.576454668470906595e-01 1.604603926878808429e-01
1.589986468200270675e-01 1.604603926878808429e-01
1.596752368064952576e-01 1.604603926878808429e-01
1.596752368064952576e-01 1.611374407582938373e-01
1.603518267929634755e-01 1.611374407582938373e-01
1.603518267929634755e-01 1.618144888287068317e-01
1.630581867388362638e-01 1.618144888287068317e-01
1.630581867388362638e-01 1.638456330399458427e-01
1.637347767253044539e-01 1.638456330399458427e-01
1.637347767253044539e-01 1.645226811103588371e-01
1.644113667117726718e-01 1.645226811103588371e-01
1.644113667117726718e-01 1.658767772511848260e-01
1.657645466847090798e-01 1.658767772511848260e-01
1.671177266576454601e-01 1.658767772511848260e-01
1.671177266576454601e-01 1.672308733920108426e-01
1.677943166441136780e-01 1.672308733920108426e-01
1.677943166441136780e-01 1.685849695328368314e-01
1.691474966170500582e-01 1.685849695328368314e-01
1.691474966170500582e-01 1.712931618144888368e-01
1.705006765899864662e-01 1.712931618144888368e-01
1.718538565629228743e-01 1.712931618144888368e-01
1.718538565629228743e-01 1.726472579553148257e-01
1.725304465493910644e-01 1.726472579553148257e-01
1.725304465493910644e-01 1.740013540961408145e-01
1.745602165087956625e-01 1.740013540961408145e-01
1.745602165087956625e-01 1.746784021665538367e-01
1.765899864682002607e-01 1.746784021665538367e-01
1.765899864682002607e-01 1.760324983073798255e-01
1.779431664411366687e-01 1.760324983073798255e-01
1.779431664411366687e-01 1.780636425186188088e-01
1.786197564276048588e-01 1.780636425186188088e-01
1.786197564276048588e-01 1.787406905890318309e-01
1.799729364005412668e-01 1.787406905890318309e-01
1.799729364005412668e-01 1.794177386594448254e-01
1.813261163734776749e-01 1.794177386594448254e-01
1.826792963464140829e-01 1.794177386594448254e-01
1.826792963464140829e-01 1.800947867298578198e-01
1.833558863328822730e-01 1.800947867298578198e-01
1.833558863328822730e-01 1.814488828706838086e-01
1.840324763193504631e-01 1.814488828706838086e-01
1.840324763193504631e-01 1.861882193635748250e-01
1.847090663058186810e-01 1.861882193635748250e-01
1.847090663058186810e-01 1.882193635748138083e-01
1.853856562922868711e-01 1.882193635748138083e-01
1.853856562922868711e-01 1.888964116452268027e-01
1.880920162381596872e-01 1.888964116452268027e-01
1.880920162381596872e-01 1.916046039268788082e-01
1.887686062246278773e-01 1.916046039268788082e-01
1.887686062246278773e-01 1.936357481381178192e-01
1.894451962110960674e-01 1.936357481381178192e-01
1.894451962110960674e-01 1.943127962085308136e-01
1.907983761840324755e-01 1.943127962085308136e-01
1.907983761840324755e-01 1.956668923493568024e-01
1.928281461434370736e-01 1.956668923493568024e-01
1.928281461434370736e-01 1.970209884901827913e-01
1.941813261163734816e-01 1.970209884901827913e-01
1.941813261163734816e-01 1.983750846310088078e-01
1.948579161028416717e-01 1.983750846310088078e-01
1.948579161028416717e-01 2.017603249830738077e-01
1.955345060893098896e-01 2.017603249830738077e-01
1.955345060893098896e-01 2.024373730534868021e-01
1.968876860622462699e-01 2.024373730534868021e-01
1.968876860622462699e-01 2.031144211238997965e-01
1.975642760487144878e-01 2.031144211238997965e-01
1.975642760487144878e-01 2.044685172647257854e-01
1.982408660351826779e-01 2.044685172647257854e-01
1.982408660351826779e-01 2.051455653351388075e-01
2.002706359945872761e-01 2.051455653351388075e-01
2.002706359945872761e-01 2.064996614759647964e-01
2.009472259810554939e-01 2.064996614759647964e-01
2.009472259810554939e-01 2.092078537576168018e-01
2.023004059539918742e-01 2.092078537576168018e-01
2.029769959404600921e-01 2.092078537576168018e-01
2.029769959404600921e-01 2.105619498984427906e-01
2.043301759133964723e-01 2.105619498984427906e-01
2.050067658998646902e-01 2.105619498984427906e-01
2.050067658998646902e-01 2.132701421800947961e-01
2.056833558863328804e-01 2.132701421800947961e-01
2.056833558863328804e-01 2.146242383209207849e-01
2.070365358592692884e-01 2.146242383209207849e-01
2.070365358592692884e-01 2.166553825321597959e-01
2.083897158322056964e-01 2.166553825321597959e-01
2.083897158322056964e-01 2.213947190250507846e-01
2.097428958051420766e-01 2.213947190250507846e-01
2.097428958051420766e-01 2.220717670954637790e-01
2.104194857916102945e-01 2.220717670954637790e-01
2.104194857916102945e-01 2.234258632362897679e-01
2.110960757780784847e-01 2.234258632362897679e-01
2.110960757780784847e-01 2.241029113067027623e-01
2.117726657645466748e-01 2.241029113067027623e-01
2.117726657645466748e-01 2.247799593771157844e-01
2.138024357239512729e-01 2.247799593771157844e-01
2.138024357239512729e-01 2.281651997291807843e-01
2.144790257104194908e-01 2.281651997291807843e-01
2.144790257104194908e-01 2.295192958700067731e-01
2.151556156968876810e-01 2.295192958700067731e-01
2.151556156968876810e-01 2.308733920108327620e-01
2.171853856562922791e-01 2.308733920108327620e-01
2.192151556156968772e-01 2.308733920108327620e-01
2.205683355886332853e-01 2.308733920108327620e-01
2.212449255751014754e-01 2.308733920108327620e-01
2.212449255751014754e-01 2.335815842924847674e-01
2.219215155615696933e-01 2.335815842924847674e-01
2.219215155615696933e-01 2.342586323628977618e-01
2.232746955345061013e-01 2.342586323628977618e-01
2.246278755074424816e-01 2.342586323628977618e-01
2.246278755074424816e-01 2.349356804333107562e-01
2.253044654939106994e-01 2.349356804333107562e-01
2.253044654939106994e-01 2.362897765741367728e-01
2.259810554803788896e-01 2.362897765741367728e-01
2.259810554803788896e-01 2.376438727149627617e-01
2.266576454668470797e-01 2.376438727149627617e-01
2.266576454668470797e-01 2.389979688557887505e-01
2.273342354533152976e-01 2.389979688557887505e-01
2.286874154262516778e-01 2.389979688557887505e-01
2.293640054127198957e-01 2.389979688557887505e-01
2.293640054127198957e-01 2.396750169262017727e-01
2.327469553450609019e-01 2.396750169262017727e-01
2.327469553450609019e-01 2.444143534190927614e-01
2.341001353179972821e-01 2.444143534190927614e-01
2.354533152909336902e-01 2.450914014895057558e-01
2.354533152909336902e-01 2.457684495599187502e-01
2.361299052774019080e-01 2.457684495599187502e-01
2.361299052774019080e-01 2.464454976303317446e-01
2.381596752368065062e-01 2.464454976303317446e-01
2.388362652232746963e-01 2.464454976303317446e-01
2.388362652232746963e-01 2.471225457007447390e-01
2.395128552097428865e-01 2.471225457007447390e-01
2.395128552097428865e-01 2.477995937711577612e-01
2.415426251691474846e-01 2.477995937711577612e-01
2.422192151556157025e-01 2.477995937711577612e-01
2.422192151556157025e-01 2.484766418415707556e-01
2.428958051420838926e-01 2.484766418415707556e-01
2.428958051420838926e-01 2.491536899119837500e-01
2.442489851150203006e-01 2.491536899119837500e-01
2.442489851150203006e-01 2.505077860528097666e-01
2.456021650879567086e-01 2.505077860528097666e-01
2.456021650879567086e-01 2.511848341232227333e-01
2.469553450608930889e-01 2.511848341232227333e-01
2.469553450608930889e-01 2.532159783344617443e-01
2.476319350473613068e-01 2.532159783344617443e-01
2.476319350473613068e-01 2.538930264048747665e-01
2.489851150202976870e-01 2.538930264048747665e-01
2.489851150202976870e-01 2.545700744752877331e-01
2.496617050067659049e-01 2.545700744752877331e-01
2.496617050067659049e-01 2.572782667569397663e-01
2.503382949932341228e-01 2.572782667569397663e-01
2.503382949932341228e-01 2.593094109681787218e-01
2.510148849797023130e-01 2.593094109681787218e-01
2.510148849797023130e-01 2.626946513202437217e-01
2.516914749661705031e-01 2.626946513202437217e-01
2.516914749661705031e-01 2.633716993906567438e-01
2.530446549391068833e-01 2.633716993906567438e-01
2.530446549391068833e-01 2.660798916723087215e-01
2.543978349120433191e-01 2.660798916723087215e-01
2.543978349120433191e-01 2.694651320243737214e-01
2.557510148849796994e-01 2.694651320243737214e-01
2.557510148849796994e-01 2.701421800947867435e-01
2.571041948579160796e-01 2.701421800947867435e-01
2.584573748308525154e-01 2.701421800947867435e-01
2.591339648173207055e-01 2.701421800947867435e-01
2.591339648173207055e-01 2.708192281651997102e-01
2.611637347767253314e-01 2.708192281651997102e-01
2.611637347767253314e-01 2.714962762356127324e-01
2.625169147496617117e-01 2.714962762356127324e-01
2.625169147496617117e-01 2.721733243060257545e-01
2.672530446549390981e-01 2.721733243060257545e-01
2.672530446549390981e-01 2.728503723764387212e-01
2.679296346414072882e-01 2.728503723764387212e-01
2.692828146143437240e-01 2.728503723764387212e-01
2.692828146143437240e-01 2.742044685172647100e-01
2.719891745602164845e-01 2.742044685172647100e-01
2.733423545331529203e-01 2.742044685172647100e-01
2.733423545331529203e-01 2.755585646580906989e-01
2.740189445196211104e-01 2.755585646580906989e-01
2.740189445196211104e-01 2.762356127285037211e-01
2.753721244925574907e-01 2.762356127285037211e-01
2.753721244925574907e-01 2.802979011509817431e-01
2.767253044654939265e-01 2.802979011509817431e-01
2.767253044654939265e-01 2.809749492213947097e-01
2.787550744248984969e-01 2.809749492213947097e-01
2.787550744248984969e-01 2.816519972918077319e-01
2.801082543978349326e-01 2.816519972918077319e-01
2.801082543978349326e-01 2.830060934326337208e-01
2.814614343707713129e-01 2.830060934326337208e-01
2.814614343707713129e-01 2.863913337846987206e-01
2.828146143437076931e-01 2.863913337846987206e-01
2.834912043301759388e-01 2.863913337846987206e-01
2.834912043301759388e-01 2.870683818551116873e-01
2.848443843031123190e-01 2.870683818551116873e-01
2.855209742895805092e-01 2.870683818551116873e-01
2.868741542625168894e-01 2.870683818551116873e-01
2.875507442489851351e-01 2.870683818551116873e-01
2.875507442489851351e-01 2.884224779959377316e-01
2.889039242219215153e-01 2.884224779959377316e-01
2.889039242219215153e-01 2.897765741367637204e-01
2.895805142083897055e-01 2.897765741367637204e-01
2.895805142083897055e-01 2.911306702775897093e-01
2.902571041948578956e-01 2.911306702775897093e-01
2.902571041948578956e-01 2.938388625592416870e-01
2.916102841677943314e-01 2.938388625592416870e-01
2.929634641407307116e-01 2.938388625592416870e-01
2.929634641407307116e-01 2.965470548408937201e-01
2.943166441136670919e-01 2.965470548408937201e-01
2.943166441136670919e-01 2.972241029113066868e-01
2.970230040595399079e-01 2.972241029113066868e-01
2.970230040595399079e-01 3.026404874746106977e-01
2.983761840324763437e-01 3.026404874746106977e-01
2.983761840324763437e-01 3.046716316858497087e-01
2.997293640054127239e-01 3.046716316858497087e-01
3.024357239512855400e-01 3.046716316858497087e-01
3.024357239512855400e-01 3.053486797562626753e-01
3.031123139377537301e-01 3.053486797562626753e-01
3.031123139377537301e-01 3.080568720379147085e-01
3.037889039242219202e-01 3.080568720379147085e-01
3.037889039242219202e-01 3.087339201083276752e-01
3.051420838971583005e-01 3.087339201083276752e-01
3.058186738836265461e-01 3.087339201083276752e-01
3.058186738836265461e-01 3.100880162491536640e-01
3.064952638700947363e-01 3.100880162491536640e-01
3.064952638700947363e-01 3.114421123899797084e-01
3.071718538565629264e-01 3.114421123899797084e-01
3.071718538565629264e-01 3.127962085308056972e-01
3.078484438430311165e-01 3.127962085308056972e-01
3.092016238159674968e-01 3.127962085308056972e-01
3.092016238159674968e-01 3.161814488828706970e-01
3.105548037889039326e-01 3.161814488828706970e-01
3.105548037889039326e-01 3.182125930941097081e-01
3.125845737483085029e-01 3.182125930941097081e-01
3.125845737483085029e-01 3.209207853757616857e-01
3.132611637347767486e-01 3.209207853757616857e-01
3.132611637347767486e-01 3.236289776574136634e-01
3.139377537212449387e-01 3.236289776574136634e-01
3.152909336941813190e-01 3.236289776574136634e-01
3.152909336941813190e-01 3.276912660798916854e-01
3.159675236806495091e-01 3.276912660798916854e-01
3.159675236806495091e-01 3.283683141503046521e-01
3.166441136671176992e-01 3.283683141503046521e-01
3.166441136671176992e-01 3.297224102911306964e-01
3.173207036535859449e-01 3.297224102911306964e-01
3.173207036535859449e-01 3.317535545023696519e-01
3.179972936400541350e-01 3.317535545023696519e-01
3.179972936400541350e-01 3.337846987136086629e-01
3.186738836265223251e-01 3.337846987136086629e-01
3.186738836265223251e-01 3.351387948544346518e-01
3.193504736129905153e-01 3.351387948544346518e-01
3.193504736129905153e-01 3.358158429248476740e-01
3.207036535859269510e-01 3.358158429248476740e-01
3.207036535859269510e-01 3.364928909952606406e-01
3.213802435723951412e-01 3.364928909952606406e-01
3.213802435723951412e-01 3.392010832769126738e-01
3.227334235453315214e-01 3.392010832769126738e-01
3.234100135317997116e-01 3.398781313473256405e-01
3.240866035182679572e-01 3.398781313473256405e-01
3.240866035182679572e-01 3.405551794177386626e-01
3.254397834912043375e-01 3.405551794177386626e-01
3.254397834912043375e-01 3.412322274881516848e-01
3.274695534506089079e-01 3.412322274881516848e-01
3.288227334235453436e-01 3.412322274881516848e-01
3.288227334235453436e-01 3.425863236289776736e-01
3.294993234100135338e-01 3.425863236289776736e-01
3.294993234100135338e-01 3.432633716993906403e-01
3.301759133964817239e-01 3.432633716993906403e-01
3.301759133964817239e-01 3.439404197698036625e-01
3.335588633288227300e-01 3.439404197698036625e-01
3.335588633288227300e-01 3.446174678402166291e-01
3.342354533152909202e-01 3.446174678402166291e-01
3.342354533152909202e-01 3.452945159106296513e-01
3.355886332882273559e-01 3.452945159106296513e-01
3.355886332882273559e-01 3.486797562626946512e-01
3.369418132611637362e-01 3.486797562626946512e-01
3.369418132611637362e-01 3.493568043331076733e-01
3.382949932341001165e-01 3.493568043331076733e-01
3.396481732070365522e-01 3.493568043331076733e-01
3.396481732070365522e-01 3.513879485443466288e-01
3.403247631935047424e-01 3.513879485443466288e-01
3.403247631935047424e-01 3.527420446851726732e-01
3.403247631935047424e-01 3.540961408259986620e-01
3.410013531799729325e-01 3.540961408259986620e-01
3.410013531799729325e-01 3.547731888964116287e-01
3.416779431664411226e-01 3.547731888964116287e-01
3.416779431664411226e-01 3.554502369668246509e-01
3.423545331529093128e-01 3.554502369668246509e-01
3.423545331529093128e-01 3.561272850372376175e-01
3.437077131258457485e-01 3.561272850372376175e-01
3.437077131258457485e-01 3.581584292484766285e-01
3.443843031123139387e-01 3.581584292484766285e-01
3.443843031123139387e-01 3.656059580230196504e-01
3.457374830852503189e-01 3.656059580230196504e-01
3.457374830852503189e-01 3.669600541638456392e-01
3.464140730717185646e-01 3.669600541638456392e-01
3.464140730717185646e-01 3.683141503046716281e-01
3.470906630581867547e-01 3.683141503046716281e-01
3.470906630581867547e-01 3.689911983750846503e-01
3.484438430311231349e-01 3.689911983750846503e-01
3.484438430311231349e-01 3.710223425863236058e-01
3.511502029769959510e-01 3.710223425863236058e-01
3.511502029769959510e-01 3.716993906567366279e-01
3.518267929634641411e-01 3.716993906567366279e-01
3.518267929634641411e-01 3.737305348679756389e-01
3.558863328822733374e-01 3.737305348679756389e-01
3.558863328822733374e-01 3.750846310088016278e-01
3.572395128552097177e-01 3.750846310088016278e-01
3.579161028416779633e-01 3.750846310088016278e-01
3.579161028416779633e-01 3.757616790792146499e-01
3.585926928281461534e-01 3.757616790792146499e-01
3.585926928281461534e-01 3.777928232904536054e-01
3.599458728010825337e-01 3.777928232904536054e-01
3.606224627875507238e-01 3.777928232904536054e-01
3.619756427604871596e-01 3.777928232904536054e-01
3.626522327469553497e-01 3.777928232904536054e-01
3.626522327469553497e-01 3.784698713608666276e-01
3.633288227334235398e-01 3.784698713608666276e-01
3.633288227334235398e-01 3.791469194312795943e-01
3.640054127198917300e-01 3.791469194312795943e-01
3.640054127198917300e-01 3.805010155721056386e-01
3.640054127198917300e-01 3.818551117129316275e-01
3.646820027063599201e-01 3.818551117129316275e-01
3.646820027063599201e-01 3.832092078537576163e-01
3.660351826792963559e-01 3.832092078537576163e-01
3.660351826792963559e-01 3.845633039945836051e-01
3.667117726657645460e-01 3.845633039945836051e-01
3.667117726657645460e-01 3.852403520649966273e-01
3.673883626522327361e-01 3.852403520649966273e-01
3.673883626522327361e-01 3.859174001354095940e-01
3.687415426251691719e-01 3.859174001354095940e-01
3.687415426251691719e-01 3.879485443466486050e-01
3.714479025710419324e-01 3.879485443466486050e-01
3.721244925575101226e-01 3.879485443466486050e-01
3.721244925575101226e-01 3.893026404874745938e-01
3.734776725304465583e-01 3.893026404874745938e-01
3.734776725304465583e-01 3.926878808395395937e-01
3.748308525033829386e-01 3.926878808395395937e-01
3.775372124492557546e-01 3.926878808395395937e-01
3.775372124492557546e-01 3.940419769803655825e-01
3.788903924221921349e-01 3.940419769803655825e-01
3.788903924221921349e-01 3.947190250507786047e-01
3.795669824086603250e-01 3.947190250507786047e-01
3.809201623815967608e-01 3.947190250507786047e-01
3.809201623815967608e-01 3.987813134732566267e-01
3.815967523680649509e-01 3.987813134732566267e-01
3.815967523680649509e-01 4.001354096140826155e-01
3.829499323410013312e-01 4.001354096140826155e-01
3.836265223274695768e-01 4.001354096140826155e-01
3.836265223274695768e-01 4.008124576844955822e-01
3.849797023004059571e-01 4.008124576844955822e-01
3.870094722598105275e-01 4.008124576844955822e-01
3.870094722598105275e-01 4.021665538253215710e-01
3.876860622462787731e-01 4.021665538253215710e-01
3.876860622462787731e-01 4.041976980365605820e-01
3.883626522327469632e-01 4.041976980365605820e-01
3.897158322056833435e-01 4.041976980365605820e-01
3.917456021650879694e-01 4.041976980365605820e-01
3.917456021650879694e-01 4.048747461069736042e-01
3.924221921515561595e-01 4.048747461069736042e-01
3.924221921515561595e-01 4.069058903182126152e-01
3.937753721244925398e-01 4.069058903182126152e-01
3.937753721244925398e-01 4.082599864590386041e-01
3.951285520974289756e-01 4.082599864590386041e-01
3.951285520974289756e-01 4.089370345294515707e-01
3.958051420838971657e-01 4.089370345294515707e-01
3.958051420838971657e-01 4.096140825998645929e-01
3.971583220568335459e-01 4.096140825998645929e-01
3.991880920162381718e-01 4.096140825998645929e-01
3.991880920162381718e-01 4.109681787406905817e-01
4.005412719891745521e-01 4.109681787406905817e-01
4.005412719891745521e-01 4.116452268111036039e-01
4.018944519621109879e-01 4.116452268111036039e-01
4.018944519621109879e-01 4.129993229519295928e-01
4.032476319350473681e-01 4.129993229519295928e-01
4.032476319350473681e-01 4.136763710223425594e-01
4.039242219215155583e-01 4.136763710223425594e-01
4.039242219215155583e-01 4.150304671631686038e-01
4.046008119079837484e-01 4.150304671631686038e-01
4.046008119079837484e-01 4.177386594448205814e-01
4.052774018944519385e-01 4.177386594448205814e-01
4.052774018944519385e-01 4.197698036560595924e-01
4.086603518267929447e-01 4.197698036560595924e-01
4.086603518267929447e-01 4.231550440081245923e-01
4.113667117726657607e-01 4.231550440081245923e-01
4.113667117726657607e-01 4.238320920785375590e-01
4.120433017591339508e-01 4.238320920785375590e-01
4.120433017591339508e-01 4.251861882193635478e-01
4.133964817320703866e-01 4.251861882193635478e-01
4.133964817320703866e-01 4.278943805010155810e-01
4.147496617050067669e-01 4.278943805010155810e-01
4.167794316644113928e-01 4.278943805010155810e-01
4.167794316644113928e-01 4.299255247122545920e-01
4.174560216508795829e-01 4.299255247122545920e-01
4.174560216508795829e-01 4.319566689234935475e-01
4.181326116373477730e-01 4.319566689234935475e-01
4.181326116373477730e-01 4.333107650643195918e-01
4.188092016238159632e-01 4.333107650643195918e-01
4.188092016238159632e-01 4.353419092755585473e-01
4.194857916102841533e-01 4.353419092755585473e-01
4.194857916102841533e-01 4.360189573459715695e-01
4.201623815967523434e-01 4.360189573459715695e-01
4.201623815967523434e-01 4.373730534867975583e-01
4.208389715832205891e-01 4.373730534867975583e-01
4.208389715832205891e-01 4.394041976980365694e-01
4.215155615696887792e-01 4.394041976980365694e-01
4.215155615696887792e-01 4.400812457684495360e-01
4.221921515561569693e-01 4.400812457684495360e-01
4.221921515561569693e-01 4.427894380501015692e-01
4.228687415426251595e-01 4.427894380501015692e-01
4.228687415426251595e-01 4.441435341909275580e-01
4.235453315290933496e-01 4.441435341909275580e-01
4.235453315290933496e-01 4.448205822613405802e-01
4.242219215155615952e-01 4.448205822613405802e-01
4.255751014884979755e-01 4.448205822613405802e-01
4.255751014884979755e-01 4.468517264725795357e-01
4.269282814614343557e-01 4.468517264725795357e-01
4.269282814614343557e-01 4.475287745429925579e-01
4.276048714479025459e-01 4.475287745429925579e-01
4.296346414073071718e-01 4.475287745429925579e-01
4.303112313937753619e-01 4.475287745429925579e-01
4.303112313937753619e-01 4.495599187542315689e-01
4.309878213802435520e-01 4.495599187542315689e-01
4.309878213802435520e-01 4.502369668246445356e-01
4.316644113667117977e-01 4.502369668246445356e-01
4.316644113667117977e-01 4.515910629654705244e-01
4.330175913396481779e-01 4.515910629654705244e-01
4.336941813261163681e-01 4.515910629654705244e-01
4.336941813261163681e-01 4.522681110358835466e-01
4.343707713125845582e-01 4.522681110358835466e-01
4.343707713125845582e-01 4.549763033175355242e-01
4.350473612990527483e-01 4.549763033175355242e-01
4.350473612990527483e-01 4.556533513879485464e-01
4.357239512855209940e-01 4.556533513879485464e-01
4.357239512855209940e-01 4.563303994583615686e-01
4.364005412719891841e-01 4.563303994583615686e-01
4.364005412719891841e-01 4.576844955991875574e-01
4.370771312584573742e-01 4.576844955991875574e-01
4.370771312584573742e-01 4.590385917400135463e-01
4.384303112313937545e-01 4.590385917400135463e-01
4.384303112313937545e-01 4.603926878808395351e-01
4.397834912043301903e-01 4.603926878808395351e-01
4.404600811907983804e-01 4.603926878808395351e-01
4.404600811907983804e-01 4.624238320920785461e-01
4.418132611637347607e-01 4.624238320920785461e-01
4.418132611637347607e-01 4.658090724441435460e-01
4.424898511502029508e-01 4.658090724441435460e-01
4.424898511502029508e-01 4.671631685849695348e-01
4.431664411366711964e-01 4.671631685849695348e-01
4.431664411366711964e-01 4.685172647257955236e-01
4.445196211096075767e-01 4.685172647257955236e-01
4.451962110960757668e-01 4.685172647257955236e-01
4.465493910690122026e-01 4.685172647257955236e-01
4.465493910690122026e-01 4.705484089370345346e-01
4.472259810554803927e-01 4.705484089370345346e-01
4.472259810554803927e-01 4.725795531482735456e-01
4.506089309878213989e-01 4.725795531482735456e-01
4.506089309878213989e-01 4.739336492890995345e-01
4.519621109607577791e-01 4.739336492890995345e-01
4.519621109607577791e-01 4.752877454299255233e-01
4.526387009472259693e-01 4.752877454299255233e-01
4.526387009472259693e-01 4.773188896411645343e-01
4.539918809201624050e-01 4.773188896411645343e-01
4.539918809201624050e-01 4.779959377115775010e-01
4.546684709066305952e-01 4.779959377115775010e-01
4.546684709066305952e-01 4.786729857819905232e-01
4.560216508795669754e-01 4.786729857819905232e-01
4.560216508795669754e-01 4.834123222748815119e-01
4.566982408660351656e-01 4.834123222748815119e-01
4.566982408660351656e-01 4.840893703452945340e-01
4.580514208389716013e-01 4.840893703452945340e-01
4.580514208389716013e-01 4.854434664861205229e-01
4.594046008119079816e-01 4.854434664861205229e-01
4.607577807848443618e-01 4.854434664861205229e-01
4.621109607577807976e-01 4.854434664861205229e-01
4.621109607577807976e-01 4.861205145565334895e-01
4.641407307171853680e-01 4.861205145565334895e-01
4.654939106901218038e-01 4.861205145565334895e-01
4.654939106901218038e-01 4.874746106973595339e-01
4.668470906630581840e-01 4.874746106973595339e-01
4.668470906630581840e-01 4.881516587677725005e-01
4.675236806495263742e-01 4.881516587677725005e-01
4.675236806495263742e-01 4.895057549085984894e-01
4.682002706359945643e-01 4.895057549085984894e-01
4.682002706359945643e-01 4.915368991198375004e-01
4.688768606224628099e-01 4.915368991198375004e-01
4.688768606224628099e-01 4.942450914014894781e-01
4.695534506089310001e-01 4.942450914014894781e-01
4.695534506089310001e-01 4.949221394719025002e-01
4.702300405953991902e-01 4.949221394719025002e-01
4.702300405953991902e-01 4.976303317535544779e-01
4.709066305818673803e-01 4.976303317535544779e-01
4.709066305818673803e-01 4.989844278943805223e-01
4.729364005412720062e-01 4.989844278943805223e-01
4.729364005412720062e-01 5.016926201760324444e-01
4.736129905277401964e-01 5.016926201760324444e-01
4.756427604871447667e-01 5.016926201760324444e-01
4.756427604871447667e-01 5.023696682464454666e-01
4.763193504736130124e-01 5.023696682464454666e-01
4.763193504736130124e-01 5.030467163168584888e-01
4.769959404600812025e-01 5.030467163168584888e-01
4.769959404600812025e-01 5.050778605280974443e-01
4.776725304465493926e-01 5.050778605280974443e-01
4.776725304465493926e-01 5.057549085985104664e-01
4.783491204330175828e-01 5.057549085985104664e-01
4.783491204330175828e-01 5.077860528097495330e-01
4.790257104194857729e-01 5.077860528097495330e-01
4.790257104194857729e-01 5.125253893026404661e-01
4.797023004059540185e-01 5.125253893026404661e-01
4.797023004059540185e-01 5.138794854434665105e-01
4.810554803788903988e-01 5.138794854434665105e-01
4.810554803788903988e-01 5.145565335138795326e-01
4.824086603518267791e-01 5.145565335138795326e-01
4.824086603518267791e-01 5.159106296547054660e-01
4.830852503382949692e-01 5.159106296547054660e-01
4.830852503382949692e-01 5.165876777251184881e-01
4.837618403247632148e-01 5.165876777251184881e-01
4.837618403247632148e-01 5.199729180771834880e-01
4.844384303112314050e-01 5.199729180771834880e-01
4.844384303112314050e-01 5.206499661475965102e-01
4.851150202976995951e-01 5.206499661475965102e-01
4.851150202976995951e-01 5.213270142180095323e-01
4.864682002706359754e-01 5.213270142180095323e-01
4.864682002706359754e-01 5.220040622884224435e-01
4.864682002706359754e-01 5.233581584292484878e-01
4.864682002706359754e-01 5.253893026404874433e-01
4.878213802435724111e-01 5.253893026404874433e-01
4.891745602165087914e-01 5.253893026404874433e-01
4.891745602165087914e-01 5.274204468517265099e-01
4.898511502029769815e-01 5.274204468517265099e-01
4.898511502029769815e-01 5.287745429925524432e-01
4.905277401894451716e-01 5.287745429925524432e-01
4.905277401894451716e-01 5.341909275558565096e-01
4.912043301759134173e-01 5.341909275558565096e-01
4.912043301759134173e-01 5.355450236966824429e-01
4.925575101488497975e-01 5.355450236966824429e-01
4.925575101488497975e-01 5.362220717670954651e-01
4.939106901217861778e-01 5.362220717670954651e-01
4.939106901217861778e-01 5.375761679079215094e-01
4.952638700947226136e-01 5.375761679079215094e-01
4.959404600811908037e-01 5.375761679079215094e-01
4.959404600811908037e-01 5.389302640487474427e-01
4.966170500676589938e-01 5.389302640487474427e-01
4.966170500676589938e-01 5.396073121191604649e-01
4.979702300405953741e-01 5.396073121191604649e-01
4.979702300405953741e-01 5.402843601895734871e-01
4.993234100135318099e-01 5.402843601895734871e-01
4.993234100135318099e-01 5.409614082599865093e-01
5.000000000000000000e-01 5.409614082599865093e-01
5.013531799729363803e-01 5.409614082599865093e-01
5.013531799729363803e-01 5.416384563303994204e-01
5.020297699594046259e-01 5.416384563303994204e-01
5.020297699594046259e-01 5.423155044008124426e-01
5.033829499323410062e-01 5.423155044008124426e-01
5.033829499323410062e-01 5.450236966824644202e-01
5.040595399188092518e-01 5.450236966824644202e-01
5.040595399188092518e-01 5.477318889641163979e-01
5.047361299052773864e-01 5.477318889641163979e-01
5.047361299052773864e-01 5.484089370345294201e-01
5.060893098782137667e-01 5.484089370345294201e-01
5.060893098782137667e-01 5.490859851049424423e-01
5.074424898511502580e-01 5.490859851049424423e-01
5.074424898511502580e-01 5.511171293161813978e-01
5.081190798376183926e-01 5.511171293161813978e-01
5.081190798376183926e-01 5.524712254570074421e-01
5.087956698240866382e-01 5.524712254570074421e-01
5.087956698240866382e-01 5.531482735274204643e-01
5.108254397834911531e-01 5.531482735274204643e-01
5.108254397834911531e-01 5.545023696682463976e-01
5.121786197564276444e-01 5.545023696682463976e-01
5.121786197564276444e-01 5.551794177386594198e-01
5.128552097428957790e-01 5.551794177386594198e-01
5.128552097428957790e-01 5.565335138794854641e-01
5.135317997293640246e-01 5.565335138794854641e-01
5.135317997293640246e-01 5.572105619498984863e-01
5.142083897158321593e-01 5.572105619498984863e-01
5.142083897158321593e-01 5.605958023019634862e-01
5.148849797023004049e-01 5.605958023019634862e-01
5.148849797023004049e-01 5.612728503723763973e-01
5.155615696887686505e-01 5.612728503723763973e-01
5.155615696887686505e-01 5.619498984427894195e-01
5.169147496617050308e-01 5.619498984427894195e-01
5.182679296346414111e-01 5.619498984427894195e-01
5.182679296346414111e-01 5.626269465132024417e-01
5.196211096075777913e-01 5.626269465132024417e-01
5.202976995940460370e-01 5.626269465132024417e-01
5.202976995940460370e-01 5.639810426540284860e-01
5.209742895805141716e-01 5.639810426540284860e-01
5.209742895805141716e-01 5.673662830060934859e-01
5.223274695534506629e-01 5.673662830060934859e-01
5.223274695534506629e-01 5.680433310765063970e-01
5.236806495263870431e-01 5.680433310765063970e-01
5.236806495263870431e-01 5.687203791469194192e-01
5.243572395128551777e-01 5.687203791469194192e-01
5.243572395128551777e-01 5.693974272173324414e-01
5.250338294993234234e-01 5.693974272173324414e-01
5.250338294993234234e-01 5.700744752877454635e-01
5.263870094722598036e-01 5.700744752877454635e-01
5.263870094722598036e-01 5.714285714285713969e-01
5.277401894451961839e-01 5.714285714285713969e-01
5.277401894451961839e-01 5.734597156398104634e-01
5.284167794316644295e-01 5.734597156398104634e-01
5.304465493910690554e-01 5.734597156398104634e-01
5.311231393775371901e-01 5.734597156398104634e-01
5.311231393775371901e-01 5.754908598510494189e-01
5.317997293640054357e-01 5.754908598510494189e-01
5.317997293640054357e-01 5.795531482735274409e-01
5.331529093369418160e-01 5.795531482735274409e-01
5.331529093369418160e-01 5.809072444143533742e-01
5.338294993234100616e-01 5.809072444143533742e-01
5.338294993234100616e-01 5.815842924847663964e-01
5.345060893098781962e-01 5.815842924847663964e-01
5.345060893098781962e-01 5.822613405551794186e-01
5.358592692828145765e-01 5.822613405551794186e-01
5.372124492557510678e-01 5.822613405551794186e-01
5.372124492557510678e-01 5.836154366960054629e-01
5.378890392422192024e-01 5.836154366960054629e-01
5.378890392422192024e-01 5.842924847664183741e-01
5.385656292286874480e-01 5.842924847664183741e-01
5.385656292286874480e-01 5.863236289776574406e-01
5.392422192151555826e-01 5.863236289776574406e-01
5.392422192151555826e-01 5.876777251184833739e-01
5.399188092016238283e-01 5.876777251184833739e-01
5.399188092016238283e-01 5.890318212593094183e-01
5.412719891745602085e-01 5.890318212593094183e-01
5.412719891745602085e-01 5.903859174001354626e-01
5.426251691474965888e-01 5.903859174001354626e-01
5.426251691474965888e-01 5.910629654705483738e-01
5.439783491204329691e-01 5.910629654705483738e-01
5.439783491204329691e-01 5.917400135409613959e-01
5.460081190798375950e-01 5.917400135409613959e-01
5.460081190798375950e-01 5.944482058226133736e-01
5.466847090663058406e-01 5.944482058226133736e-01
5.466847090663058406e-01 5.951252538930263958e-01
5.487144790257104665e-01 5.951252538930263958e-01
5.500676589986468468e-01 5.951252538930263958e-01
5.514208389715832270e-01 5.951252538930263958e-01
5.514208389715832270e-01 5.978334461746783735e-01
5.520974289580514727e-01 5.978334461746783735e-01
5.520974289580514727e-01 5.985104942450913956e-01
5.534506089309878529e-01 5.985104942450913956e-01
5.534506089309878529e-01 5.991875423155044178e-01
5.534506089309878529e-01 6.005416384563303511e-01
5.554803788903923678e-01 6.005416384563303511e-01
5.554803788903923678e-01 6.012186865267433733e-01
5.561569688768606134e-01 6.012186865267433733e-01
5.561569688768606134e-01 6.025727826675694176e-01
5.568335588633288591e-01 6.025727826675694176e-01
5.568335588633288591e-01 6.032498307379824398e-01
5.575101488497969937e-01 6.032498307379824398e-01
5.581867388362652393e-01 6.039268788083953510e-01
5.602165087956698653e-01 6.039268788083953510e-01
5.602165087956698653e-01 6.052809749492213953e-01
5.615696887686062455e-01 6.052809749492213953e-01
5.615696887686062455e-01 6.079891672308733730e-01
5.622462787550743801e-01 6.079891672308733730e-01
5.622462787550743801e-01 6.106973595125253507e-01
5.635994587280108714e-01 6.106973595125253507e-01
5.635994587280108714e-01 6.113744075829383728e-01
5.663058186738836319e-01 6.113744075829383728e-01
5.663058186738836319e-01 6.127285037237644172e-01
5.663058186738836319e-01 6.140825998645903505e-01
5.669824086603518776e-01 6.140825998645903505e-01
5.669824086603518776e-01 6.147596479350033727e-01
5.683355886332882578e-01 6.147596479350033727e-01
5.683355886332882578e-01 6.167907921462423282e-01
5.690121786197563925e-01 6.167907921462423282e-01
5.703653585926927727e-01 6.167907921462423282e-01
5.710419485791610184e-01 6.167907921462423282e-01
5.723951285520973986e-01 6.167907921462423282e-01
5.723951285520973986e-01 6.174678402166553504e-01
5.730717185385656443e-01 6.174678402166553504e-01
5.730717185385656443e-01 6.181448882870683725e-01
5.744248985115020245e-01 6.188219363574813947e-01
5.744248985115020245e-01 6.201760324983073280e-01
5.757780784844384048e-01 6.201760324983073280e-01
5.757780784844384048e-01 6.228842247799594167e-01
5.764546684709066504e-01 6.235612728503723279e-01
5.771312584573747850e-01 6.235612728503723279e-01
5.771312584573747850e-01 6.269465132024373277e-01
5.778078484438430307e-01 6.269465132024373277e-01
5.791610284167794109e-01 6.269465132024373277e-01
5.791610284167794109e-01 6.289776574136763942e-01
5.805142083897157912e-01 6.289776574136763942e-01
5.805142083897157912e-01 6.296547054840894164e-01
5.811907983761840368e-01 6.296547054840894164e-01
5.832205683355886627e-01 6.296547054840894164e-01
5.838971583220567974e-01 6.303317535545023276e-01
5.838971583220567974e-01 6.330399458361544163e-01
5.852503382949932886e-01 6.330399458361544163e-01
5.866035182679296689e-01 6.330399458361544163e-01
5.866035182679296689e-01 6.337169939065673274e-01
5.872801082543978035e-01 6.337169939065673274e-01
5.872801082543978035e-01 6.343940419769803496e-01
5.879566982408660492e-01 6.343940419769803496e-01
5.879566982408660492e-01 6.350710900473933718e-01
5.906630581867388097e-01 6.350710900473933718e-01
5.906630581867388097e-01 6.357481381178063939e-01
5.926928281461434356e-01 6.357481381178063939e-01
5.926928281461434356e-01 6.364251861882194161e-01
5.933694181326116812e-01 6.364251861882194161e-01
5.933694181326116812e-01 6.391333784698713938e-01
5.947225981055480615e-01 6.391333784698713938e-01
5.947225981055480615e-01 6.465809072444143046e-01
5.953991880920161961e-01 6.465809072444143046e-01
5.953991880920161961e-01 6.486120514556533712e-01
5.967523680649526874e-01 6.486120514556533712e-01
5.967523680649526874e-01 6.492890995260663933e-01
5.987821380243572023e-01 6.492890995260663933e-01
5.987821380243572023e-01 6.506431956668923267e-01
5.994587280108254479e-01 6.506431956668923267e-01
5.994587280108254479e-01 6.547054840893703487e-01
6.001353179972936935e-01 6.553825321597833709e-01
6.001353179972936935e-01 6.560595802301963930e-01
6.021650879566982084e-01 6.560595802301963930e-01
6.021650879566982084e-01 6.580907244414353485e-01
6.048714479025710800e-01 6.580907244414353485e-01
6.062246278755074602e-01 6.580907244414353485e-01
6.062246278755074602e-01 6.601218686526743040e-01
6.075778078484438405e-01 6.601218686526743040e-01
6.075778078484438405e-01 6.614759647935003484e-01
6.082543978349120861e-01 6.614759647935003484e-01
6.082543978349120861e-01 6.641841570751523260e-01
6.089309878213802207e-01 6.641841570751523260e-01
6.109607577807848466e-01 6.641841570751523260e-01
6.129905277401894725e-01 6.641841570751523260e-01
6.129905277401894725e-01 6.648612051455653482e-01
6.136671177266576072e-01 6.648612051455653482e-01
6.136671177266576072e-01 6.668923493568043037e-01
6.143437077131258528e-01 6.668923493568043037e-01
6.143437077131258528e-01 6.675693974272173259e-01
6.150202976995940984e-01 6.682464454976303481e-01
6.150202976995940984e-01 6.689234935680433702e-01
6.156968876860622331e-01 6.689234935680433702e-01
6.156968876860622331e-01 6.716316858496953479e-01
6.163734776725304787e-01 6.716316858496953479e-01
6.163734776725304787e-01 6.723087339201083701e-01
6.170500676589986133e-01 6.723087339201083701e-01
6.170500676589986133e-01 6.736628300609343034e-01
6.184032476319349936e-01 6.736628300609343034e-01
6.197564276048714849e-01 6.736628300609343034e-01
6.204330175913396195e-01 6.736628300609343034e-01
6.204330175913396195e-01 6.743398781313473256e-01
6.217861975642759997e-01 6.743398781313473256e-01
6.217861975642759997e-01 6.750169262017603478e-01
6.238159675236806256e-01 6.750169262017603478e-01
6.251691474966170059e-01 6.750169262017603478e-01
6.251691474966170059e-01 6.763710223425862811e-01
6.258457374830852515e-01 6.770480704129993033e-01
6.265223274695534972e-01 6.770480704129993033e-01
6.265223274695534972e-01 6.777251184834123254e-01
6.271989174560216318e-01 6.784021665538253476e-01
6.271989174560216318e-01 6.790792146242383698e-01
6.278755074424898774e-01 6.790792146242383698e-01
6.299052774018945033e-01 6.790792146242383698e-01
6.312584573748308836e-01 6.790792146242383698e-01
6.312584573748308836e-01 6.797562626946512809e-01
6.346414073071718898e-01 6.797562626946512809e-01
6.346414073071718898e-01 6.824644549763033696e-01
6.359945872801082700e-01 6.824644549763033696e-01
6.359945872801082700e-01 6.831415030467162808e-01
6.373477672530446503e-01 6.831415030467162808e-01
6.373477672530446503e-01 6.838185511171293030e-01
6.387009472259810305e-01 6.838185511171293030e-01
6.387009472259810305e-01 6.844955991875423251e-01
6.407307171853856564e-01 6.844955991875423251e-01
6.407307171853856564e-01 6.865267433987812806e-01
6.420838971583220367e-01 6.865267433987812806e-01
6.420838971583220367e-01 6.885578876100203471e-01
6.434370771312584170e-01 6.885578876100203471e-01
6.434370771312584170e-01 6.899119837508462805e-01
6.441136671177266626e-01 6.899119837508462805e-01
6.454668470906630429e-01 6.899119837508462805e-01
6.454668470906630429e-01 6.912660798916723248e-01
6.461434370771312885e-01 6.912660798916723248e-01
6.461434370771312885e-01 6.932972241029112803e-01
6.468200270635994231e-01 6.932972241029112803e-01
6.488497970230040490e-01 6.932972241029112803e-01
6.488497970230040490e-01 6.953283683141503468e-01
6.502029769959404293e-01 6.953283683141503468e-01
6.502029769959404293e-01 6.973595125253893023e-01
6.508795669824086749e-01 6.973595125253893023e-01
6.508795669824086749e-01 6.980365605958023245e-01
6.522327469553450552e-01 6.980365605958023245e-01
6.522327469553450552e-01 6.993906567366282578e-01
6.529093369418133008e-01 7.000677048070412800e-01
6.542625169147496811e-01 7.000677048070412800e-01
6.549391069012178157e-01 7.000677048070412800e-01
6.549391069012178157e-01 7.014218009478673244e-01
6.562922868741543070e-01 7.014218009478673244e-01
6.562922868741543070e-01 7.020988490182803465e-01
6.583220568335588219e-01 7.020988490182803465e-01
6.583220568335588219e-01 7.027758970886932577e-01
6.603518267929634478e-01 7.027758970886932577e-01
6.610284167794316934e-01 7.027758970886932577e-01
6.623815967523680737e-01 7.027758970886932577e-01
6.623815967523680737e-01 7.034529451591062799e-01
6.637347767253044539e-01 7.034529451591062799e-01
6.637347767253044539e-01 7.041299932295193020e-01
6.644113667117726996e-01 7.041299932295193020e-01
6.644113667117726996e-01 7.048070412999323242e-01
6.650879566982408342e-01 7.048070412999323242e-01
6.650879566982408342e-01 7.054840893703453464e-01
6.664411366711772144e-01 7.061611374407582575e-01
6.664411366711772144e-01 7.068381855111712797e-01
6.671177266576454601e-01 7.068381855111712797e-01
6.671177266576454601e-01 7.075152335815843019e-01
6.684709066305818403e-01 7.075152335815843019e-01
6.698240866035182206e-01 7.075152335815843019e-01
6.698240866035182206e-01 7.088693297224103462e-01
6.705006765899864662e-01 7.088693297224103462e-01
6.705006765899864662e-01 7.095463777928232574e-01
6.711772665764547119e-01 7.095463777928232574e-01
6.711772665764547119e-01 7.102234258632362796e-01
6.725304465493910921e-01 7.102234258632362796e-01
6.725304465493910921e-01 7.109004739336493017e-01
6.732070365358592268e-01 7.109004739336493017e-01
6.732070365358592268e-01 7.115775220040623239e-01
6.745602165087957180e-01 7.115775220040623239e-01
6.765899864682002329e-01 7.115775220040623239e-01
6.765899864682002329e-01 7.122545700744752351e-01
6.772665764546684786e-01 7.122545700744752351e-01
6.772665764546684786e-01 7.129316181448882572e-01
6.779431664411367242e-01 7.129316181448882572e-01
6.779431664411367242e-01 7.136086662153012794e-01
6.792963464140731045e-01 7.136086662153012794e-01
6.806495263870094847e-01 7.136086662153012794e-01
6.806495263870094847e-01 7.149627623561273237e-01
6.813261163734776193e-01 7.149627623561273237e-01
6.813261163734776193e-01 7.176709546377793014e-01
6.820027063599458650e-01 7.176709546377793014e-01
6.820027063599458650e-01 7.183480027081923236e-01
6.826792963464141106e-01 7.183480027081923236e-01
6.826792963464141106e-01 7.217332430602573234e-01
6.840324763193504909e-01 7.217332430602573234e-01
6.840324763193504909e-01 7.230873392010832568e-01
6.847090663058186255e-01 7.230873392010832568e-01
6.847090663058186255e-01 7.237643872714962789e-01
6.853856562922868711e-01 7.237643872714962789e-01
6.853856562922868711e-01 7.264725795531482566e-01
6.860622462787551168e-01 7.271496276235612788e-01
6.860622462787551168e-01 7.298578199052132565e-01
6.874154262516914971e-01 7.298578199052132565e-01
6.874154262516914971e-01 7.312119160460393008e-01
6.880920162381596317e-01 7.312119160460393008e-01
6.880920162381596317e-01 7.325660121868652341e-01
6.887686062246278773e-01 7.325660121868652341e-01
6.887686062246278773e-01 7.339201083276912785e-01
6.901217861975642576e-01 7.339201083276912785e-01
6.901217861975642576e-01 7.393364928909952338e-01
6.921515561569688835e-01 7.393364928909952338e-01
6.928281461434371291e-01 7.393364928909952338e-01
6.928281461434371291e-01 7.406905890318212782e-01
6.935047361299052637e-01 7.406905890318212782e-01
6.935047361299052637e-01 7.413676371022343004e-01
6.948579161028416440e-01 7.413676371022343004e-01
6.948579161028416440e-01 7.433987813134732558e-01
6.962110960757780243e-01 7.433987813134732558e-01
6.962110960757780243e-01 7.454299255247122113e-01
6.968876860622462699e-01 7.454299255247122113e-01
6.968876860622462699e-01 7.467840216655382557e-01
6.975642760487145155e-01 7.467840216655382557e-01
6.975642760487145155e-01 7.474610697359512779e-01
6.995940460081190304e-01 7.474610697359512779e-01
6.995940460081190304e-01 7.488151658767772112e-01
7.036535859269282822e-01 7.488151658767772112e-01
7.036535859269282822e-01 7.494922139471902334e-01
7.043301759133965279e-01 7.494922139471902334e-01
7.043301759133965279e-01 7.501692620176032555e-01
7.050067658998646625e-01 7.501692620176032555e-01
7.050067658998646625e-01 7.508463100880162777e-01
7.063599458728010427e-01 7.508463100880162777e-01
7.063599458728010427e-01 7.528774542992552332e-01
7.077131258457375340e-01 7.528774542992552332e-01
7.077131258457375340e-01 7.535545023696682554e-01
7.083897158322056686e-01 7.535545023696682554e-01
7.083897158322056686e-01 7.549085985104942997e-01
7.090663058186739143e-01 7.549085985104942997e-01
7.090663058186739143e-01 7.555856465809072109e-01
7.097428958051420489e-01 7.555856465809072109e-01
7.097428958051420489e-01 7.562626946513202331e-01
7.104194857916102945e-01 7.562626946513202331e-01
7.104194857916102945e-01 7.569397427217332552e-01
7.117726657645466748e-01 7.569397427217332552e-01
7.124492557510149204e-01 7.569397427217332552e-01
7.124492557510149204e-01 7.576167907921462774e-01
7.171853856562923069e-01 7.576167907921462774e-01
7.171853856562923069e-01 7.582938388625591886e-01
7.178619756427604415e-01 7.582938388625591886e-01
7.192151556156969328e-01 7.582938388625591886e-01
7.198917456021650674e-01 7.582938388625591886e-01
7.198917456021650674e-01 7.596479350033852329e-01
7.198917456021650674e-01 7.603249830737982551e-01
7.205683355886333130e-01 7.603249830737982551e-01
7.205683355886333130e-01 7.610020311442112773e-01
7.212449255751014476e-01 7.610020311442112773e-01
7.212449255751014476e-01 7.616790792146241884e-01
7.219215155615696933e-01 7.616790792146241884e-01
7.219215155615696933e-01 7.623561272850372106e-01
7.232746955345060735e-01 7.623561272850372106e-01
7.239512855209743192e-01 7.623561272850372106e-01
7.239512855209743192e-01 7.630331753554502328e-01
7.246278755074424538e-01 7.637102234258632549e-01
7.253044654939106994e-01 7.637102234258632549e-01
7.253044654939106994e-01 7.643872714962762771e-01
7.273342354533153253e-01 7.643872714962762771e-01
7.273342354533153253e-01 7.664184157075152326e-01
7.280108254397834600e-01 7.664184157075152326e-01
7.280108254397834600e-01 7.670954637779282548e-01
7.300405953991880859e-01 7.670954637779282548e-01
7.300405953991880859e-01 7.677725118483412770e-01
7.307171853856563315e-01 7.677725118483412770e-01
7.307171853856563315e-01 7.698036560595802325e-01
7.320703653585927118e-01 7.698036560595802325e-01
7.320703653585927118e-01 7.745429925524712766e-01
7.334235453315290920e-01 7.745429925524712766e-01
7.334235453315290920e-01 7.806364251861882542e-01
7.347767253044654723e-01 7.806364251861882542e-01
7.347767253044654723e-01 7.819905213270141875e-01
7.354533152909337179e-01 7.819905213270141875e-01
7.354533152909337179e-01 7.833446174678402318e-01
7.354533152909337179e-01 7.840216655382532540e-01
7.368064952638700982e-01 7.840216655382532540e-01
7.381596752368064784e-01 7.840216655382532540e-01
7.381596752368064784e-01 7.846987136086661652e-01
7.388362652232747241e-01 7.846987136086661652e-01
7.388362652232747241e-01 7.867298578199052317e-01
7.401894451962111043e-01 7.867298578199052317e-01
7.401894451962111043e-01 7.901150981719702315e-01
7.408660351826793500e-01 7.901150981719702315e-01
7.415426251691474846e-01 7.907921462423832537e-01
7.428958051420838649e-01 7.907921462423832537e-01
7.428958051420838649e-01 7.914691943127961649e-01
7.435723951285521105e-01 7.921462423832091870e-01
7.435723951285521105e-01 7.948544346648611647e-01
7.442489851150202451e-01 7.948544346648611647e-01
7.442489851150202451e-01 7.955314827352741869e-01
7.449255751014884908e-01 7.955314827352741869e-01
7.449255751014884908e-01 7.962085308056872091e-01
7.456021650879567364e-01 7.962085308056872091e-01
7.462787550744248710e-01 7.968855788761002312e-01
7.462787550744248710e-01 7.982396750169261646e-01
7.469553450608931167e-01 7.982396750169261646e-01
7.469553450608931167e-01 7.989167230873391867e-01
7.483085250338294969e-01 7.989167230873391867e-01
7.483085250338294969e-01 8.009478672985782532e-01
7.496617050067658772e-01 8.009478672985782532e-01
7.496617050067658772e-01 8.023019634394041866e-01
7.510148849797022574e-01 8.023019634394041866e-01
7.510148849797022574e-01 8.036560595802302309e-01
7.530446549391068833e-01 8.036560595802302309e-01
7.530446549391068833e-01 8.050101557210561642e-01
7.543978349120432636e-01 8.050101557210561642e-01
7.543978349120432636e-01 8.090724441435341863e-01
7.557510148849797549e-01 8.097494922139472084e-01
7.557510148849797549e-01 8.111035883547731418e-01
7.571041948579161351e-01 8.111035883547731418e-01
7.571041948579161351e-01 8.138117806364252305e-01
7.584573748308525154e-01 8.138117806364252305e-01
7.584573748308525154e-01 8.151658767772511638e-01
7.591339648173206500e-01 8.151658767772511638e-01
7.591339648173206500e-01 8.165199729180772081e-01
7.604871447902571413e-01 8.165199729180772081e-01
7.604871447902571413e-01 8.171970209884902303e-01
7.631935047361299018e-01 8.171970209884902303e-01
7.631935047361299018e-01 8.178740690589031415e-01
7.638700947225981475e-01 8.178740690589031415e-01
7.638700947225981475e-01 8.192281651997291858e-01
7.652232746955345277e-01 8.192281651997291858e-01
7.652232746955345277e-01 8.219363574813811635e-01
7.679296346414072882e-01 8.219363574813811635e-01
7.679296346414072882e-01 8.226134055517941857e-01
7.699594046008119141e-01 8.226134055517941857e-01
7.706359945872801598e-01 8.226134055517941857e-01
7.713125845737482944e-01 8.232904536222072078e-01
7.740189445196210549e-01 8.232904536222072078e-01
7.746955345060893006e-01 8.232904536222072078e-01
7.746955345060893006e-01 8.239675016926202300e-01
7.760487144790256808e-01 8.239675016926202300e-01
7.760487144790256808e-01 8.246445497630331412e-01
7.767253044654939265e-01 8.246445497630331412e-01
7.787550744248985524e-01 8.246445497630331412e-01
7.787550744248985524e-01 8.273527420446851188e-01
7.794316644113666870e-01 8.273527420446851188e-01
7.794316644113666870e-01 8.280297901150981410e-01
7.801082543978349326e-01 8.280297901150981410e-01
7.801082543978349326e-01 8.300609343263372075e-01
7.807848443843030672e-01 8.300609343263372075e-01
7.807848443843030672e-01 8.307379823967501187e-01
7.821380243572395585e-01 8.307379823967501187e-01
7.821380243572395585e-01 8.320920785375761630e-01
7.828146143437076931e-01 8.320920785375761630e-01
7.828146143437076931e-01 8.354773188896411629e-01
7.841677943166440734e-01 8.354773188896411629e-01
7.841677943166440734e-01 8.368314150304672072e-01
7.841677943166440734e-01 8.381855111712931405e-01
7.841677943166440734e-01 8.395396073121191849e-01
7.848443843031123190e-01 8.395396073121191849e-01
7.848443843031123190e-01 8.402166553825322071e-01
7.855209742895805647e-01 8.402166553825322071e-01
7.855209742895805647e-01 8.408937034529451182e-01
7.875507442489850796e-01 8.408937034529451182e-01
7.889039242219215708e-01 8.408937034529451182e-01
7.902571041948579511e-01 8.408937034529451182e-01
7.902571041948579511e-01 8.422477995937711626e-01
7.922868741542624660e-01 8.422477995937711626e-01
7.922868741542624660e-01 8.436018957345972069e-01
7.936400541271989573e-01 8.436018957345972069e-01
7.949932341001353375e-01 8.436018957345972069e-01
7.949932341001353375e-01 8.449559918754231402e-01
7.956698240866034721e-01 8.449559918754231402e-01
7.956698240866034721e-01 8.456330399458361624e-01
7.970230040595399634e-01 8.456330399458361624e-01
7.970230040595399634e-01 8.463100880162491846e-01
7.983761840324763437e-01 8.463100880162491846e-01
7.997293640054127239e-01 8.463100880162491846e-01
8.004059539918809696e-01 8.463100880162491846e-01
8.004059539918809696e-01 8.510494245091401178e-01
8.024357239512854845e-01 8.510494245091401178e-01
8.037889039242219757e-01 8.510494245091401178e-01
8.037889039242219757e-01 8.517264725795531399e-01
8.044654939106901104e-01 8.517264725795531399e-01
8.044654939106901104e-01 8.524035206499661621e-01
8.058186738836264906e-01 8.524035206499661621e-01
8.064952638700947363e-01 8.524035206499661621e-01
8.064952638700947363e-01 8.530805687203791843e-01
8.078484438430311165e-01 8.530805687203791843e-01
8.078484438430311165e-01 8.544346648612051176e-01
8.092016238159674968e-01 8.544346648612051176e-01
8.092016238159674968e-01 8.551117129316181398e-01
8.105548037889038770e-01 8.551117129316181398e-01
8.119079837618403683e-01 8.551117129316181398e-01
8.125845737483085029e-01 8.551117129316181398e-01
8.125845737483085029e-01 8.578199052132701175e-01
8.139377537212448832e-01 8.578199052132701175e-01
8.159675236806495091e-01 8.578199052132701175e-01
8.173207036535858894e-01 8.578199052132701175e-01
8.173207036535858894e-01 8.591740013540961618e-01
8.186738836265223807e-01 8.591740013540961618e-01
8.193504736129905153e-01 8.598510494245091840e-01
8.193504736129905153e-01 8.605280974949220951e-01
8.200270635994587609e-01 8.605280974949220951e-01
8.200270635994587609e-01 8.612051455653351173e-01
8.207036535859268955e-01 8.612051455653351173e-01
8.207036535859268955e-01 8.618821936357481395e-01
8.220568335588632758e-01 8.618821936357481395e-01
8.227334235453315214e-01 8.618821936357481395e-01
8.227334235453315214e-01 8.632362897765741838e-01
8.240866035182679017e-01 8.632362897765741838e-01
8.247631935047361473e-01 8.632362897765741838e-01
8.247631935047361473e-01 8.645903859174001171e-01
8.254397834912042820e-01 8.645903859174001171e-01
8.267929634641407732e-01 8.645903859174001171e-01
8.267929634641407732e-01 8.652674339878131393e-01
8.274695534506089079e-01 8.652674339878131393e-01
8.274695534506089079e-01 8.666215301286391837e-01
8.294993234100135338e-01 8.666215301286391837e-01
8.301759133964817794e-01 8.672985781990520948e-01
8.301759133964817794e-01 8.679756262694651170e-01
8.322056833558862943e-01 8.679756262694651170e-01
8.328822733423545399e-01 8.679756262694651170e-01
8.328822733423545399e-01 8.686526743398781392e-01
8.335588633288227856e-01 8.686526743398781392e-01
8.335588633288227856e-01 8.693297224102911613e-01
8.342354533152909202e-01 8.693297224102911613e-01
8.342354533152909202e-01 8.700067704807041835e-01
8.349120433017591658e-01 8.700067704807041835e-01
8.349120433017591658e-01 8.713608666215301168e-01
8.355886332882273004e-01 8.713608666215301168e-01
8.362652232746955461e-01 8.720379146919431390e-01
8.362652232746955461e-01 8.727149627623561612e-01
8.369418132611636807e-01 8.727149627623561612e-01
8.369418132611636807e-01 8.740690589031820945e-01
8.389715832205683066e-01 8.740690589031820945e-01
8.389715832205683066e-01 8.747461069735951167e-01
8.396481732070365522e-01 8.747461069735951167e-01
8.396481732070365522e-01 8.754231550440081389e-01
8.410013531799729325e-01 8.754231550440081389e-01
8.430311231393775584e-01 8.754231550440081389e-01
8.430311231393775584e-01 8.761002031144211610e-01
8.450608930987821843e-01 8.761002031144211610e-01
8.450608930987821843e-01 8.767772511848340722e-01
8.464140730717185646e-01 8.767772511848340722e-01
8.470906630581866992e-01 8.767772511848340722e-01
8.470906630581866992e-01 8.774542992552470944e-01
8.477672530446549448e-01 8.774542992552470944e-01
8.477672530446549448e-01 8.788083953960731387e-01
8.484438430311231905e-01 8.788083953960731387e-01
8.484438430311231905e-01 8.794854434664861609e-01
8.491204330175913251e-01 8.794854434664861609e-01
8.504736129905277053e-01 8.794854434664861609e-01
8.504736129905277053e-01 8.801624915368990720e-01
8.511502029769959510e-01 8.801624915368990720e-01
8.511502029769959510e-01 8.815165876777251164e-01
8.518267929634640856e-01 8.815165876777251164e-01
8.518267929634640856e-01 8.842247799593770941e-01
8.525033829499323312e-01 8.842247799593770941e-01
8.525033829499323312e-01 8.862559241706161606e-01
8.531799729364005769e-01 8.862559241706161606e-01
8.531799729364005769e-01 8.869329722410290717e-01
8.538565629228687115e-01 8.869329722410290717e-01
8.538565629228687115e-01 8.889641164522681382e-01
8.552097428958050918e-01 8.889641164522681382e-01
8.558863328822733374e-01 8.889641164522681382e-01
8.572395128552097177e-01 8.889641164522681382e-01
8.572395128552097177e-01 8.896411645226811604e-01
8.592692828146143436e-01 8.896411645226811604e-01
8.592692828146143436e-01 8.909952606635070937e-01
8.599458728010825892e-01 8.916723087339201159e-01
8.626522327469553497e-01 8.916723087339201159e-01
8.626522327469553497e-01 8.923493568043331381e-01
8.633288227334235954e-01 8.923493568043331381e-01
8.633288227334235954e-01 8.943805010155720936e-01
8.646820027063599756e-01 8.943805010155720936e-01
8.660351826792963559e-01 8.943805010155720936e-01
8.660351826792963559e-01 8.950575490859851158e-01
8.667117726657646015e-01 8.950575490859851158e-01
8.667117726657646015e-01 8.957345971563981379e-01
8.694181326116373620e-01 8.957345971563981379e-01
8.694181326116373620e-01 8.964116452268110491e-01
8.714479025710419879e-01 8.964116452268110491e-01
8.714479025710419879e-01 8.977657413676370934e-01
8.728010825439783682e-01 8.977657413676370934e-01
8.728010825439783682e-01 8.991198375084631378e-01
8.734776725304465028e-01 8.991198375084631378e-01
8.734776725304465028e-01 8.997968855788760489e-01
8.755074424898511287e-01 8.997968855788760489e-01
8.755074424898511287e-01 9.011509817197020933e-01
8.775372124492557546e-01 9.011509817197020933e-01
8.775372124492557546e-01 9.018280297901151155e-01
8.795669824086603805e-01 9.018280297901151155e-01
8.795669824086603805e-01 9.031821259309410488e-01
8.809201623815967608e-01 9.031821259309410488e-01
8.809201623815967608e-01 9.038591740013540710e-01
8.822733423545331410e-01 9.038591740013540710e-01
8.822733423545331410e-01 9.052132701421801153e-01
8.829499323410013867e-01 9.052132701421801153e-01
8.843031123139377669e-01 9.052132701421801153e-01
8.843031123139377669e-01 9.065673662830060486e-01
8.849797023004059016e-01 9.065673662830060486e-01
8.849797023004059016e-01 9.072444143534190708e-01
8.856562922868741472e-01 9.072444143534190708e-01
8.856562922868741472e-01 9.085985104942451152e-01
8.863328822733423928e-01 9.085985104942451152e-01
8.876860622462787731e-01 9.085985104942451152e-01
8.883626522327469077e-01 9.085985104942451152e-01
8.883626522327469077e-01 9.092755585646581373e-01
8.897158322056833990e-01 9.092755585646581373e-01
8.897158322056833990e-01 9.119837508463101150e-01
8.910690121786197793e-01 9.119837508463101150e-01
8.930987821380244052e-01 9.119837508463101150e-01
8.944519621109607854e-01 9.119837508463101150e-01
8.944519621109607854e-01 9.126607989167231372e-01
8.958051420838971657e-01 9.126607989167231372e-01
8.958051420838971657e-01 9.140148950575490705e-01
8.971583220568335459e-01 9.140148950575490705e-01
8.985115020297699262e-01 9.140148950575490705e-01
8.991880920162381718e-01 9.140148950575490705e-01
8.991880920162381718e-01 9.146919431279620927e-01
9.005412719891745521e-01 9.146919431279620927e-01
9.012178619756427977e-01 9.146919431279620927e-01
9.012178619756427977e-01 9.153689911983751148e-01
9.025710419485791780e-01 9.153689911983751148e-01
9.039242219215155583e-01 9.153689911983751148e-01
9.039242219215155583e-01 9.160460392687881370e-01
9.046008119079838039e-01 9.160460392687881370e-01
9.046008119079838039e-01 9.167230873392010482e-01
9.052774018944519385e-01 9.167230873392010482e-01
9.066305818673883188e-01 9.167230873392010482e-01
9.073071718538565644e-01 9.167230873392010482e-01
9.073071718538565644e-01 9.174001354096140703e-01
9.086603518267929447e-01 9.174001354096140703e-01
9.086603518267929447e-01 9.207853757616790702e-01
9.093369418132611903e-01 9.207853757616790702e-01
9.093369418132611903e-01 9.234935680433310479e-01
9.106901217861975706e-01 9.234935680433310479e-01
9.113667117726658162e-01 9.234935680433310479e-01
9.127198917456021965e-01 9.234935680433310479e-01
9.133964817320703311e-01 9.234935680433310479e-01
9.133964817320703311e-01 9.255247122545701144e-01
9.140730717185385767e-01 9.255247122545701144e-01
9.154262516914749570e-01 9.255247122545701144e-01
9.154262516914749570e-01 9.268788083953960477e-01
9.161028416779432026e-01 9.268788083953960477e-01
9.161028416779432026e-01 9.309410968178740697e-01
9.174560216508795829e-01 9.309410968178740697e-01
9.181326116373477175e-01 9.309410968178740697e-01
9.181326116373477175e-01 9.383886255924170916e-01
9.194857916102842088e-01 9.383886255924170916e-01
9.194857916102842088e-01 9.404197698036560471e-01
9.208389715832205891e-01 9.404197698036560471e-01
9.208389715832205891e-01 9.417738659444820915e-01
9.221921515561569693e-01 9.417738659444820915e-01
9.228687415426252150e-01 9.417738659444820915e-01
9.228687415426252150e-01 9.424509140148950026e-01
9.242219215155615952e-01 9.424509140148950026e-01
9.242219215155615952e-01 9.431279620853080248e-01
9.255751014884979755e-01 9.431279620853080248e-01
9.255751014884979755e-01 9.438050101557210469e-01
9.269282814614343557e-01 9.438050101557210469e-01
9.276048714479026014e-01 9.438050101557210469e-01
9.276048714479026014e-01 9.444820582261340691e-01
9.282814614343707360e-01 9.451591062965470913e-01
9.289580514208389816e-01 9.451591062965470913e-01
9.303112313937753619e-01 9.451591062965470913e-01
9.323410013531799878e-01 9.451591062965470913e-01
9.323410013531799878e-01 9.458361543669600024e-01
9.336941813261163681e-01 9.458361543669600024e-01
9.336941813261163681e-01 9.478672985781990690e-01
9.357239512855209940e-01 9.478672985781990690e-01
9.357239512855209940e-01 9.498984427894380245e-01
9.364005412719891286e-01 9.498984427894380245e-01
9.364005412719891286e-01 9.512525389302640688e-01
9.377537212449256199e-01 9.512525389302640688e-01
9.391069012178620001e-01 9.512525389302640688e-01
9.391069012178620001e-01 9.526066350710900021e-01
9.391069012178620001e-01 9.546377792823290687e-01
9.404600811907983804e-01 9.546377792823290687e-01
9.404600811907983804e-01 9.559918754231550020e-01
9.418132611637347607e-01 9.559918754231550020e-01
9.424898511502030063e-01 9.559918754231550020e-01
9.424898511502030063e-01 9.573459715639810463e-01
9.431664411366711409e-01 9.587000677048070907e-01
9.431664411366711409e-01 9.600541638456330240e-01
9.445196211096076322e-01 9.600541638456330240e-01
9.445196211096076322e-01 9.614082599864590684e-01
9.458728010825440125e-01 9.614082599864590684e-01
9.458728010825440125e-01 9.627623561272850017e-01
9.465493910690121471e-01 9.627623561272850017e-01
9.465493910690121471e-01 9.634394041976980239e-01
9.472259810554803927e-01 9.634394041976980239e-01
9.472259810554803927e-01 9.647935003385240682e-01
9.479025710419485273e-01 9.647935003385240682e-01
9.479025710419485273e-01 9.654705484089369794e-01
9.492557510148850186e-01 9.654705484089369794e-01
9.492557510148850186e-01 9.661475964793500015e-01
9.499323410013531532e-01 9.661475964793500015e-01
9.519621109607577791e-01 9.661475964793500015e-01
9.539918809201624050e-01 9.661475964793500015e-01
9.539918809201624050e-01 9.675016926201760459e-01
9.546684709066305397e-01 9.675016926201760459e-01
9.546684709066305397e-01 9.681787406905890681e-01
9.560216508795670309e-01 9.681787406905890681e-01
9.560216508795670309e-01 9.688557887610019792e-01
9.587280108254397915e-01 9.688557887610019792e-01
9.600811907983761717e-01 9.688557887610019792e-01
9.600811907983761717e-01 9.702098849018280236e-01
9.614343707713125520e-01 9.702098849018280236e-01
9.621109607577807976e-01 9.702098849018280236e-01
9.621109607577807976e-01 9.715639810426540679e-01
9.627875507442489322e-01 9.715639810426540679e-01
9.627875507442489322e-01 9.729180771834800012e-01
9.648173207036535581e-01 9.729180771834800012e-01
9.648173207036535581e-01 9.742721733243060456e-01
9.661705006765899384e-01 9.742721733243060456e-01
9.682002706359945643e-01 9.742721733243060456e-01
9.682002706359945643e-01 9.749492213947190677e-01
9.715832205683355705e-01 9.749492213947190677e-01
9.715832205683355705e-01 9.769803656059580232e-01
9.722598105548038161e-01 9.769803656059580232e-01
9.722598105548038161e-01 9.776574136763710454e-01
9.736129905277401964e-01 9.776574136763710454e-01
9.742895805142084420e-01 9.776574136763710454e-01
9.742895805142084420e-01 9.783344617467840676e-01
9.749661705006765766e-01 9.783344617467840676e-01
9.749661705006765766e-01 9.790115098171969787e-01
9.763193504736129569e-01 9.790115098171969787e-01
9.763193504736129569e-01 9.796885578876100009e-01
9.783491204330175828e-01 9.796885578876100009e-01
9.790257104194858284e-01 9.796885578876100009e-01
9.790257104194858284e-01 9.830737982396750008e-01
9.803788903924222087e-01 9.830737982396750008e-01
9.803788903924222087e-01 9.837508463100880229e-01
9.810554803788903433e-01 9.837508463100880229e-01
9.810554803788903433e-01 9.844278943805010451e-01
9.824086603518268346e-01 9.844278943805010451e-01
9.824086603518268346e-01 9.857819905213269784e-01
9.830852503382949692e-01 9.857819905213269784e-01
9.830852503382949692e-01 9.878131347325660450e-01
9.844384303112313495e-01 9.878131347325660450e-01
9.851150202976995951e-01 9.878131347325660450e-01
9.851150202976995951e-01 9.891672308733919783e-01
9.857916102841678407e-01 9.891672308733919783e-01
9.857916102841678407e-01 9.898442789438050005e-01
9.878213802435723556e-01 9.898442789438050005e-01
9.898511502029769815e-01 9.898442789438050005e-01
9.905277401894452272e-01 9.898442789438050005e-01
9.905277401894452272e-01 9.905213270142180226e-01
9.912043301759133618e-01 9.905213270142180226e-01
9.912043301759133618e-01 9.918754231550439560e-01
9.918809201623816074e-01 9.918754231550439560e-01
9.918809201623816074e-01 9.925524712254569781e-01
9.925575101488497420e-01 9.925524712254569781e-01
9.939106901217862333e-01 9.925524712254569781e-01
9.939106901217862333e-01 9.932295192958700003e-01
9.952638700947226136e-01 9.932295192958700003e-01
9.952638700947226136e-01 9.945836154366960447e-01
9.959404600811907482e-01 9.945836154366960447e-01
9.959404600811907482e-01 9.952606635071089558e-01
9.972936400541272395e-01 9.952606635071089558e-01
9.972936400541272395e-01 9.959377115775219780e-01
9.979702300405953741e-01 9.959377115775219780e-01
9.979702300405953741e-01 9.993229519295869778e-01
9.986468200270636197e-01 9.993229519295869778e-01
9.986468200270636197e-01 1.000000000000000000e+00
1.000000000000000000e+00 1.000000000000000000e+00
