# acc = 0.500
0.000000000000000000e+00 0.000000000000000000e+00
0.000000000000000000e+00 6.770480704129992972e-04
0.000000000000000000e+00 2.227488151658767734e-01
6.765899864682003214e-04 2.227488151658767734e-01
6.765899864682003214e-04 2.396750169262017727e-01
2.029769959404600747e-03 2.396750169262017727e-01
2.029769959404600747e-03 2.572782667569397663e-01
2.706359945872801286e-03 2.572782667569397663e-01
2.706359945872801286e-03 2.843601895734597096e-01
3.382949932341001390e-03 2.843601895734597096e-01
3.382949932341001390e-03 2.897765741367637204e-01
4.059539918809201495e-03 2.897765741367637204e-01
4.059539918809201495e-03 3.026404874746106977e-01
4.736129905277402033e-03 3.026404874746106977e-01
4.736129905277402033e-03 3.039945836154366865e-01
5.412719891745602571e-03 3.039945836154366865e-01
5.412719891745602571e-03 3.046716316858497087e-01
6.765899864682002780e-03 3.046716316858497087e-01
6.765899864682002780e-03 3.060257278266756975e-01
7.442489851150203319e-03 3.060257278266756975e-01
7.442489851150203319e-03 3.073798239675016863e-01
9.472259810554804066e-03 3.073798239675016863e-01
9.472259810554804066e-03 3.121191604603926750e-01
1.014884979702300460e-02 3.121191604603926750e-01
1.014884979702300460e-02 3.127962085308056972e-01
1.082543978349120514e-02 3.127962085308056972e-01
1.082543978349120514e-02 3.141503046716316860e-01
1.150202976995940395e-02 3.141503046716316860e-01
1.150202976995940395e-02 3.188896411645226747e-01
1.285520974289580502e-02 3.188896411645226747e-01
1.353179972936400556e-02 3.188896411645226747e-01
1.488497970230040664e-02 3.188896411645226747e-01
1.488497970230040664e-02 3.195666892349356969e-01
1.623815967523680598e-02 3.195666892349356969e-01
1.623815967523680598e-02 3.256601218686526744e-01
1.759133964817320706e-02 3.256601218686526744e-01
1.759133964817320706e-02 3.270142180094786633e-01
1.894451962110960813e-02 3.270142180094786633e-01
1.894451962110960813e-02 3.297224102911306964e-01
2.029769959404600921e-02 3.297224102911306964e-01
2.029769959404600921e-02 3.310765064319566853e-01
2.097428958051420975e-02 3.310765064319566853e-01
2.097428958051420975e-02 3.331076506431956408e-01
2.165087956698241028e-02 3.331076506431956408e-01
2.165087956698241028e-02 3.446174678402166291e-01
2.232746955345060735e-02 3.446174678402166291e-01
2.368064952638700843e-02 3.446174678402166291e-01
2.368064952638700843e-02 3.473256601218686623e-01
2.435723951285520897e-02 3.473256601218686623e-01
2.435723951285520897e-02 3.493568043331076733e-01
2.571041948579161004e-02 3.493568043331076733e-01
2.571041948579161004e-02 3.500338524035206400e-01
2.638700947225981058e-02 3.500338524035206400e-01
2.638700947225981058e-02 3.520649966147596510e-01
2.774018944519621166e-02 3.520649966147596510e-01
2.774018944519621166e-02 3.540961408259986620e-01
2.909336941813261274e-02 3.540961408259986620e-01
2.909336941813261274e-02 3.676371022342586059e-01
2.976995940460081327e-02 3.676371022342586059e-01
2.976995940460081327e-02 3.696682464454976169e-01
3.112313937753721088e-02 3.696682464454976169e-01
3.247631935047361196e-02 3.696682464454976169e-01
3.247631935047361196e-02 3.710223425863236058e-01
3.382949932341001303e-02 3.710223425863236058e-01
3.382949932341001303e-02 3.716993906567366279e-01
3.450608930987821704e-02 3.716993906567366279e-01
3.450608930987821704e-02 3.764387271496276166e-01
3.585926928281461118e-02 3.764387271496276166e-01
3.585926928281461118e-02 3.811780636425186053e-01
3.653585926928281519e-02 3.811780636425186053e-01
3.653585926928281519e-02 3.845633039945836051e-01
3.788903924221921626e-02 3.845633039945836051e-01
3.788903924221921626e-02 3.913337846987136048e-01
3.856562922868741333e-02 3.913337846987136048e-01
3.856562922868741333e-02 3.920108327691266270e-01
3.924221921515561734e-02 3.920108327691266270e-01
3.924221921515561734e-02 3.933649289099526158e-01
3.991880920162381441e-02 3.933649289099526158e-01
3.991880920162381441e-02 3.960731211916045935e-01
4.059539918809201842e-02 3.960731211916045935e-01
4.059539918809201842e-02 3.967501692620176157e-01
4.127198917456021549e-02 3.967501692620176157e-01
4.127198917456021549e-02 4.001354096140826155e-01
4.330175913396482057e-02 4.001354096140826155e-01
4.330175913396482057e-02 4.055517941773865709e-01
4.397834912043301764e-02 4.055517941773865709e-01
4.397834912043301764e-02 4.069058903182126152e-01
4.533152909336941871e-02 4.069058903182126152e-01
4.533152909336941871e-02 4.096140825998645929e-01
4.600811907983761578e-02 4.096140825998645929e-01
4.600811907983761578e-02 4.123222748815165706e-01
4.668470906630581979e-02 4.123222748815165706e-01
4.668470906630581979e-02 4.157075152335815704e-01
4.803788903924222087e-02 4.157075152335815704e-01
4.803788903924222087e-02 4.177386594448205814e-01
4.871447902571041794e-02 4.177386594448205814e-01
4.871447902571041794e-02 4.184157075152336036e-01
4.939106901217862194e-02 4.184157075152336036e-01
4.939106901217862194e-02 4.204468517264725591e-01
5.006765899864681901e-02 4.204468517264725591e-01
5.006765899864681901e-02 4.211238997968855813e-01
5.074424898511502302e-02 4.211238997968855813e-01
5.074424898511502302e-02 4.251861882193635478e-01
5.209742895805142410e-02 4.251861882193635478e-01
5.345060893098781823e-02 4.251861882193635478e-01
5.412719891745602224e-02 4.251861882193635478e-01
5.412719891745602224e-02 4.265402843601895921e-01
5.480378890392421931e-02 4.265402843601895921e-01
5.751014884979702146e-02 4.265402843601895921e-01
5.751014884979702146e-02 4.272173324306025588e-01
5.818673883626522547e-02 4.272173324306025588e-01
5.818673883626522547e-02 4.278943805010155810e-01
5.886332882273342254e-02 4.278943805010155810e-01
5.886332882273342254e-02 4.360189573459715695e-01
6.021650879566982362e-02 4.360189573459715695e-01
6.021650879566982362e-02 4.394041976980365694e-01
6.089309878213802762e-02 4.394041976980365694e-01
6.089309878213802762e-02 4.400812457684495360e-01
6.156968876860622469e-02 4.400812457684495360e-01
6.292286874154262577e-02 4.400812457684495360e-01
6.292286874154262577e-02 4.407582938388625582e-01
6.427604871447901991e-02 4.407582938388625582e-01
6.427604871447901991e-02 4.448205822613405802e-01
6.495263870094722392e-02 4.448205822613405802e-01
6.495263870094722392e-02 4.502369668246445356e-01
6.562922868741542792e-02 4.502369668246445356e-01
6.562922868741542792e-02 4.515910629654705244e-01
6.698240866035182206e-02 4.515910629654705244e-01
6.901217861975643408e-02 4.515910629654705244e-01
6.901217861975643408e-02 4.563303994583615686e-01
6.968876860622462421e-02 4.563303994583615686e-01
6.968876860622462421e-02 4.576844955991875574e-01
7.104194857916103223e-02 4.576844955991875574e-01
7.104194857916103223e-02 4.583615436696005241e-01
7.171853856562922236e-02 4.583615436696005241e-01
7.171853856562922236e-02 4.597156398104265129e-01
7.239512855209742637e-02 4.597156398104265129e-01
7.239512855209742637e-02 4.603926878808395351e-01
7.510148849797022852e-02 4.603926878808395351e-01
7.510148849797022852e-02 4.644549763033175571e-01
7.577807848443843253e-02 4.644549763033175571e-01
7.577807848443843253e-02 4.651320243737305238e-01
7.645466847090663653e-02 4.651320243737305238e-01
7.645466847090663653e-02 4.671631685849695348e-01
7.780784844384303067e-02 4.671631685849695348e-01
7.780784844384303067e-02 4.712254570074475013e-01
7.848443843031123468e-02 4.712254570074475013e-01
7.848443843031123468e-02 4.874746106973595339e-01
7.916102841677942481e-02 4.874746106973595339e-01
7.916102841677942481e-02 4.901828029790115115e-01
7.983761840324762882e-02 4.901828029790115115e-01
7.983761840324762882e-02 4.928909952606634892e-01
8.051420838971583283e-02 4.928909952606634892e-01
8.051420838971583283e-02 4.935680433310765114e-01
8.119079837618403683e-02 4.935680433310765114e-01
8.119079837618403683e-02 4.942450914014894781e-01
8.186738836265222696e-02 4.942450914014894781e-01
8.186738836265222696e-02 4.949221394719025002e-01
8.254397834912043097e-02 4.949221394719025002e-01
8.254397834912043097e-02 4.962762356127284891e-01
8.322056833558863498e-02 4.962762356127284891e-01
8.322056833558863498e-02 4.983073798239675001e-01
8.525033829499323312e-02 4.983073798239675001e-01
8.525033829499323312e-02 4.989844278943805223e-01
8.660351826792964114e-02 4.989844278943805223e-01
8.863328822733423928e-02 4.989844278943805223e-01
8.930987821380242941e-02 4.989844278943805223e-01
8.930987821380242941e-02 5.016926201760324444e-01
9.066305818673883743e-02 5.016926201760324444e-01
9.066305818673883743e-02 5.044008124576845331e-01
9.269282814614343557e-02 5.044008124576845331e-01
9.269282814614343557e-02 5.050778605280974443e-01
9.336941813261163958e-02 5.050778605280974443e-01
9.336941813261163958e-02 5.057549085985104664e-01
9.404600811907984359e-02 5.057549085985104664e-01
9.539918809201623773e-02 5.057549085985104664e-01
9.539918809201623773e-02 5.084631008801624441e-01
9.607577807848444174e-02 5.084631008801624441e-01
9.607577807848444174e-02 5.098171970209884885e-01
9.675236806495263187e-02 5.098171970209884885e-01
9.675236806495263187e-02 5.125253893026404661e-01
9.810554803788903988e-02 5.125253893026404661e-01
9.810554803788903988e-02 5.132024373730534883e-01
9.945872801082543402e-02 5.132024373730534883e-01
9.945872801082543402e-02 5.152335815842924438e-01
1.008119079837618420e-01 5.152335815842924438e-01
1.008119079837618420e-01 5.159106296547054660e-01
1.014884979702300460e-01 5.159106296547054660e-01
1.028416779431664402e-01 5.159106296547054660e-01
1.028416779431664402e-01 5.165876777251184881e-01
1.041948579161028482e-01 5.165876777251184881e-01
1.041948579161028482e-01 5.179417738659445325e-01
1.048714479025710383e-01 5.179417738659445325e-01
1.048714479025710383e-01 5.192958700067704658e-01
1.062246278755074463e-01 5.192958700067704658e-01
1.062246278755074463e-01 5.199729180771834880e-01
1.069012178619756365e-01 5.199729180771834880e-01
1.069012178619756365e-01 5.240352064996615100e-01
1.082543978349120445e-01 5.240352064996615100e-01
1.089309878213802485e-01 5.240352064996615100e-01
1.089309878213802485e-01 5.267433987813134877e-01
1.109607577807848466e-01 5.267433987813134877e-01
1.109607577807848466e-01 5.274204468517265099e-01
1.116373477672530506e-01 5.274204468517265099e-01
1.116373477672530506e-01 5.301286391333784875e-01
1.129905277401894448e-01 5.301286391333784875e-01
1.150202976995940429e-01 5.301286391333784875e-01
1.150202976995940429e-01 5.328368314150304652e-01
1.163734776725304509e-01 5.328368314150304652e-01
1.163734776725304509e-01 5.341909275558565096e-01
1.170500676589986411e-01 5.341909275558565096e-01
1.170500676589986411e-01 5.375761679079215094e-01
1.184032476319350491e-01 5.375761679079215094e-01
1.184032476319350491e-01 5.389302640487474427e-01
1.190798376184032531e-01 5.389302640487474427e-01
1.204330175913396472e-01 5.389302640487474427e-01
1.204330175913396472e-01 5.396073121191604649e-01
1.211096075778078512e-01 5.396073121191604649e-01
1.211096075778078512e-01 5.416384563303994204e-01
1.217861975642760552e-01 5.416384563303994204e-01
1.217861975642760552e-01 5.423155044008124426e-01
1.231393775372124494e-01 5.423155044008124426e-01
1.244925575101488435e-01 5.423155044008124426e-01
1.244925575101488435e-01 5.457007447528774424e-01
1.251691474966170614e-01 5.457007447528774424e-01
1.265223274695534417e-01 5.457007447528774424e-01
1.265223274695534417e-01 5.463777928232904646e-01
1.271989174560216596e-01 5.463777928232904646e-01
1.271989174560216596e-01 5.470548408937034868e-01
1.278755074424898497e-01 5.470548408937034868e-01
1.278755074424898497e-01 5.477318889641163979e-01
1.292286874154262577e-01 5.477318889641163979e-01
1.292286874154262577e-01 5.484089370345294201e-01
1.299052774018944478e-01 5.484089370345294201e-01
1.299052774018944478e-01 5.490859851049424423e-01
1.305818673883626657e-01 5.490859851049424423e-01
1.305818673883626657e-01 5.497630331753554644e-01
1.319350473612990460e-01 5.497630331753554644e-01
1.319350473612990460e-01 5.531482735274204643e-01
1.326116373477672639e-01 5.531482735274204643e-01
1.326116373477672639e-01 5.545023696682463976e-01
1.332882273342354540e-01 5.545023696682463976e-01
1.332882273342354540e-01 5.558564658090724420e-01
1.353179972936400521e-01 5.558564658090724420e-01
1.353179972936400521e-01 5.565335138794854641e-01
1.407307171853856564e-01 5.565335138794854641e-01
1.407307171853856564e-01 5.578876100203113975e-01
1.414073071718538466e-01 5.578876100203113975e-01
1.427604871447902546e-01 5.578876100203113975e-01
1.447902571041948527e-01 5.578876100203113975e-01
1.447902571041948527e-01 5.592417061611374418e-01
1.474966170500676688e-01 5.592417061611374418e-01
1.474966170500676688e-01 5.605958023019634862e-01
1.481732070365358589e-01 5.605958023019634862e-01
1.481732070365358589e-01 5.612728503723763973e-01
1.488497970230040490e-01 5.612728503723763973e-01
1.488497970230040490e-01 5.619498984427894195e-01
1.495263870094722669e-01 5.619498984427894195e-01
1.495263870094722669e-01 5.626269465132024417e-01
1.508795669824086472e-01 5.626269465132024417e-01
1.508795669824086472e-01 5.646580907244413972e-01
1.522327469553450552e-01 5.646580907244413972e-01
1.522327469553450552e-01 5.653351387948544193e-01
1.535859269282814632e-01 5.653351387948544193e-01
1.535859269282814632e-01 5.660121868652674415e-01
1.542625169147496533e-01 5.660121868652674415e-01
1.542625169147496533e-01 5.687203791469194192e-01
1.549391069012178712e-01 5.687203791469194192e-01
1.549391069012178712e-01 5.700744752877454635e-01
1.556156968876860613e-01 5.700744752877454635e-01
1.556156968876860613e-01 5.714285714285713969e-01
1.562922868741542515e-01 5.714285714285713969e-01
1.562922868741542515e-01 5.727826675693974412e-01
1.576454668470906595e-01 5.727826675693974412e-01
1.576454668470906595e-01 5.734597156398104634e-01
1.589986468200270675e-01 5.734597156398104634e-01
1.589986468200270675e-01 5.748138117806363967e-01
1.596752368064952576e-01 5.748138117806363967e-01
1.596752368064952576e-01 5.761679079214624410e-01
1.610284167794316657e-01 5.761679079214624410e-01
1.610284167794316657e-01 5.775220040622883744e-01
1.630581867388362638e-01 5.775220040622883744e-01
1.644113667117726718e-01 5.775220040622883744e-01
1.644113667117726718e-01 5.781990521327013965e-01
1.657645466847090798e-01 5.781990521327013965e-01
1.671177266576454601e-01 5.781990521327013965e-01
1.671177266576454601e-01 5.802301963439404631e-01
1.677943166441136780e-01 5.802301963439404631e-01
1.677943166441136780e-01 5.809072444143533742e-01
1.684709066305818681e-01 5.809072444143533742e-01
1.684709066305818681e-01 5.815842924847663964e-01
1.698240866035182761e-01 5.815842924847663964e-01
1.705006765899864662e-01 5.815842924847663964e-01
1.705006765899864662e-01 5.822613405551794186e-01
1.718538565629228743e-01 5.822613405551794186e-01
1.718538565629228743e-01 5.849695328368313962e-01
1.738836265223274724e-01 5.849695328368313962e-01
1.738836265223274724e-01 5.856465809072444184e-01
1.745602165087956625e-01 5.856465809072444184e-01
1.745602165087956625e-01 5.870006770480704628e-01
1.752368064952638804e-01 5.870006770480704628e-01
1.765899864682002607e-01 5.870006770480704628e-01
1.765899864682002607e-01 5.876777251184833739e-01
1.779431664411366687e-01 5.876777251184833739e-01
1.779431664411366687e-01 5.883547731888963961e-01
1.792963464140730767e-01 5.883547731888963961e-01
1.792963464140730767e-01 5.890318212593094183e-01
1.806495263870094847e-01 5.890318212593094183e-01
1.820027063599458650e-01 5.890318212593094183e-01
1.820027063599458650e-01 5.897088693297224404e-01
1.833558863328822730e-01 5.897088693297224404e-01
1.847090663058186810e-01 5.897088693297224404e-01
1.847090663058186810e-01 5.910629654705483738e-01
1.867388362652232792e-01 5.910629654705483738e-01
1.867388362652232792e-01 5.917400135409613959e-01
1.874154262516914693e-01 5.917400135409613959e-01
1.874154262516914693e-01 5.944482058226133736e-01
1.880920162381596872e-01 5.944482058226133736e-01
1.880920162381596872e-01 5.958023019634394180e-01
1.887686062246278773e-01 5.958023019634394180e-01
1.901217861975642853e-01 5.958023019634394180e-01
1.907983761840324755e-01 5.958023019634394180e-01
1.907983761840324755e-01 5.964793500338524401e-01
1.914749661705006656e-01 5.964793500338524401e-01
1.914749661705006656e-01 5.971563981042653513e-01
1.928281461434370736e-01 5.971563981042653513e-01
1.928281461434370736e-01 5.978334461746783735e-01
1.941813261163734816e-01 5.978334461746783735e-01
1.941813261163734816e-01 5.998645903859174400e-01
1.948579161028416717e-01 5.998645903859174400e-01
1.948579161028416717e-01 6.025727826675694176e-01
1.962110960757780798e-01 6.025727826675694176e-01
1.962110960757780798e-01 6.032498307379824398e-01
1.975642760487144878e-01 6.032498307379824398e-01
1.975642760487144878e-01 6.039268788083953510e-01
1.982408660351826779e-01 6.039268788083953510e-01
1.982408660351826779e-01 6.046039268788083731e-01
1.989174560216508680e-01 6.046039268788083731e-01
1.989174560216508680e-01 6.052809749492213953e-01
2.002706359945872761e-01 6.052809749492213953e-01
2.009472259810554939e-01 6.052809749492213953e-01
2.009472259810554939e-01 6.066350710900474397e-01
2.023004059539918742e-01 6.066350710900474397e-01
2.023004059539918742e-01 6.073121191604603508e-01
2.029769959404600921e-01 6.073121191604603508e-01
2.029769959404600921e-01 6.079891672308733730e-01
2.043301759133964723e-01 6.079891672308733730e-01
2.056833558863328804e-01 6.079891672308733730e-01
2.063599458728010705e-01 6.079891672308733730e-01
2.063599458728010705e-01 6.093432633716994173e-01
2.083897158322056964e-01 6.093432633716994173e-01
2.083897158322056964e-01 6.127285037237644172e-01
2.104194857916102945e-01 6.127285037237644172e-01
2.104194857916102945e-01 6.140825998645903505e-01
2.110960757780784847e-01 6.140825998645903505e-01
2.138024357239512729e-01 6.140825998645903505e-01
2.144790257104194908e-01 6.140825998645903505e-01
2.144790257104194908e-01 6.147596479350033727e-01
2.151556156968876810e-01 6.147596479350033727e-01
2.151556156968876810e-01 6.194989844278944169e-01
2.178619756427604970e-01 6.194989844278944169e-01
2.192151556156968772e-01 6.194989844278944169e-01
2.192151556156968772e-01 6.208530805687203502e-01
2.198917456021650951e-01 6.208530805687203502e-01
2.198917456021650951e-01 6.235612728503723279e-01
2.212449255751014754e-01 6.235612728503723279e-01
2.225981055480378834e-01 6.235612728503723279e-01
2.239512855209742914e-01 6.235612728503723279e-01
2.246278755074424816e-01 6.235612728503723279e-01
2.246278755074424816e-01 6.242383209207853501e-01
2.273342354533152976e-01 6.242383209207853501e-01
2.273342354533152976e-01 6.249153689911983722e-01
2.286874154262516778e-01 6.249153689911983722e-01
2.286874154262516778e-01 6.283006093432633721e-01
2.293640054127198957e-01 6.283006093432633721e-01
2.293640054127198957e-01 6.296547054840894164e-01
2.300405953991880859e-01 6.296547054840894164e-01
2.300405953991880859e-01 6.316858496953283719e-01
2.320703653585926840e-01 6.316858496953283719e-01
2.341001353179972821e-01 6.316858496953283719e-01
2.341001353179972821e-01 6.323628977657413941e-01
2.361299052774019080e-01 6.323628977657413941e-01
2.361299052774019080e-01 6.343940419769803496e-01
2.368064952638700982e-01 6.343940419769803496e-01
2.368064952638700982e-01 6.364251861882194161e-01
2.381596752368065062e-01 6.364251861882194161e-01
2.395128552097428865e-01 6.364251861882194161e-01
2.401894451962111043e-01 6.364251861882194161e-01
2.401894451962111043e-01 6.377792823290453494e-01
2.408660351826792945e-01 6.377792823290453494e-01
2.408660351826792945e-01 6.384563303994583716e-01
2.428958051420838926e-01 6.384563303994583716e-01
2.428958051420838926e-01 6.398104265402843049e-01
2.442489851150203006e-01 6.398104265402843049e-01
2.456021650879567086e-01 6.398104265402843049e-01
2.456021650879567086e-01 6.411645226811103493e-01
2.462787550744248988e-01 6.411645226811103493e-01
2.476319350473613068e-01 6.411645226811103493e-01
2.476319350473613068e-01 6.418415707515233715e-01
2.496617050067659049e-01 6.418415707515233715e-01
2.510148849797023130e-01 6.418415707515233715e-01
2.510148849797023130e-01 6.425186188219363936e-01
2.523680649526386932e-01 6.425186188219363936e-01
2.523680649526386932e-01 6.431956668923493048e-01
2.537212449255751290e-01 6.431956668923493048e-01
2.543978349120433191e-01 6.431956668923493048e-01
2.557510148849796994e-01 6.431956668923493048e-01
2.557510148849796994e-01 6.452268111035883713e-01
2.571041948579160796e-01 6.452268111035883713e-01
2.584573748308525154e-01 6.452268111035883713e-01
2.611637347767253314e-01 6.452268111035883713e-01
2.611637347767253314e-01 6.513202437373053488e-01
2.618403247631935216e-01 6.513202437373053488e-01
2.618403247631935216e-01 6.526743398781313932e-01
2.625169147496617117e-01 6.526743398781313932e-01
2.625169147496617117e-01 6.560595802301963930e-01
2.638700947225980920e-01 6.560595802301963930e-01
2.638700947225980920e-01 6.574136763710223264e-01
2.652232746955345277e-01 6.574136763710223264e-01
2.658998646820027179e-01 6.574136763710223264e-01
2.658998646820027179e-01 6.580907244414353485e-01
2.665764546684709080e-01 6.580907244414353485e-01
2.665764546684709080e-01 6.587677725118483707e-01
2.672530446549390981e-01 6.587677725118483707e-01
2.672530446549390981e-01 6.601218686526743040e-01
2.699594046008119141e-01 6.601218686526743040e-01
2.699594046008119141e-01 6.621530128639133705e-01
2.713125845737482944e-01 6.621530128639133705e-01
2.713125845737482944e-01 6.635071090047393039e-01
2.719891745602164845e-01 6.635071090047393039e-01
2.719891745602164845e-01 6.648612051455653482e-01
2.726657645466847302e-01 6.648612051455653482e-01
2.726657645466847302e-01 6.655382532159783704e-01
2.753721244925574907e-01 6.655382532159783704e-01
2.774018944519621166e-01 6.655382532159783704e-01
2.787550744248984969e-01 6.655382532159783704e-01
2.801082543978349326e-01 6.655382532159783704e-01
2.801082543978349326e-01 6.662153012863912815e-01
2.807848443843031228e-01 6.662153012863912815e-01
2.807848443843031228e-01 6.668923493568043037e-01
2.821380243572395030e-01 6.668923493568043037e-01
2.821380243572395030e-01 6.675693974272173259e-01
2.855209742895805092e-01 6.675693974272173259e-01
2.855209742895805092e-01 6.682464454976303481e-01
2.861975642760486993e-01 6.682464454976303481e-01
2.861975642760486993e-01 6.696005416384562814e-01
2.868741542625168894e-01 6.696005416384562814e-01
2.895805142083897055e-01 6.696005416384562814e-01
2.895805142083897055e-01 6.709546377792823257e-01
2.902571041948578956e-01 6.709546377792823257e-01
2.902571041948578956e-01 6.723087339201083701e-01
2.909336941813261412e-01 6.723087339201083701e-01
2.909336941813261412e-01 6.729857819905212812e-01
2.922868741542625215e-01 6.729857819905212812e-01
2.922868741542625215e-01 6.736628300609343034e-01
2.936400541271989018e-01 6.736628300609343034e-01
2.936400541271989018e-01 6.750169262017603478e-01
2.949932341001353375e-01 6.750169262017603478e-01
2.949932341001353375e-01 6.756939742721733699e-01
2.970230040595399079e-01 6.756939742721733699e-01
2.983761840324763437e-01 6.756939742721733699e-01
2.990527740189445338e-01 6.756939742721733699e-01
2.990527740189445338e-01 6.770480704129993033e-01
2.997293640054127239e-01 6.770480704129993033e-01
2.997293640054127239e-01 6.790792146242383698e-01
3.004059539918809141e-01 6.790792146242383698e-01
3.004059539918809141e-01 6.811103588354773253e-01
3.024357239512855400e-01 6.811103588354773253e-01
3.024357239512855400e-01 6.817874069058903475e-01
3.044654939106901104e-01 6.817874069058903475e-01
3.044654939106901104e-01 6.838185511171293030e-01
3.051420838971583005e-01 6.838185511171293030e-01
3.064952638700947363e-01 6.838185511171293030e-01
3.071718538565629264e-01 6.838185511171293030e-01
3.085250338294993067e-01 6.838185511171293030e-01
3.092016238159674968e-01 6.838185511171293030e-01
3.092016238159674968e-01 6.885578876100203471e-01
3.098782138024357424e-01 6.885578876100203471e-01
3.098782138024357424e-01 6.899119837508462805e-01
3.105548037889039326e-01 6.899119837508462805e-01
3.105548037889039326e-01 6.905890318212593026e-01
3.112313937753721227e-01 6.905890318212593026e-01
3.112313937753721227e-01 6.932972241029112803e-01
3.125845737483085029e-01 6.932972241029112803e-01
3.125845737483085029e-01 6.946513202437373247e-01
3.132611637347767486e-01 6.946513202437373247e-01
3.132611637347767486e-01 6.953283683141503468e-01
3.139377537212449387e-01 6.953283683141503468e-01
3.139377537212449387e-01 6.960054163845632580e-01
3.152909336941813190e-01 6.960054163845632580e-01
3.152909336941813190e-01 6.973595125253893023e-01
3.159675236806495091e-01 6.973595125253893023e-01
3.159675236806495091e-01 6.980365605958023245e-01
3.166441136671176992e-01 6.980365605958023245e-01
3.166441136671176992e-01 7.020988490182803465e-01
3.173207036535859449e-01 7.020988490182803465e-01
3.186738836265223251e-01 7.020988490182803465e-01
3.186738836265223251e-01 7.041299932295193020e-01
3.200270635994587054e-01 7.041299932295193020e-01
3.220568335588633313e-01 7.041299932295193020e-01
3.220568335588633313e-01 7.054840893703453464e-01
3.227334235453315214e-01 7.054840893703453464e-01
3.227334235453315214e-01 7.081922816519973241e-01
3.234100135317997116e-01 7.081922816519973241e-01
3.254397834912043375e-01 7.081922816519973241e-01
3.261163734776725276e-01 7.081922816519973241e-01
3.274695534506089079e-01 7.081922816519973241e-01
3.281461434370771535e-01 7.081922816519973241e-01
3.281461434370771535e-01 7.088693297224103462e-01
3.294993234100135338e-01 7.088693297224103462e-01
3.294993234100135338e-01 7.095463777928232574e-01
3.315290933694181597e-01 7.095463777928232574e-01
3.315290933694181597e-01 7.122545700744752351e-01
3.335588633288227300e-01 7.122545700744752351e-01
3.335588633288227300e-01 7.129316181448882572e-01
3.342354533152909202e-01 7.129316181448882572e-01
3.355886332882273559e-01 7.129316181448882572e-01
3.355886332882273559e-01 7.136086662153012794e-01
3.369418132611637362e-01 7.136086662153012794e-01
3.376184032476319263e-01 7.136086662153012794e-01
3.396481732070365522e-01 7.136086662153012794e-01
3.396481732070365522e-01 7.142857142857143016e-01
3.416779431664411226e-01 7.142857142857143016e-01
3.443843031123139387e-01 7.142857142857143016e-01
3.450608930987821288e-01 7.142857142857143016e-01
3.450608930987821288e-01 7.156398104265402349e-01
3.457374830852503189e-01 7.156398104265402349e-01
3.457374830852503189e-01 7.163168584969532571e-01
3.464140730717185646e-01 7.163168584969532571e-01
3.464140730717185646e-01 7.169939065673662792e-01
3.491204330175913251e-01 7.169939065673662792e-01
3.531799729364005214e-01 7.169939065673662792e-01
3.531799729364005214e-01 7.176709546377793014e-01
3.538565629228687670e-01 7.176709546377793014e-01
3.538565629228687670e-01 7.183480027081923236e-01
3.558863328822733374e-01 7.183480027081923236e-01
3.558863328822733374e-01 7.190250507786052347e-01
3.572395128552097177e-01 7.190250507786052347e-01
3.585926928281461534e-01 7.190250507786052347e-01
3.585926928281461534e-01 7.237643872714962789e-01
3.599458728010825337e-01 7.237643872714962789e-01
3.606224627875507238e-01 7.237643872714962789e-01
3.606224627875507238e-01 7.264725795531482566e-01
3.619756427604871596e-01 7.264725795531482566e-01
3.619756427604871596e-01 7.271496276235612788e-01
3.640054127198917300e-01 7.271496276235612788e-01
3.640054127198917300e-01 7.278266756939743010e-01
3.667117726657645460e-01 7.278266756939743010e-01
3.667117726657645460e-01 7.285037237643873231e-01
3.673883626522327361e-01 7.285037237643873231e-01
3.694181326116373620e-01 7.285037237643873231e-01
3.707713125845737423e-01 7.285037237643873231e-01
3.714479025710419324e-01 7.285037237643873231e-01
3.714479025710419324e-01 7.298578199052132565e-01
3.721244925575101226e-01 7.298578199052132565e-01
3.721244925575101226e-01 7.345971563981043007e-01
3.728010825439783682e-01 7.345971563981043007e-01
3.728010825439783682e-01 7.352742044685172118e-01
3.734776725304465583e-01 7.352742044685172118e-01
3.734776725304465583e-01 7.359512525389302340e-01
3.741542625169147485e-01 7.359512525389302340e-01
3.741542625169147485e-01 7.366283006093432562e-01
3.748308525033829386e-01 7.366283006093432562e-01
3.748308525033829386e-01 7.373053486797562783e-01
3.761840324763193744e-01 7.373053486797562783e-01
3.761840324763193744e-01 7.393364928909952338e-01
3.768606224627875645e-01 7.393364928909952338e-01
3.782138024357239448e-01 7.393364928909952338e-01
3.795669824086603250e-01 7.393364928909952338e-01
3.795669824086603250e-01 7.406905890318212782e-01
3.802435723951285707e-01 7.406905890318212782e-01
3.802435723951285707e-01 7.413676371022343004e-01
3.809201623815967608e-01 7.413676371022343004e-01
3.809201623815967608e-01 7.420446851726472115e-01
3.829499323410013312e-01 7.420446851726472115e-01
3.829499323410013312e-01 7.427217332430602337e-01
3.843031123139377669e-01 7.427217332430602337e-01
3.863328822733423373e-01 7.427217332430602337e-01
3.883626522327469632e-01 7.427217332430602337e-01
3.897158322056833435e-01 7.427217332430602337e-01
3.897158322056833435e-01 7.447528774542993002e-01
3.924221921515561595e-01 7.447528774542993002e-01
3.937753721244925398e-01 7.447528774542993002e-01
3.937753721244925398e-01 7.454299255247122113e-01
3.951285520974289756e-01 7.454299255247122113e-01
3.971583220568335459e-01 7.454299255247122113e-01
3.971583220568335459e-01 7.494922139471902334e-01
3.985115020297699817e-01 7.494922139471902334e-01
3.985115020297699817e-01 7.501692620176032555e-01
3.991880920162381718e-01 7.501692620176032555e-01
3.991880920162381718e-01 7.515233581584292999e-01
4.005412719891745521e-01 7.515233581584292999e-01
4.005412719891745521e-01 7.522004062288422110e-01
4.018944519621109879e-01 7.522004062288422110e-01
4.018944519621109879e-01 7.528774542992552332e-01
4.025710419485791780e-01 7.528774542992552332e-01
4.025710419485791780e-01 7.535545023696682554e-01
4.032476319350473681e-01 7.535545023696682554e-01
4.032476319350473681e-01 7.549085985104942997e-01
4.039242219215155583e-01 7.549085985104942997e-01
4.039242219215155583e-01 7.555856465809072109e-01
4.052774018944519385e-01 7.555856465809072109e-01
4.052774018944519385e-01 7.562626946513202331e-01
4.073071718538565644e-01 7.562626946513202331e-01
4.086603518267929447e-01 7.562626946513202331e-01
4.086603518267929447e-01 7.569397427217332552e-01
4.100135317997293805e-01 7.569397427217332552e-01
4.100135317997293805e-01 7.576167907921462774e-01
4.113667117726657607e-01 7.576167907921462774e-01
4.127198917456021410e-01 7.576167907921462774e-01
4.127198917456021410e-01 7.589708869329722107e-01
4.154262516914749570e-01 7.589708869329722107e-01
4.154262516914749570e-01 7.603249830737982551e-01
4.161028416779431471e-01 7.603249830737982551e-01
4.161028416779431471e-01 7.610020311442112773e-01
4.174560216508795829e-01 7.610020311442112773e-01
4.174560216508795829e-01 7.616790792146241884e-01
4.181326116373477730e-01 7.616790792146241884e-01
4.194857916102841533e-01 7.616790792146241884e-01
4.194857916102841533e-01 7.623561272850372106e-01
4.215155615696887792e-01 7.623561272850372106e-01
4.215155615696887792e-01 7.630331753554502328e-01
4.221921515561569693e-01 7.630331753554502328e-01
4.221921515561569693e-01 7.637102234258632549e-01
4.228687415426251595e-01 7.637102234258632549e-01
4.228687415426251595e-01 7.643872714962762771e-01
4.242219215155615952e-01 7.643872714962762771e-01
4.255751014884979755e-01 7.643872714962762771e-01
4.255751014884979755e-01 7.657413676371022104e-01
4.269282814614343557e-01 7.657413676371022104e-01
4.269282814614343557e-01 7.670954637779282548e-01
4.276048714479025459e-01 7.670954637779282548e-01
4.276048714479025459e-01 7.698036560595802325e-01
4.289580514208389816e-01 7.698036560595802325e-01
4.303112313937753619e-01 7.698036560595802325e-01
4.303112313937753619e-01 7.704807041299932546e-01
4.316644113667117977e-01 7.704807041299932546e-01
4.336941813261163681e-01 7.704807041299932546e-01
4.343707713125845582e-01 7.704807041299932546e-01
4.343707713125845582e-01 7.711577522004062768e-01
4.357239512855209940e-01 7.711577522004062768e-01
4.370771312584573742e-01 7.711577522004062768e-01
4.370771312584573742e-01 7.718348002708191880e-01
4.384303112313937545e-01 7.718348002708191880e-01
4.384303112313937545e-01 7.725118483412322101e-01
4.411366711772665705e-01 7.725118483412322101e-01
4.411366711772665705e-01 7.731888964116452323e-01
4.418132611637347607e-01 7.731888964116452323e-01
4.418132611637347607e-01 7.738659444820582545e-01
4.431664411366711964e-01 7.738659444820582545e-01
4.445196211096075767e-01 7.738659444820582545e-01
4.445196211096075767e-01 7.745429925524712766e-01
4.465493910690122026e-01 7.745429925524712766e-01
4.465493910690122026e-01 7.752200406228841878e-01
4.485791610284167730e-01 7.752200406228841878e-01
4.499323410013531532e-01 7.752200406228841878e-01
4.499323410013531532e-01 7.758970886932972100e-01
4.506089309878213989e-01 7.758970886932972100e-01
4.506089309878213989e-01 7.779282329045362765e-01
4.519621109607577791e-01 7.779282329045362765e-01
4.519621109607577791e-01 7.792823290453622098e-01
4.533152909336941594e-01 7.792823290453622098e-01
4.533152909336941594e-01 7.799593771157752320e-01
4.566982408660351656e-01 7.799593771157752320e-01
4.566982408660351656e-01 7.806364251861882542e-01
4.573748308525033557e-01 7.806364251861882542e-01
4.573748308525033557e-01 7.813134732566011653e-01
4.580514208389716013e-01 7.813134732566011653e-01
4.580514208389716013e-01 7.819905213270141875e-01
4.587280108254397915e-01 7.819905213270141875e-01
4.607577807848443618e-01 7.819905213270141875e-01
4.607577807848443618e-01 7.833446174678402318e-01
4.621109607577807976e-01 7.833446174678402318e-01
4.654939106901218038e-01 7.833446174678402318e-01
4.654939106901218038e-01 7.840216655382532540e-01
4.682002706359945643e-01 7.840216655382532540e-01
4.682002706359945643e-01 7.853757616790791873e-01
4.688768606224628099e-01 7.853757616790791873e-01
4.688768606224628099e-01 7.867298578199052317e-01
4.695534506089310001e-01 7.867298578199052317e-01
4.695534506089310001e-01 7.874069058903182539e-01
4.709066305818673803e-01 7.874069058903182539e-01
4.715832205683355705e-01 7.874069058903182539e-01
4.715832205683355705e-01 7.907921462423832537e-01
4.729364005412720062e-01 7.907921462423832537e-01
4.729364005412720062e-01 7.921462423832091870e-01
4.749661705006765766e-01 7.921462423832091870e-01
4.749661705006765766e-01 7.928232904536222092e-01
4.769959404600812025e-01 7.928232904536222092e-01
4.769959404600812025e-01 7.935003385240352314e-01
4.790257104194857729e-01 7.935003385240352314e-01
4.790257104194857729e-01 7.962085308056872091e-01
4.803788903924222087e-01 7.962085308056872091e-01
4.817320703653585889e-01 7.962085308056872091e-01
4.817320703653585889e-01 7.968855788761002312e-01
4.830852503382949692e-01 7.968855788761002312e-01
4.830852503382949692e-01 7.975626269465132534e-01
4.837618403247632148e-01 7.975626269465132534e-01
4.837618403247632148e-01 7.989167230873391867e-01
4.844384303112314050e-01 7.989167230873391867e-01
4.844384303112314050e-01 7.995937711577522089e-01
4.864682002706359754e-01 7.995937711577522089e-01
4.864682002706359754e-01 8.002708192281652311e-01
4.871447902571042210e-01 8.002708192281652311e-01
4.871447902571042210e-01 8.016249153689911644e-01
4.898511502029769815e-01 8.016249153689911644e-01
4.898511502029769815e-01 8.023019634394041866e-01
4.912043301759134173e-01 8.023019634394041866e-01
4.925575101488497975e-01 8.023019634394041866e-01
4.925575101488497975e-01 8.070412999322952308e-01
4.932341001353179877e-01 8.070412999322952308e-01
4.932341001353179877e-01 8.090724441435341863e-01
4.945872801082544234e-01 8.090724441435341863e-01
4.945872801082544234e-01 8.097494922139472084e-01
4.952638700947226136e-01 8.097494922139472084e-01
4.952638700947226136e-01 8.111035883547731418e-01
4.959404600811908037e-01 8.111035883547731418e-01
4.959404600811908037e-01 8.124576844955991861e-01
4.966170500676589938e-01 8.124576844955991861e-01
4.966170500676589938e-01 8.138117806364252305e-01
4.972936400541271840e-01 8.138117806364252305e-01
4.972936400541271840e-01 8.171970209884902303e-01
4.979702300405953741e-01 8.171970209884902303e-01
4.979702300405953741e-01 8.178740690589031415e-01
4.986468200270636197e-01 8.178740690589031415e-01
4.986468200270636197e-01 8.185511171293161636e-01
5.013531799729363803e-01 8.185511171293161636e-01
5.013531799729363803e-01 8.212593094109681413e-01
5.020297699594046259e-01 8.212593094109681413e-01
5.020297699594046259e-01 8.219363574813811635e-01
5.033829499323410062e-01 8.219363574813811635e-01
5.033829499323410062e-01 8.226134055517941857e-01
5.040595399188092518e-01 8.226134055517941857e-01
5.040595399188092518e-01 8.239675016926202300e-01
5.047361299052773864e-01 8.239675016926202300e-01
5.060893098782137667e-01 8.239675016926202300e-01
5.060893098782137667e-01 8.266756939742722077e-01
5.074424898511502580e-01 8.266756939742722077e-01
5.074424898511502580e-01 8.287068381855111632e-01
5.087956698240866382e-01 8.287068381855111632e-01
5.087956698240866382e-01 8.293838862559241853e-01
5.101488497970230185e-01 8.293838862559241853e-01
5.101488497970230185e-01 8.300609343263372075e-01
5.135317997293640246e-01 8.300609343263372075e-01
5.135317997293640246e-01 8.314150304671631408e-01
5.155615696887686505e-01 8.314150304671631408e-01
5.155615696887686505e-01 8.327691266079891852e-01
5.169147496617050308e-01 8.327691266079891852e-01
5.169147496617050308e-01 8.348002708192281407e-01
5.175913396481731654e-01 8.348002708192281407e-01
5.175913396481731654e-01 8.354773188896411629e-01
5.182679296346414111e-01 8.354773188896411629e-01
5.182679296346414111e-01 8.361543669600541850e-01
5.196211096075777913e-01 8.361543669600541850e-01
5.209742895805141716e-01 8.361543669600541850e-01
5.243572395128551777e-01 8.361543669600541850e-01
5.257104194857915580e-01 8.361543669600541850e-01
5.263870094722598036e-01 8.361543669600541850e-01
5.277401894451961839e-01 8.361543669600541850e-01
5.277401894451961839e-01 8.368314150304672072e-01
5.284167794316644295e-01 8.368314150304672072e-01
5.284167794316644295e-01 8.402166553825322071e-01
5.338294993234100616e-01 8.402166553825322071e-01
5.351826792963464419e-01 8.402166553825322071e-01
5.351826792963464419e-01 8.415707515233581404e-01
5.358592692828145765e-01 8.415707515233581404e-01
5.372124492557510678e-01 8.415707515233581404e-01
5.372124492557510678e-01 8.429248476641841847e-01
5.378890392422192024e-01 8.429248476641841847e-01
5.378890392422192024e-01 8.436018957345972069e-01
5.392422192151555826e-01 8.436018957345972069e-01
5.405953991880919629e-01 8.436018957345972069e-01
5.405953991880919629e-01 8.442789438050101181e-01
5.412719891745602085e-01 8.442789438050101181e-01
5.412719891745602085e-01 8.449559918754231402e-01
5.426251691474965888e-01 8.449559918754231402e-01
5.433017591339648344e-01 8.449559918754231402e-01
5.433017591339648344e-01 8.456330399458361624e-01
5.439783491204329691e-01 8.456330399458361624e-01
5.439783491204329691e-01 8.463100880162491846e-01
5.446549391069012147e-01 8.463100880162491846e-01
5.446549391069012147e-01 8.490182802979011623e-01
5.453315290933694603e-01 8.490182802979011623e-01
5.453315290933694603e-01 8.496953283683141844e-01
5.460081190798375950e-01 8.496953283683141844e-01
5.460081190798375950e-01 8.503723764387270956e-01
5.473612990527739752e-01 8.503723764387270956e-01
5.473612990527739752e-01 8.510494245091401178e-01
5.514208389715832270e-01 8.510494245091401178e-01
5.514208389715832270e-01 8.530805687203791843e-01
5.527740189445196073e-01 8.530805687203791843e-01
5.527740189445196073e-01 8.537576167907920954e-01
5.548037889039242332e-01 8.537576167907920954e-01
5.548037889039242332e-01 8.544346648612051176e-01
5.561569688768606134e-01 8.544346648612051176e-01
5.561569688768606134e-01 8.557887610020311620e-01
5.588633288227333740e-01 8.557887610020311620e-01
5.588633288227333740e-01 8.578199052132701175e-01
5.629228687415426258e-01 8.578199052132701175e-01
5.649526387009472517e-01 8.578199052132701175e-01
5.649526387009472517e-01 8.584969532836831396e-01
5.663058186738836319e-01 8.584969532836831396e-01
5.690121786197563925e-01 8.584969532836831396e-01
5.690121786197563925e-01 8.605280974949220951e-01
5.703653585926927727e-01 8.605280974949220951e-01
5.703653585926927727e-01 8.612051455653351173e-01
5.717185385656292640e-01 8.612051455653351173e-01
5.717185385656292640e-01 8.618821936357481395e-01
5.723951285520973986e-01 8.618821936357481395e-01
5.744248985115020245e-01 8.618821936357481395e-01
5.744248985115020245e-01 8.632362897765741838e-01
5.757780784844384048e-01 8.632362897765741838e-01
5.757780784844384048e-01 8.639133378469870950e-01
5.764546684709066504e-01 8.639133378469870950e-01
5.764546684709066504e-01 8.679756262694651170e-01
5.778078484438430307e-01 8.679756262694651170e-01
5.778078484438430307e-01 8.686526743398781392e-01
5.791610284167794109e-01 8.686526743398781392e-01
5.791610284167794109e-01 8.706838185511170947e-01
5.798376184032476566e-01 8.706838185511170947e-01
5.798376184032476566e-01 8.720379146919431390e-01
5.805142083897157912e-01 8.720379146919431390e-01
5.818673883626522825e-01 8.720379146919431390e-01
5.825439783491204171e-01 8.720379146919431390e-01
5.838971583220567974e-01 8.720379146919431390e-01
5.866035182679296689e-01 8.720379146919431390e-01
5.866035182679296689e-01 8.727149627623561612e-01
5.879566982408660492e-01 8.727149627623561612e-01
5.906630581867388097e-01 8.727149627623561612e-01
5.906630581867388097e-01 8.740690589031820945e-01
5.947225981055480615e-01 8.740690589031820945e-01
5.947225981055480615e-01 8.754231550440081389e-01
5.960757780784844417e-01 8.754231550440081389e-01
5.974289580514208220e-01 8.754231550440081389e-01
5.981055480378890676e-01 8.754231550440081389e-01
5.994587280108254479e-01 8.754231550440081389e-01
5.994587280108254479e-01 8.761002031144211610e-01
6.014884979702300738e-01 8.761002031144211610e-01
6.014884979702300738e-01 8.767772511848340722e-01
6.021650879566982084e-01 8.767772511848340722e-01
6.021650879566982084e-01 8.781313473256601165e-01
6.028416779431664541e-01 8.781313473256601165e-01
6.041948579161028343e-01 8.781313473256601165e-01
6.041948579161028343e-01 8.794854434664861609e-01
6.075778078484438405e-01 8.794854434664861609e-01
6.089309878213802207e-01 8.794854434664861609e-01
6.089309878213802207e-01 8.801624915368990720e-01
6.102841677943166010e-01 8.801624915368990720e-01
6.109607577807848466e-01 8.801624915368990720e-01
6.109607577807848466e-01 8.808395396073120942e-01
6.116373477672530923e-01 8.808395396073120942e-01
6.116373477672530923e-01 8.815165876777251164e-01
6.123139377537212269e-01 8.815165876777251164e-01
6.136671177266576072e-01 8.815165876777251164e-01
6.136671177266576072e-01 8.821936357481381386e-01
6.150202976995940984e-01 8.821936357481381386e-01
6.150202976995940984e-01 8.828706838185511607e-01
6.163734776725304787e-01 8.828706838185511607e-01
6.163734776725304787e-01 8.842247799593770941e-01
6.184032476319349936e-01 8.842247799593770941e-01
6.197564276048714849e-01 8.842247799593770941e-01
6.224627875507442454e-01 8.842247799593770941e-01
6.238159675236806256e-01 8.842247799593770941e-01
6.251691474966170059e-01 8.842247799593770941e-01
6.251691474966170059e-01 8.855788761002031384e-01
6.271989174560216318e-01 8.855788761002031384e-01
6.285520974289580121e-01 8.855788761002031384e-01
6.312584573748308836e-01 8.855788761002031384e-01
6.312584573748308836e-01 8.869329722410290717e-01
6.326116373477672639e-01 8.869329722410290717e-01
6.339648173207036441e-01 8.869329722410290717e-01
6.387009472259810305e-01 8.869329722410290717e-01
6.387009472259810305e-01 8.882870683818551161e-01
6.393775372124492762e-01 8.882870683818551161e-01
6.393775372124492762e-01 8.889641164522681382e-01
6.407307171853856564e-01 8.889641164522681382e-01
6.420838971583220367e-01 8.889641164522681382e-01
6.420838971583220367e-01 8.896411645226811604e-01
6.427604871447902823e-01 8.896411645226811604e-01
6.427604871447902823e-01 8.903182125930940716e-01
6.434370771312584170e-01 8.903182125930940716e-01
6.434370771312584170e-01 8.909952606635070937e-01
6.441136671177266626e-01 8.909952606635070937e-01
6.441136671177266626e-01 8.923493568043331381e-01
6.454668470906630429e-01 8.923493568043331381e-01
6.495263870094722947e-01 8.923493568043331381e-01
6.508795669824086749e-01 8.923493568043331381e-01
6.515561569688768095e-01 8.923493568043331381e-01
6.515561569688768095e-01 8.930264048747461603e-01
6.529093369418133008e-01 8.930264048747461603e-01
6.529093369418133008e-01 8.937034529451590714e-01
6.535859269282814354e-01 8.937034529451590714e-01
6.535859269282814354e-01 8.957345971563981379e-01
6.549391069012178157e-01 8.957345971563981379e-01
6.562922868741543070e-01 8.957345971563981379e-01
6.596752368064953131e-01 8.957345971563981379e-01
6.603518267929634478e-01 8.957345971563981379e-01
6.603518267929634478e-01 8.964116452268110491e-01
6.610284167794316934e-01 8.964116452268110491e-01
6.610284167794316934e-01 8.970886932972240713e-01
6.617050067658998280e-01 8.970886932972240713e-01
6.617050067658998280e-01 8.977657413676370934e-01
6.630581867388363193e-01 8.977657413676370934e-01
6.630581867388363193e-01 8.991198375084631378e-01
6.637347767253044539e-01 8.991198375084631378e-01
6.637347767253044539e-01 8.997968855788760489e-01
6.671177266576454601e-01 8.997968855788760489e-01
6.671177266576454601e-01 9.011509817197020933e-01
6.691474966170500860e-01 9.011509817197020933e-01
6.691474966170500860e-01 9.018280297901151155e-01
6.705006765899864662e-01 9.018280297901151155e-01
6.705006765899864662e-01 9.025050778605281376e-01
6.718538565629228465e-01 9.025050778605281376e-01
6.732070365358592268e-01 9.025050778605281376e-01
6.745602165087957180e-01 9.025050778605281376e-01
6.759133964817320983e-01 9.025050778605281376e-01
6.772665764546684786e-01 9.025050778605281376e-01
6.786197564276048588e-01 9.025050778605281376e-01
6.786197564276048588e-01 9.031821259309410488e-01
6.799729364005412391e-01 9.031821259309410488e-01
6.799729364005412391e-01 9.038591740013540710e-01
6.840324763193504909e-01 9.038591740013540710e-01
6.840324763193504909e-01 9.045362220717670931e-01
6.860622462787551168e-01 9.045362220717670931e-01
6.874154262516914971e-01 9.045362220717670931e-01
6.887686062246278773e-01 9.045362220717670931e-01
6.901217861975642576e-01 9.045362220717670931e-01
6.907983761840325032e-01 9.045362220717670931e-01
6.907983761840325032e-01 9.052132701421801153e-01
6.921515561569688835e-01 9.052132701421801153e-01
6.962110960757780243e-01 9.052132701421801153e-01
6.962110960757780243e-01 9.065673662830060486e-01
6.968876860622462699e-01 9.065673662830060486e-01
6.982408660351826502e-01 9.065673662830060486e-01
6.982408660351826502e-01 9.072444143534190708e-01
6.995940460081190304e-01 9.072444143534190708e-01
7.009472259810555217e-01 9.072444143534190708e-01
7.009472259810555217e-01 9.079214624238320930e-01
7.016238159675236563e-01 9.079214624238320930e-01
7.016238159675236563e-01 9.085985104942451152e-01
7.029769959404600366e-01 9.085985104942451152e-01
7.029769959404600366e-01 9.113067027758970928e-01
7.043301759133965279e-01 9.113067027758970928e-01
7.043301759133965279e-01 9.126607989167231372e-01
7.063599458728010427e-01 9.126607989167231372e-01
7.063599458728010427e-01 9.140148950575490705e-01
7.090663058186739143e-01 9.140148950575490705e-01
7.090663058186739143e-01 9.146919431279620927e-01
7.131258457374830551e-01 9.146919431279620927e-01
7.131258457374830551e-01 9.167230873392010482e-01
7.144790257104194353e-01 9.167230873392010482e-01
7.171853856562923069e-01 9.167230873392010482e-01
7.171853856562923069e-01 9.187542315504401147e-01
7.198917456021650674e-01 9.187542315504401147e-01
7.198917456021650674e-01 9.207853757616790702e-01
7.205683355886333130e-01 9.207853757616790702e-01
7.205683355886333130e-01 9.214624238320920924e-01
7.212449255751014476e-01 9.214624238320920924e-01
7.225981055480379389e-01 9.214624238320920924e-01
7.239512855209743192e-01 9.214624238320920924e-01
7.239512855209743192e-01 9.234935680433310479e-01
7.253044654939106994e-01 9.234935680433310479e-01
7.253044654939106994e-01 9.241706161137440700e-01
7.259810554803789451e-01 9.241706161137440700e-01
7.259810554803789451e-01 9.248476641841570922e-01
7.273342354533153253e-01 9.248476641841570922e-01
7.273342354533153253e-01 9.268788083953960477e-01
7.280108254397834600e-01 9.268788083953960477e-01
7.280108254397834600e-01 9.282329045362220921e-01
7.286874154262517056e-01 9.282329045362220921e-01
7.286874154262517056e-01 9.289099526066351142e-01
7.300405953991880859e-01 9.289099526066351142e-01
7.300405953991880859e-01 9.295870006770480254e-01
7.320703653585927118e-01 9.295870006770480254e-01
7.341001353179973377e-01 9.295870006770480254e-01
7.354533152909337179e-01 9.295870006770480254e-01
7.381596752368064784e-01 9.295870006770480254e-01
7.381596752368064784e-01 9.302640487474610476e-01
7.388362652232747241e-01 9.302640487474610476e-01
7.401894451962111043e-01 9.302640487474610476e-01
7.442489851150202451e-01 9.302640487474610476e-01
7.442489851150202451e-01 9.309410968178740697e-01
7.449255751014884908e-01 9.309410968178740697e-01
7.449255751014884908e-01 9.316181448882870919e-01
7.456021650879567364e-01 9.316181448882870919e-01
7.469553450608931167e-01 9.316181448882870919e-01
7.496617050067658772e-01 9.316181448882870919e-01
7.496617050067658772e-01 9.322951929587001141e-01
7.523680649526387487e-01 9.322951929587001141e-01
7.523680649526387487e-01 9.336492890995260474e-01
7.557510148849797549e-01 9.336492890995260474e-01
7.571041948579161351e-01 9.336492890995260474e-01
7.577807848443842698e-01 9.336492890995260474e-01
7.577807848443842698e-01 9.350033852403520918e-01
7.604871447902571413e-01 9.350033852403520918e-01
7.611637347767252759e-01 9.350033852403520918e-01
7.611637347767252759e-01 9.356804333107651139e-01
7.625169147496616562e-01 9.356804333107651139e-01
7.625169147496616562e-01 9.363574813811780251e-01
7.645466847090662821e-01 9.363574813811780251e-01
7.658998646820026623e-01 9.363574813811780251e-01
7.706359945872801598e-01 9.363574813811780251e-01
7.706359945872801598e-01 9.377115775220040694e-01
7.719891745602165400e-01 9.377115775220040694e-01
7.719891745602165400e-01 9.383886255924170916e-01
7.733423545331529203e-01 9.383886255924170916e-01
7.746955345060893006e-01 9.383886255924170916e-01
7.746955345060893006e-01 9.390656736628301138e-01
7.753721244925575462e-01 9.390656736628301138e-01
7.753721244925575462e-01 9.397427217332430249e-01
7.774018944519620611e-01 9.397427217332430249e-01
7.774018944519620611e-01 9.424509140148950026e-01
7.814614343707713129e-01 9.424509140148950026e-01
7.814614343707713129e-01 9.431279620853080248e-01
7.848443843031123190e-01 9.431279620853080248e-01
7.861975642760486993e-01 9.431279620853080248e-01
7.875507442489850796e-01 9.431279620853080248e-01
7.875507442489850796e-01 9.438050101557210469e-01
7.943166441136670919e-01 9.438050101557210469e-01
7.943166441136670919e-01 9.451591062965470913e-01
7.956698240866034721e-01 9.451591062965470913e-01
7.956698240866034721e-01 9.458361543669600024e-01
7.970230040595399634e-01 9.458361543669600024e-01
7.983761840324763437e-01 9.458361543669600024e-01
8.004059539918809696e-01 9.458361543669600024e-01
8.017591339648173498e-01 9.458361543669600024e-01
8.037889039242219757e-01 9.458361543669600024e-01
8.037889039242219757e-01 9.465132024373730246e-01
8.044654939106901104e-01 9.465132024373730246e-01
8.044654939106901104e-01 9.471902505077860468e-01
8.051420838971583560e-01 9.471902505077860468e-01
8.051420838971583560e-01 9.478672985781990690e-01
8.064952638700947363e-01 9.478672985781990690e-01
8.071718538565628709e-01 9.478672985781990690e-01
8.085250338294993622e-01 9.478672985781990690e-01
8.085250338294993622e-01 9.498984427894380245e-01
8.098782138024357424e-01 9.498984427894380245e-01
8.112313937753721227e-01 9.498984427894380245e-01
8.125845737483085029e-01 9.498984427894380245e-01
8.139377537212448832e-01 9.498984427894380245e-01
8.139377537212448832e-01 9.505754908598510466e-01
8.152909336941813745e-01 9.505754908598510466e-01
8.159675236806495091e-01 9.505754908598510466e-01
8.159675236806495091e-01 9.512525389302640688e-01
8.173207036535858894e-01 9.512525389302640688e-01
8.179972936400541350e-01 9.512525389302640688e-01
8.179972936400541350e-01 9.539607312119160465e-01
8.193504736129905153e-01 9.539607312119160465e-01
8.207036535859268955e-01 9.539607312119160465e-01
8.234100135317997671e-01 9.539607312119160465e-01
8.247631935047361473e-01 9.539607312119160465e-01
8.247631935047361473e-01 9.546377792823290687e-01
8.261163734776725276e-01 9.546377792823290687e-01
8.274695534506089079e-01 9.546377792823290687e-01
8.288227334235452881e-01 9.546377792823290687e-01
8.308525033829499140e-01 9.546377792823290687e-01
8.322056833558862943e-01 9.546377792823290687e-01
8.335588633288227856e-01 9.546377792823290687e-01
8.335588633288227856e-01 9.559918754231550020e-01
8.349120433017591658e-01 9.559918754231550020e-01
8.355886332882273004e-01 9.559918754231550020e-01
8.355886332882273004e-01 9.566689234935680242e-01
8.362652232746955461e-01 9.566689234935680242e-01
8.362652232746955461e-01 9.573459715639810463e-01
8.369418132611636807e-01 9.573459715639810463e-01
8.369418132611636807e-01 9.580230196343940685e-01
8.382949932341001720e-01 9.580230196343940685e-01
8.382949932341001720e-01 9.587000677048070907e-01
8.416779431664411781e-01 9.587000677048070907e-01
8.416779431664411781e-01 9.593771157752200018e-01
8.430311231393775584e-01 9.593771157752200018e-01
8.443843031123139387e-01 9.593771157752200018e-01
8.443843031123139387e-01 9.600541638456330240e-01
8.450608930987821843e-01 9.600541638456330240e-01
8.450608930987821843e-01 9.607312119160460462e-01
8.457374830852503189e-01 9.607312119160460462e-01
8.470906630581866992e-01 9.607312119160460462e-01
8.497970230040595707e-01 9.607312119160460462e-01
8.511502029769959510e-01 9.607312119160460462e-01
8.518267929634640856e-01 9.607312119160460462e-01
8.518267929634640856e-01 9.620853080568720905e-01
8.531799729364005769e-01 9.620853080568720905e-01
8.545331529093369571e-01 9.620853080568720905e-01
8.545331529093369571e-01 9.627623561272850017e-01
8.558863328822733374e-01 9.627623561272850017e-01
8.579161028416779633e-01 9.627623561272850017e-01
8.579161028416779633e-01 9.634394041976980239e-01
8.585926928281460979e-01 9.634394041976980239e-01
8.585926928281460979e-01 9.641164522681110460e-01
8.612990527740189695e-01 9.641164522681110460e-01
8.612990527740189695e-01 9.647935003385240682e-01
8.626522327469553497e-01 9.647935003385240682e-01
8.626522327469553497e-01 9.661475964793500015e-01
8.667117726657646015e-01 9.661475964793500015e-01
8.680649526387009818e-01 9.661475964793500015e-01
8.687415426251691164e-01 9.661475964793500015e-01
8.687415426251691164e-01 9.668246445497630237e-01
8.714479025710419879e-01 9.668246445497630237e-01
8.714479025710419879e-01 9.675016926201760459e-01
8.721244925575101226e-01 9.675016926201760459e-01
8.721244925575101226e-01 9.681787406905890681e-01
8.741542625169147485e-01 9.681787406905890681e-01
8.768606224627875090e-01 9.681787406905890681e-01
8.782138024357240003e-01 9.681787406905890681e-01
8.782138024357240003e-01 9.695328368314150014e-01
8.795669824086603805e-01 9.695328368314150014e-01
8.809201623815967608e-01 9.695328368314150014e-01
8.829499323410013867e-01 9.695328368314150014e-01
8.829499323410013867e-01 9.708869329722410457e-01
8.843031123139377669e-01 9.708869329722410457e-01
8.843031123139377669e-01 9.715639810426540679e-01
8.870094722598105275e-01 9.715639810426540679e-01
8.870094722598105275e-01 9.722410291130669791e-01
8.883626522327469077e-01 9.722410291130669791e-01
8.883626522327469077e-01 9.729180771834800012e-01
8.897158322056833990e-01 9.729180771834800012e-01
8.903924221921515336e-01 9.729180771834800012e-01
8.903924221921515336e-01 9.735951252538930234e-01
8.917456021650879139e-01 9.735951252538930234e-01
8.917456021650879139e-01 9.742721733243060456e-01
8.944519621109607854e-01 9.742721733243060456e-01
8.944519621109607854e-01 9.749492213947190677e-01
8.958051420838971657e-01 9.749492213947190677e-01
8.958051420838971657e-01 9.756262694651319789e-01
8.985115020297699262e-01 9.756262694651319789e-01
8.985115020297699262e-01 9.763033175355450011e-01
8.991880920162381718e-01 9.763033175355450011e-01
9.005412719891745521e-01 9.763033175355450011e-01
9.012178619756427977e-01 9.763033175355450011e-01
9.025710419485791780e-01 9.763033175355450011e-01
9.032476319350473126e-01 9.763033175355450011e-01
9.032476319350473126e-01 9.769803656059580232e-01
9.039242219215155583e-01 9.769803656059580232e-01
9.052774018944519385e-01 9.769803656059580232e-01
9.052774018944519385e-01 9.776574136763710454e-01
9.059539918809201842e-01 9.776574136763710454e-01
9.086603518267929447e-01 9.776574136763710454e-01
9.093369418132611903e-01 9.776574136763710454e-01
9.093369418132611903e-01 9.783344617467840676e-01
9.106901217861975706e-01 9.783344617467840676e-01
9.120433017591339508e-01 9.783344617467840676e-01
9.133964817320703311e-01 9.783344617467840676e-01
9.147496617050067114e-01 9.783344617467840676e-01
9.154262516914749570e-01 9.783344617467840676e-01
9.167794316644113373e-01 9.783344617467840676e-01
9.181326116373477175e-01 9.783344617467840676e-01
9.181326116373477175e-01 9.790115098171969787e-01
9.188092016238159632e-01 9.790115098171969787e-01
9.188092016238159632e-01 9.796885578876100009e-01
9.201623815967523434e-01 9.796885578876100009e-01
9.201623815967523434e-01 9.803656059580230231e-01
9.208389715832205891e-01 9.803656059580230231e-01
9.208389715832205891e-01 9.810426540284360453e-01
9.215155615696887237e-01 9.810426540284360453e-01
9.228687415426252150e-01 9.810426540284360453e-01
9.248985115020297298e-01 9.810426540284360453e-01
9.255751014884979755e-01 9.810426540284360453e-01
9.276048714479026014e-01 9.810426540284360453e-01
9.276048714479026014e-01 9.817197020988490674e-01
9.289580514208389816e-01 9.817197020988490674e-01
9.296346414073072273e-01 9.817197020988490674e-01
9.296346414073072273e-01 9.823967501692619786e-01
9.323410013531799878e-01 9.823967501692619786e-01
9.330175913396481224e-01 9.823967501692619786e-01
9.330175913396481224e-01 9.830737982396750008e-01
9.343707713125846137e-01 9.830737982396750008e-01
9.343707713125846137e-01 9.837508463100880229e-01
9.350473612990527483e-01 9.837508463100880229e-01
9.350473612990527483e-01 9.844278943805010451e-01
9.357239512855209940e-01 9.844278943805010451e-01
9.357239512855209940e-01 9.851049424509140673e-01
9.364005412719891286e-01 9.851049424509140673e-01
9.364005412719891286e-01 9.864590385917400006e-01
9.384303112313937545e-01 9.864590385917400006e-01
9.384303112313937545e-01 9.871360866621530228e-01
9.391069012178620001e-01 9.871360866621530228e-01
9.391069012178620001e-01 9.878131347325660450e-01
9.397834912043301347e-01 9.878131347325660450e-01
9.397834912043301347e-01 9.884901828029789561e-01
9.438430311231393866e-01 9.884901828029789561e-01
9.445196211096076322e-01 9.884901828029789561e-01
9.445196211096076322e-01 9.898442789438050005e-01
9.451962110960757668e-01 9.898442789438050005e-01
9.451962110960757668e-01 9.905213270142180226e-01
9.519621109607577791e-01 9.905213270142180226e-01
9.533152909336941594e-01 9.905213270142180226e-01
9.539918809201624050e-01 9.905213270142180226e-01
9.553450608930987853e-01 9.905213270142180226e-01
9.594046008119080371e-01 9.905213270142180226e-01
9.607577807848444174e-01 9.905213270142180226e-01
9.607577807848444174e-01 9.911983750846310448e-01
9.627875507442489322e-01 9.911983750846310448e-01
9.641407307171854235e-01 9.911983750846310448e-01
9.648173207036535581e-01 9.911983750846310448e-01
9.648173207036535581e-01 9.918754231550439560e-01
9.654939106901218038e-01 9.918754231550439560e-01
9.654939106901218038e-01 9.925524712254569781e-01
9.661705006765899384e-01 9.925524712254569781e-01
9.661705006765899384e-01 9.932295192958700003e-01
9.675236806495264297e-01 9.932295192958700003e-01
9.688768606224628099e-01 9.932295192958700003e-01
9.688768606224628099e-01 9.939065673662830225e-01
9.715832205683355705e-01 9.939065673662830225e-01
9.715832205683355705e-01 9.945836154366960447e-01
9.729364005412719507e-01 9.945836154366960447e-01
9.736129905277401964e-01 9.945836154366960447e-01
9.749661705006765766e-01 9.945836154366960447e-01
9.763193504736129569e-01 9.945836154366960447e-01
9.776725304465493371e-01 9.945836154366960447e-01
9.776725304465493371e-01 9.952606635071089558e-01
9.790257104194858284e-01 9.952606635071089558e-01
9.810554803788903433e-01 9.952606635071089558e-01
9.824086603518268346e-01 9.952606635071089558e-01
9.830852503382949692e-01 9.952606635071089558e-01
9.830852503382949692e-01 9.959377115775219780e-01
9.851150202976995951e-01 9.959377115775219780e-01
9.851150202976995951e-01 9.966147596479350002e-01
9.857916102841678407e-01 9.966147596479350002e-01
9.871447902571042210e-01 9.966147596479350002e-01
9.878213802435723556e-01 9.966147596479350002e-01
9.878213802435723556e-01 9.979688557887610445e-01
9.884979702300406013e-01 9.979688557887610445e-01
9.912043301759133618e-01 9.979688557887610445e-01
9.912043301759133618e-01 9.986459038591739557e-01
9.925575101488497420e-01 9.986459038591739557e-01
9.959404600811907482e-01 9.986459038591739557e-01
9.959404600811907482e-01 9.993229519295869778e-01
9.972936400541272395e-01 9.993229519295869778e-01
9.986468200270636197e-01 9.993229519295869778e-01
1.000000000000000000e+00 9.993229519295869778e-01
1.000000000000000000e+00 1.000000000000000000e+00
