0.000000000000000000e+00 0.000000000000000000e+00
6.765899864682003214e-04 0.000000000000000000e+00
6.765899864682003214e-04 6.770480704129992972e-04
2.029769959404600747e-03 1.354096140825998594e-03
2.706359945872801286e-03 1.354096140825998594e-03
4.736129905277402033e-03 2.031144211238998000e-03
6.089309878213802242e-03 2.031144211238998000e-03
6.089309878213802242e-03 3.385240352064996811e-03
6.765899864682002780e-03 3.385240352064996811e-03
6.765899864682002780e-03 5.416384563303994377e-03
7.442489851150203319e-03 6.770480704129993622e-03
7.442489851150203319e-03 7.447528774542992377e-03
8.795669824086603528e-03 7.447528774542992377e-03
8.795669824086603528e-03 8.124576844955992000e-03
1.014884979702300460e-02 8.124576844955992000e-03
1.150202976995940395e-02 8.124576844955992000e-03
1.217861975642760448e-02 8.124576844955992000e-03
1.217861975642760448e-02 8.801624915368991622e-03
1.420838971583220610e-02 8.801624915368991622e-03
1.420838971583220610e-02 9.478672985781991245e-03
1.488497970230040664e-02 9.478672985781991245e-03
1.759133964817320706e-02 9.478672985781991245e-03
1.826792963464140759e-02 1.015572105619498913e-02
1.826792963464140759e-02 1.218686526743398800e-02
1.894451962110960813e-02 1.218686526743398800e-02
1.894451962110960813e-02 1.354096140825998724e-02
2.029769959404600921e-02 1.354096140825998724e-02
2.165087956698241028e-02 1.421800947867298513e-02
2.165087956698241028e-02 1.557210561949898438e-02
2.232746955345060735e-02 1.557210561949898438e-02
2.232746955345060735e-02 2.166553825321597751e-02
2.368064952638700843e-02 2.166553825321597751e-02
2.435723951285520897e-02 2.234258632362897887e-02
2.435723951285520897e-02 2.301963439404197675e-02
2.503382949932340951e-02 2.505077860528097389e-02
2.571041948579161004e-02 2.505077860528097389e-02
2.571041948579161004e-02 2.572782667569397524e-02
2.706359945872801112e-02 2.640487474610697313e-02
2.706359945872801112e-02 2.708192281651997449e-02
2.774018944519621166e-02 2.708192281651997449e-02
2.909336941813261274e-02 2.708192281651997449e-02
2.909336941813261274e-02 2.911306702775897162e-02
3.044654939106901381e-02 2.979011509817196951e-02
3.112313937753721088e-02 2.979011509817196951e-02
3.112313937753721088e-02 3.046716316858497087e-02
3.179972936400541489e-02 3.114421123899796875e-02
3.247631935047361196e-02 3.249830737982396800e-02
3.382949932341001303e-02 3.249830737982396800e-02
3.450608930987821704e-02 3.249830737982396800e-02
3.450608930987821704e-02 3.385240352064996378e-02
3.518267929634641411e-02 3.385240352064996378e-02
3.518267929634641411e-02 3.452945159106296513e-02
3.653585926928281519e-02 3.452945159106296513e-02
3.653585926928281519e-02 3.656059580230196226e-02
3.721244925575101226e-02 3.723764387271496362e-02
3.721244925575101226e-02 3.994583615436696211e-02
3.721244925575101226e-02 4.129993229519295789e-02
3.788903924221921626e-02 4.129993229519295789e-02
3.788903924221921626e-02 4.197698036560595924e-02
3.991880920162381441e-02 4.400812457684495638e-02
4.330175913396482057e-02 4.400812457684495638e-02
4.330175913396482057e-02 4.468517264725795773e-02
4.397834912043301764e-02 4.536222071767095215e-02
4.465493910690121471e-02 4.536222071767095215e-02
4.465493910690121471e-02 4.671631685849695487e-02
4.465493910690121471e-02 4.739336492890994929e-02
4.533152909336941871e-02 4.807041299932295064e-02
4.533152909336941871e-02 4.874746106973595200e-02
4.736129905277401686e-02 4.874746106973595200e-02
4.736129905277401686e-02 5.010155721056194777e-02
4.871447902571041794e-02 5.010155721056194777e-02
4.871447902571041794e-02 5.145565335138795049e-02
4.939106901217862194e-02 5.145565335138795049e-02
4.939106901217862194e-02 5.213270142180094491e-02
5.006765899864681901e-02 5.280974949221394626e-02
5.006765899864681901e-02 5.348679756262694762e-02
5.074424898511502302e-02 5.348679756262694762e-02
5.209742895805142410e-02 5.416384563303994898e-02
5.209742895805142410e-02 5.484089370345294340e-02
5.277401894451962117e-02 5.484089370345294340e-02
5.277401894451962117e-02 5.551794177386594475e-02
5.412719891745602224e-02 5.619498984427894611e-02
5.480378890392421931e-02 5.687203791469194053e-02
5.683355886332882440e-02 5.687203791469194053e-02
5.818673883626522547e-02 5.754908598510494189e-02
6.021650879566982362e-02 5.754908598510494189e-02
6.089309878213802762e-02 5.890318212593093766e-02
6.089309878213802762e-02 6.161137440758293615e-02
6.089309878213802762e-02 6.364251861882193329e-02
6.224627875507442176e-02 6.499661475964793600e-02
6.292286874154262577e-02 6.499661475964793600e-02
6.292286874154262577e-02 6.702775897088693313e-02
6.427604871447901991e-02 6.770480704129992755e-02
6.495263870094722392e-02 6.770480704129992755e-02
6.495263870094722392e-02 6.838185511171293585e-02
6.562922868741542792e-02 6.838185511171293585e-02
6.562922868741542792e-02 6.905890318212593026e-02
6.698240866035182206e-02 6.905890318212593026e-02
6.698240866035182206e-02 7.041299932295193298e-02
6.765899864682002607e-02 7.041299932295193298e-02
6.765899864682002607e-02 7.244414353419093011e-02
6.833558863328823008e-02 7.244414353419093011e-02
6.968876860622462421e-02 7.244414353419093011e-02
6.968876860622462421e-02 7.312119160460392453e-02
7.104194857916103223e-02 7.312119160460392453e-02
7.104194857916103223e-02 7.447528774542992724e-02
7.104194857916103223e-02 7.515233581584292166e-02
7.171853856562922236e-02 7.515233581584292166e-02
7.442489851150202451e-02 7.515233581584292166e-02
7.510148849797022852e-02 7.515233581584292166e-02
7.645466847090663653e-02 7.515233581584292166e-02
7.713125845737482666e-02 7.515233581584292166e-02
7.916102841677942481e-02 7.515233581584292166e-02
7.916102841677942481e-02 7.582938388625592996e-02
7.916102841677942481e-02 7.718348002708191880e-02
7.916102841677942481e-02 7.989167230873392422e-02
8.051420838971583283e-02 7.989167230873392422e-02
8.119079837618403683e-02 8.056872037914691864e-02
8.254397834912043097e-02 8.056872037914691864e-02
8.254397834912043097e-02 8.192281651997292136e-02
8.389715832205683899e-02 8.192281651997292136e-02
8.389715832205683899e-02 8.395396073121191849e-02
8.457374830852502912e-02 8.395396073121191849e-02
8.457374830852502912e-02 8.530805687203792120e-02
8.525033829499323312e-02 8.530805687203792120e-02
8.525033829499323312e-02 8.598510494245091562e-02
8.660351826792964114e-02 8.598510494245091562e-02
8.660351826792964114e-02 8.733920108327691834e-02
8.863328822733423928e-02 8.733920108327691834e-02
8.930987821380242941e-02 8.733920108327691834e-02
8.930987821380242941e-02 8.869329722410290717e-02
9.066305818673883743e-02 8.937034529451591547e-02
9.133964817320704144e-02 8.937034529451591547e-02
9.133964817320704144e-02 9.140148950575491260e-02
9.269282814614343557e-02 9.140148950575491260e-02
9.404600811907984359e-02 9.207853757616790702e-02
9.404600811907984359e-02 9.275558564658090144e-02
9.472259810554803372e-02 9.478672985781989857e-02
9.472259810554803372e-02 9.681787406905890958e-02
9.607577807848444174e-02 9.681787406905890958e-02
9.878213802435724389e-02 9.681787406905890958e-02
9.945872801082543402e-02 9.681787406905890958e-02
9.945872801082543402e-02 9.749492213947190400e-02
1.001353179972936380e-01 9.749492213947190400e-02
1.014884979702300460e-01 9.749492213947190400e-02
1.021650879566982362e-01 9.749492213947190400e-02
1.028416779431664402e-01 9.817197020988489842e-02
1.035182679296346442e-01 9.817197020988489842e-02
1.041948579161028482e-01 9.884901828029790671e-02
1.055480378890392423e-01 1.002031144211238955e-01
1.069012178619756365e-01 1.002031144211238955e-01
1.069012178619756365e-01 1.008801624915369038e-01
1.082543978349120445e-01 1.008801624915369038e-01
1.089309878213802485e-01 1.015572105619498983e-01
1.096075778078484386e-01 1.015572105619498983e-01
1.109607577807848466e-01 1.015572105619498983e-01
1.109607577807848466e-01 1.022342586323628927e-01
1.116373477672530506e-01 1.029113067027759010e-01
1.116373477672530506e-01 1.035883547731888954e-01
1.123139377537212408e-01 1.035883547731888954e-01
1.129905277401894448e-01 1.042654028436018898e-01
1.136671177266576488e-01 1.042654028436018898e-01
1.136671177266576488e-01 1.049424509140148981e-01
1.143437077131258389e-01 1.049424509140148981e-01
1.150202976995940429e-01 1.056194989844278925e-01
1.150202976995940429e-01 1.062965470548408869e-01
1.156968876860622469e-01 1.062965470548408869e-01
1.156968876860622469e-01 1.069735951252538952e-01
1.163734776725304509e-01 1.069735951252538952e-01
1.163734776725304509e-01 1.076506431956668897e-01
1.170500676589986411e-01 1.076506431956668897e-01
1.170500676589986411e-01 1.083276912660798980e-01
1.184032476319350491e-01 1.083276912660798980e-01
1.190798376184032531e-01 1.090047393364928924e-01
1.190798376184032531e-01 1.096817874069058868e-01
1.204330175913396472e-01 1.096817874069058868e-01
1.204330175913396472e-01 1.103588354773188951e-01
1.217861975642760552e-01 1.103588354773188951e-01
1.238159675236806534e-01 1.103588354773188951e-01
1.238159675236806534e-01 1.110358835477318895e-01
1.258457374830852515e-01 1.110358835477318895e-01
1.271989174560216596e-01 1.110358835477318895e-01
1.278755074424898497e-01 1.110358835477318895e-01
1.278755074424898497e-01 1.117129316181448839e-01
1.285520974289580398e-01 1.117129316181448839e-01
1.285520974289580398e-01 1.130670277589708866e-01
1.299052774018944478e-01 1.130670277589708866e-01
1.305818673883626657e-01 1.130670277589708866e-01
1.305818673883626657e-01 1.144211238997968894e-01
1.305818673883626657e-01 1.150981719702098838e-01
1.319350473612990460e-01 1.164522681110358865e-01
1.326116373477672639e-01 1.164522681110358865e-01
1.326116373477672639e-01 1.171293161814488809e-01
1.339648173207036441e-01 1.171293161814488809e-01
1.346414073071718620e-01 1.178063642518618753e-01
1.346414073071718620e-01 1.184834123222748836e-01
1.353179972936400521e-01 1.184834123222748836e-01
1.359945872801082423e-01 1.191604603926878780e-01
1.359945872801082423e-01 1.198375084631008863e-01
1.366711772665764602e-01 1.198375084631008863e-01
1.366711772665764602e-01 1.205145565335138808e-01
1.387009472259810583e-01 1.205145565335138808e-01
1.387009472259810583e-01 1.218686526743398835e-01
1.400541271989174663e-01 1.218686526743398835e-01
1.407307171853856564e-01 1.218686526743398835e-01
1.407307171853856564e-01 1.238997968855788806e-01
1.414073071718538466e-01 1.238997968855788806e-01
1.414073071718538466e-01 1.245768449559918750e-01
1.427604871447902546e-01 1.245768449559918750e-01
1.434370771312584447e-01 1.245768449559918750e-01
1.434370771312584447e-01 1.252538930264048833e-01
1.447902571041948527e-01 1.252538930264048833e-01
1.454668470906630706e-01 1.259309410968178777e-01
1.454668470906630706e-01 1.266079891672308722e-01
1.461434370771312607e-01 1.272850372376438666e-01
1.474966170500676688e-01 1.272850372376438666e-01
1.474966170500676688e-01 1.293161814488828776e-01
1.481732070365358589e-01 1.293161814488828776e-01
1.502029769959404570e-01 1.293161814488828776e-01
1.508795669824086472e-01 1.293161814488828776e-01
1.508795669824086472e-01 1.299932295192958720e-01
1.522327469553450552e-01 1.299932295192958720e-01
1.529093369418132731e-01 1.306702775897088664e-01
1.529093369418132731e-01 1.340555179417738663e-01
1.542625169147496533e-01 1.340555179417738663e-01
1.542625169147496533e-01 1.354096140825998551e-01
1.549391069012178712e-01 1.354096140825998551e-01
1.549391069012178712e-01 1.374407582938388661e-01
1.556156968876860613e-01 1.374407582938388661e-01
1.569688768606224694e-01 1.374407582938388661e-01
1.569688768606224694e-01 1.381178063642518605e-01
1.576454668470906595e-01 1.381178063642518605e-01
1.576454668470906595e-01 1.394719025050778494e-01
1.583220568335588496e-01 1.401489505754908715e-01
1.589986468200270675e-01 1.401489505754908715e-01
1.589986468200270675e-01 1.435341909275558436e-01
1.603518267929634755e-01 1.435341909275558436e-01
1.603518267929634755e-01 1.442112389979688658e-01
1.610284167794316657e-01 1.442112389979688658e-01
1.610284167794316657e-01 1.462423832092078491e-01
1.617050067658998558e-01 1.462423832092078491e-01
1.617050067658998558e-01 1.469194312796208435e-01
1.623815967523680737e-01 1.469194312796208435e-01
1.623815967523680737e-01 1.482735274204468601e-01
1.630581867388362638e-01 1.482735274204468601e-01
1.630581867388362638e-01 1.496276235612728489e-01
1.637347767253044539e-01 1.496276235612728489e-01
1.637347767253044539e-01 1.516587677725118599e-01
1.650879566982408619e-01 1.523358158429248543e-01
1.650879566982408619e-01 1.543669600541638376e-01
1.671177266576454601e-01 1.543669600541638376e-01
1.677943166441136780e-01 1.557210561949898542e-01
1.677943166441136780e-01 1.563981042654028486e-01
1.705006765899864662e-01 1.563981042654028486e-01
1.718538565629228743e-01 1.563981042654028486e-01
1.718538565629228743e-01 1.577522004062288374e-01
1.732070365358592823e-01 1.577522004062288374e-01
1.732070365358592823e-01 1.584292484766418319e-01
1.738836265223274724e-01 1.584292484766418319e-01
1.752368064952638804e-01 1.584292484766418319e-01
1.759133964817320706e-01 1.584292484766418319e-01
1.759133964817320706e-01 1.597833446174678484e-01
1.765899864682002607e-01 1.597833446174678484e-01
1.786197564276048588e-01 1.597833446174678484e-01
1.786197564276048588e-01 1.604603926878808429e-01
1.792963464140730767e-01 1.611374407582938373e-01
1.806495263870094847e-01 1.611374407582938373e-01
1.813261163734776749e-01 1.611374407582938373e-01
1.826792963464140829e-01 1.611374407582938373e-01
1.833558863328822730e-01 1.611374407582938373e-01
1.833558863328822730e-01 1.624915368991198261e-01
1.847090663058186810e-01 1.624915368991198261e-01
1.860622462787550613e-01 1.624915368991198261e-01
1.874154262516914693e-01 1.624915368991198261e-01
1.874154262516914693e-01 1.631685849695328483e-01
1.880920162381596872e-01 1.631685849695328483e-01
1.880920162381596872e-01 1.638456330399458427e-01
1.907983761840324755e-01 1.638456330399458427e-01
1.928281461434370736e-01 1.638456330399458427e-01
1.928281461434370736e-01 1.645226811103588371e-01
1.935047361299052637e-01 1.651997291807718315e-01
1.948579161028416717e-01 1.651997291807718315e-01
1.948579161028416717e-01 1.658767772511848260e-01
1.955345060893098896e-01 1.658767772511848260e-01
1.955345060893098896e-01 1.672308733920108426e-01
1.962110960757780798e-01 1.672308733920108426e-01
1.975642760487144878e-01 1.672308733920108426e-01
1.975642760487144878e-01 1.679079214624238370e-01
1.989174560216508680e-01 1.692620176032498258e-01
1.995940460081190859e-01 1.692620176032498258e-01
1.995940460081190859e-01 1.706161137440758424e-01
2.023004059539918742e-01 1.706161137440758424e-01
2.050067658998646902e-01 1.706161137440758424e-01
2.050067658998646902e-01 1.712931618144888368e-01
2.070365358592692884e-01 1.719702098849018312e-01
2.070365358592692884e-01 1.753554502369668311e-01
2.077131258457374785e-01 1.753554502369668311e-01
2.077131258457374785e-01 1.760324983073798255e-01
2.083897158322056964e-01 1.767095463777928199e-01
2.083897158322056964e-01 1.773865944482058143e-01
2.110960757780784847e-01 1.773865944482058143e-01
2.131258457374830828e-01 1.773865944482058143e-01
2.131258457374830828e-01 1.780636425186188088e-01
2.138024357239512729e-01 1.780636425186188088e-01
2.138024357239512729e-01 1.787406905890318309e-01
2.151556156968876810e-01 1.787406905890318309e-01
2.151556156968876810e-01 1.800947867298578198e-01
2.171853856562922791e-01 1.800947867298578198e-01
2.171853856562922791e-01 1.807718348002708142e-01
2.192151556156968772e-01 1.807718348002708142e-01
2.192151556156968772e-01 1.848341232227488085e-01
2.198917456021650951e-01 1.848341232227488085e-01
2.198917456021650951e-01 1.855111712931618029e-01
2.212449255751014754e-01 1.855111712931618029e-01
2.212449255751014754e-01 1.861882193635748250e-01
2.225981055480378834e-01 1.861882193635748250e-01
2.225981055480378834e-01 1.868652674339878195e-01
2.239512855209742914e-01 1.868652674339878195e-01
2.239512855209742914e-01 1.875423155044008139e-01
2.253044654939106994e-01 1.875423155044008139e-01
2.253044654939106994e-01 1.888964116452268027e-01
2.266576454668470797e-01 1.888964116452268027e-01
2.266576454668470797e-01 1.895734597156397971e-01
2.273342354533152976e-01 1.902505077860528193e-01
2.280108254397834877e-01 1.902505077860528193e-01
2.280108254397834877e-01 1.909275558564658137e-01
2.293640054127198957e-01 1.909275558564658137e-01
2.293640054127198957e-01 1.916046039268788082e-01
2.313937753721244939e-01 1.916046039268788082e-01
2.313937753721244939e-01 1.929587000677047970e-01
2.320703653585926840e-01 1.929587000677047970e-01
2.320703653585926840e-01 1.936357481381178192e-01
2.334235453315290920e-01 1.936357481381178192e-01
2.334235453315290920e-01 1.949898442789438080e-01
2.347767253044655000e-01 1.949898442789438080e-01
2.347767253044655000e-01 1.963439404197697968e-01
2.361299052774019080e-01 1.963439404197697968e-01
2.374830852503382883e-01 1.970209884901827913e-01
2.374830852503382883e-01 1.983750846310088078e-01
2.381596752368065062e-01 1.983750846310088078e-01
2.395128552097428865e-01 1.983750846310088078e-01
2.401894451962111043e-01 1.983750846310088078e-01
2.401894451962111043e-01 1.990521327014218023e-01
2.428958051420838926e-01 1.990521327014218023e-01
2.428958051420838926e-01 1.997291807718347967e-01
2.428958051420838926e-01 2.010832769126607855e-01
2.428958051420838926e-01 2.031144211238997965e-01
2.435723951285521105e-01 2.031144211238997965e-01
2.449255751014884908e-01 2.031144211238997965e-01
2.449255751014884908e-01 2.051455653351388075e-01
2.462787550744248988e-01 2.051455653351388075e-01
2.462787550744248988e-01 2.092078537576168018e-01
2.483085250338294969e-01 2.092078537576168018e-01
2.503382949932341228e-01 2.092078537576168018e-01
2.503382949932341228e-01 2.119160460392687795e-01
2.510148849797023130e-01 2.119160460392687795e-01
2.510148849797023130e-01 2.125930941096817739e-01
2.523680649526386932e-01 2.132701421800947961e-01
2.523680649526386932e-01 2.146242383209207849e-01
2.530446549391068833e-01 2.146242383209207849e-01
2.530446549391068833e-01 2.153012863913337793e-01
2.543978349120433191e-01 2.153012863913337793e-01
2.543978349120433191e-01 2.159783344617467737e-01
2.550744248985115092e-01 2.159783344617467737e-01
2.550744248985115092e-01 2.173324306025727903e-01
2.557510148849796994e-01 2.173324306025727903e-01
2.557510148849796994e-01 2.180094786729857848e-01
2.571041948579160796e-01 2.180094786729857848e-01
2.584573748308525154e-01 2.180094786729857848e-01
2.591339648173207055e-01 2.180094786729857848e-01
2.591339648173207055e-01 2.186865267433987792e-01
2.598105548037888957e-01 2.186865267433987792e-01
2.611637347767253314e-01 2.186865267433987792e-01
2.611637347767253314e-01 2.193635748138117736e-01
2.625169147496617117e-01 2.193635748138117736e-01
2.625169147496617117e-01 2.213947190250507846e-01
2.638700947225980920e-01 2.213947190250507846e-01
2.638700947225980920e-01 2.220717670954637790e-01
2.645466847090662821e-01 2.220717670954637790e-01
2.658998646820027179e-01 2.220717670954637790e-01
2.665764546684709080e-01 2.234258632362897679e-01
2.665764546684709080e-01 2.241029113067027623e-01
2.672530446549390981e-01 2.241029113067027623e-01
2.672530446549390981e-01 2.254570074475287789e-01
2.672530446549390981e-01 2.268111035883547677e-01
2.686062246278755339e-01 2.268111035883547677e-01
2.692828146143437240e-01 2.268111035883547677e-01
2.692828146143437240e-01 2.274881516587677621e-01
2.706359945872801043e-01 2.274881516587677621e-01
2.706359945872801043e-01 2.281651997291807843e-01
2.719891745602164845e-01 2.281651997291807843e-01
2.719891745602164845e-01 2.288422477995937787e-01
2.726657645466847302e-01 2.295192958700067731e-01
2.726657645466847302e-01 2.301963439404197675e-01
2.740189445196211104e-01 2.301963439404197675e-01
2.746955345060893006e-01 2.301963439404197675e-01
2.753721244925574907e-01 2.308733920108327620e-01
2.753721244925574907e-01 2.322274881516587786e-01
2.774018944519621166e-01 2.322274881516587786e-01
2.787550744248984969e-01 2.322274881516587786e-01
2.794316644113666870e-01 2.322274881516587786e-01
2.807848443843031228e-01 2.322274881516587786e-01
2.807848443843031228e-01 2.349356804333107562e-01
2.814614343707713129e-01 2.349356804333107562e-01
2.814614343707713129e-01 2.356127285037237507e-01
2.821380243572395030e-01 2.356127285037237507e-01
2.834912043301759388e-01 2.356127285037237507e-01
2.834912043301759388e-01 2.362897765741367728e-01
2.841677943166441289e-01 2.362897765741367728e-01
2.861975642760486993e-01 2.362897765741367728e-01
2.861975642760486993e-01 2.383209207853757561e-01
2.868741542625168894e-01 2.383209207853757561e-01
2.868741542625168894e-01 2.389979688557887505e-01
2.875507442489851351e-01 2.389979688557887505e-01
2.875507442489851351e-01 2.410291130670277615e-01
2.882273342354533252e-01 2.410291130670277615e-01
2.882273342354533252e-01 2.417061611374407559e-01
2.895805142083897055e-01 2.417061611374407559e-01
2.909336941813261412e-01 2.417061611374407559e-01
2.909336941813261412e-01 2.444143534190927614e-01
2.916102841677943314e-01 2.444143534190927614e-01
2.916102841677943314e-01 2.464454976303317446e-01
2.929634641407307116e-01 2.464454976303317446e-01
2.929634641407307116e-01 2.484766418415707556e-01
2.936400541271989018e-01 2.484766418415707556e-01
2.936400541271989018e-01 2.491536899119837500e-01
2.949932341001353375e-01 2.491536899119837500e-01
2.956698240866035277e-01 2.491536899119837500e-01
2.956698240866035277e-01 2.505077860528097666e-01
2.976995940460080980e-01 2.505077860528097666e-01
2.976995940460080980e-01 2.511848341232227333e-01
2.990527740189445338e-01 2.511848341232227333e-01
2.990527740189445338e-01 2.518618821936357555e-01
3.004059539918809141e-01 2.525389302640487221e-01
3.004059539918809141e-01 2.552471225457007553e-01
3.017591339648172943e-01 2.552471225457007553e-01
3.017591339648172943e-01 2.572782667569397663e-01
3.024357239512855400e-01 2.579553148273527330e-01
3.024357239512855400e-01 2.586323628977657552e-01
3.031123139377537301e-01 2.586323628977657552e-01
3.031123139377537301e-01 2.599864590385917440e-01
3.044654939106901104e-01 2.599864590385917440e-01
3.044654939106901104e-01 2.606635071090047662e-01
3.051420838971583005e-01 2.606635071090047662e-01
3.051420838971583005e-01 2.613405551794177328e-01
3.071718538565629264e-01 2.613405551794177328e-01
3.071718538565629264e-01 2.626946513202437217e-01
3.071718538565629264e-01 2.640487474610697105e-01
3.071718538565629264e-01 2.647257955314827327e-01
3.085250338294993067e-01 2.647257955314827327e-01
3.098782138024357424e-01 2.647257955314827327e-01
3.098782138024357424e-01 2.667569397427217437e-01
3.119079837618403128e-01 2.667569397427217437e-01
3.119079837618403128e-01 2.674339878131347104e-01
3.125845737483085029e-01 2.674339878131347104e-01
3.125845737483085029e-01 2.708192281651997102e-01
3.132611637347767486e-01 2.708192281651997102e-01
3.132611637347767486e-01 2.714962762356127324e-01
3.146143437077131289e-01 2.714962762356127324e-01
3.146143437077131289e-01 2.721733243060257545e-01
3.152909336941813190e-01 2.721733243060257545e-01
3.166441136671176992e-01 2.721733243060257545e-01
3.166441136671176992e-01 2.748815165876777322e-01
3.173207036535859449e-01 2.748815165876777322e-01
3.173207036535859449e-01 2.755585646580906989e-01
3.186738836265223251e-01 2.755585646580906989e-01
3.200270635994587054e-01 2.755585646580906989e-01
3.200270635994587054e-01 2.769126607989167432e-01
3.207036535859269510e-01 2.769126607989167432e-01
3.207036535859269510e-01 2.796208530805687209e-01
3.227334235453315214e-01 2.796208530805687209e-01
3.240866035182679572e-01 2.796208530805687209e-01
3.240866035182679572e-01 2.802979011509817431e-01
3.247631935047361473e-01 2.802979011509817431e-01
3.261163734776725276e-01 2.802979011509817431e-01
3.261163734776725276e-01 2.809749492213947097e-01
3.267929634641407177e-01 2.809749492213947097e-01
3.267929634641407177e-01 2.823290453622206986e-01
3.267929634641407177e-01 2.830060934326337208e-01
3.274695534506089079e-01 2.830060934326337208e-01
3.274695534506089079e-01 2.836831415030467429e-01
3.281461434370771535e-01 2.836831415030467429e-01
3.281461434370771535e-01 2.843601895734597096e-01
3.301759133964817239e-01 2.843601895734597096e-01
3.301759133964817239e-01 2.877454299255247094e-01
3.315290933694181597e-01 2.877454299255247094e-01
3.328822733423545399e-01 2.884224779959377316e-01
3.335588633288227300e-01 2.884224779959377316e-01
3.335588633288227300e-01 2.890995260663506983e-01
3.335588633288227300e-01 2.904536222071766871e-01
3.355886332882273559e-01 2.904536222071766871e-01
3.355886332882273559e-01 2.911306702775897093e-01
3.362652232746955461e-01 2.911306702775897093e-01
3.362652232746955461e-01 2.924847664184156981e-01
3.376184032476319263e-01 2.924847664184156981e-01
3.382949932341001165e-01 2.924847664184156981e-01
3.382949932341001165e-01 2.958700067704806980e-01
3.396481732070365522e-01 2.958700067704806980e-01
3.416779431664411226e-01 2.958700067704806980e-01
3.430311231393775584e-01 2.965470548408937201e-01
3.443843031123139387e-01 2.965470548408937201e-01
3.443843031123139387e-01 2.972241029113066868e-01
3.450608930987821288e-01 2.972241029113066868e-01
3.450608930987821288e-01 2.985781990521326756e-01
3.464140730717185646e-01 2.985781990521326756e-01
3.464140730717185646e-01 2.992552471225456978e-01
3.470906630581867547e-01 2.992552471225456978e-01
3.470906630581867547e-01 2.999322951929587200e-01
3.477672530446549448e-01 2.999322951929587200e-01
3.491204330175913251e-01 2.999322951929587200e-01
3.497970230040595152e-01 2.999322951929587200e-01
3.497970230040595152e-01 3.006093432633716866e-01
3.518267929634641411e-01 3.006093432633716866e-01
3.518267929634641411e-01 3.019634394041976755e-01
3.518267929634641411e-01 3.026404874746106977e-01
3.531799729364005214e-01 3.026404874746106977e-01
3.552097428958051473e-01 3.026404874746106977e-01
3.565629228687415275e-01 3.026404874746106977e-01
3.565629228687415275e-01 3.067027758970887197e-01
3.579161028416779633e-01 3.067027758970887197e-01
3.585926928281461534e-01 3.067027758970887197e-01
3.585926928281461534e-01 3.073798239675016863e-01
3.599458728010825337e-01 3.073798239675016863e-01
3.612990527740189695e-01 3.073798239675016863e-01
3.612990527740189695e-01 3.080568720379147085e-01
3.626522327469553497e-01 3.080568720379147085e-01
3.626522327469553497e-01 3.087339201083276752e-01
3.633288227334235398e-01 3.087339201083276752e-01
3.633288227334235398e-01 3.094109681787406974e-01
3.640054127198917300e-01 3.094109681787406974e-01
3.660351826792963559e-01 3.094109681787406974e-01
3.667117726657645460e-01 3.094109681787406974e-01
3.667117726657645460e-01 3.100880162491536640e-01
3.680649526387009263e-01 3.100880162491536640e-01
3.687415426251691719e-01 3.100880162491536640e-01
3.687415426251691719e-01 3.107650643195666862e-01
3.687415426251691719e-01 3.121191604603926750e-01
3.687415426251691719e-01 3.127962085308056972e-01
3.700947225981055522e-01 3.127962085308056972e-01
3.714479025710419324e-01 3.127962085308056972e-01
3.721244925575101226e-01 3.127962085308056972e-01
3.721244925575101226e-01 3.148273527420447082e-01
3.748308525033829386e-01 3.148273527420447082e-01
3.748308525033829386e-01 3.155044008124576749e-01
3.755074424898511287e-01 3.155044008124576749e-01
3.755074424898511287e-01 3.168584969532836637e-01
3.768606224627875645e-01 3.168584969532836637e-01
3.788903924221921349e-01 3.168584969532836637e-01
3.795669824086603250e-01 3.168584969532836637e-01
3.809201623815967608e-01 3.168584969532836637e-01
3.809201623815967608e-01 3.175355450236966859e-01
3.815967523680649509e-01 3.175355450236966859e-01
3.815967523680649509e-01 3.188896411645226747e-01
3.815967523680649509e-01 3.202437373053486636e-01
3.849797023004059571e-01 3.202437373053486636e-01
3.849797023004059571e-01 3.209207853757616857e-01
3.863328822733423373e-01 3.209207853757616857e-01
3.863328822733423373e-01 3.243060257278266856e-01
3.876860622462787731e-01 3.249830737982396522e-01
3.876860622462787731e-01 3.270142180094786633e-01
3.903924221921515336e-01 3.270142180094786633e-01
3.903924221921515336e-01 3.310765064319566853e-01
3.910690121786197793e-01 3.310765064319566853e-01
3.910690121786197793e-01 3.337846987136086629e-01
3.917456021650879694e-01 3.337846987136086629e-01
3.917456021650879694e-01 3.351387948544346518e-01
3.937753721244925398e-01 3.351387948544346518e-01
3.937753721244925398e-01 3.358158429248476740e-01
3.944519621109607854e-01 3.364928909952606406e-01
3.944519621109607854e-01 3.378469871360866850e-01
3.951285520974289756e-01 3.385240352064996516e-01
3.964817320703653558e-01 3.385240352064996516e-01
3.964817320703653558e-01 3.392010832769126738e-01
3.991880920162381718e-01 3.392010832769126738e-01
3.991880920162381718e-01 3.398781313473256405e-01
4.005412719891745521e-01 3.398781313473256405e-01
4.012178619756427422e-01 3.398781313473256405e-01
4.012178619756427422e-01 3.405551794177386626e-01
4.025710419485791780e-01 3.405551794177386626e-01
4.025710419485791780e-01 3.412322274881516848e-01
4.032476319350473681e-01 3.412322274881516848e-01
4.032476319350473681e-01 3.419092755585646515e-01
4.046008119079837484e-01 3.419092755585646515e-01
4.046008119079837484e-01 3.425863236289776736e-01
4.052774018944519385e-01 3.425863236289776736e-01
4.052774018944519385e-01 3.432633716993906403e-01
4.059539918809201842e-01 3.432633716993906403e-01
4.073071718538565644e-01 3.432633716993906403e-01
4.100135317997293805e-01 3.432633716993906403e-01
4.106901217861975706e-01 3.446174678402166291e-01
4.106901217861975706e-01 3.466486120514556402e-01
4.120433017591339508e-01 3.466486120514556402e-01
4.120433017591339508e-01 3.486797562626946512e-01
4.133964817320703866e-01 3.486797562626946512e-01
4.133964817320703866e-01 3.500338524035206400e-01
4.133964817320703866e-01 3.513879485443466288e-01
4.147496617050067669e-01 3.513879485443466288e-01
4.147496617050067669e-01 3.527420446851726732e-01
4.154262516914749570e-01 3.527420446851726732e-01
4.154262516914749570e-01 3.540961408259986620e-01
4.161028416779431471e-01 3.540961408259986620e-01
4.161028416779431471e-01 3.547731888964116287e-01
4.174560216508795829e-01 3.547731888964116287e-01
4.174560216508795829e-01 3.568043331076506397e-01
4.194857916102841533e-01 3.568043331076506397e-01
4.194857916102841533e-01 3.588354773188896507e-01
4.208389715832205891e-01 3.588354773188896507e-01
4.215155615696887792e-01 3.588354773188896507e-01
4.215155615696887792e-01 3.595125253893026174e-01
4.235453315290933496e-01 3.595125253893026174e-01
4.235453315290933496e-01 3.601895734597156395e-01
4.248985115020297854e-01 3.601895734597156395e-01
4.248985115020297854e-01 3.615436696005416284e-01
4.255751014884979755e-01 3.615436696005416284e-01
4.276048714479025459e-01 3.615436696005416284e-01
4.276048714479025459e-01 3.656059580230196504e-01
4.282814614343707915e-01 3.656059580230196504e-01
4.282814614343707915e-01 3.676371022342586059e-01
4.309878213802435520e-01 3.676371022342586059e-01
4.309878213802435520e-01 3.683141503046716281e-01
4.316644113667117977e-01 3.683141503046716281e-01
4.316644113667117977e-01 3.710223425863236058e-01
4.330175913396481779e-01 3.710223425863236058e-01
4.336941813261163681e-01 3.710223425863236058e-01
4.336941813261163681e-01 3.716993906567366279e-01
4.350473612990527483e-01 3.716993906567366279e-01
4.350473612990527483e-01 3.723764387271496501e-01
4.364005412719891841e-01 3.730534867975626168e-01
4.364005412719891841e-01 3.744075829383886056e-01
4.377537212449255644e-01 3.744075829383886056e-01
4.391069012178620001e-01 3.744075829383886056e-01
4.397834912043301903e-01 3.744075829383886056e-01
4.397834912043301903e-01 3.757616790792146499e-01
4.411366711772665705e-01 3.757616790792146499e-01
4.424898511502029508e-01 3.757616790792146499e-01
4.424898511502029508e-01 3.764387271496276166e-01
4.438430311231393866e-01 3.764387271496276166e-01
4.438430311231393866e-01 3.771157752200406388e-01
4.451962110960757668e-01 3.771157752200406388e-01
4.451962110960757668e-01 3.784698713608666276e-01
4.458728010825439569e-01 3.784698713608666276e-01
4.458728010825439569e-01 3.798239675016926165e-01
4.479025710419485828e-01 3.798239675016926165e-01
4.479025710419485828e-01 3.805010155721056386e-01
4.492557510148849631e-01 3.805010155721056386e-01
4.492557510148849631e-01 3.811780636425186053e-01
4.506089309878213989e-01 3.811780636425186053e-01
4.506089309878213989e-01 3.838862559241706385e-01
4.512855209742895890e-01 3.838862559241706385e-01
4.512855209742895890e-01 3.872714962762356383e-01
4.526387009472259693e-01 3.872714962762356383e-01
4.526387009472259693e-01 3.879485443466486050e-01
4.553450608930987853e-01 3.879485443466486050e-01
4.553450608930987853e-01 3.886255924170616272e-01
4.560216508795669754e-01 3.886255924170616272e-01
4.560216508795669754e-01 3.926878808395395937e-01
4.573748308525033557e-01 3.926878808395395937e-01
4.573748308525033557e-01 3.947190250507786047e-01
4.580514208389716013e-01 3.947190250507786047e-01
4.580514208389716013e-01 3.953960731211916269e-01
4.587280108254397915e-01 3.953960731211916269e-01
4.587280108254397915e-01 3.960731211916045935e-01
4.600811907983761717e-01 3.960731211916045935e-01
4.600811907983761717e-01 3.974272173324305824e-01
4.607577807848443618e-01 3.974272173324305824e-01
4.607577807848443618e-01 3.981042654028436045e-01
4.621109607577807976e-01 3.981042654028436045e-01
4.621109607577807976e-01 3.987813134732566267e-01
4.627875507442489877e-01 3.987813134732566267e-01
4.641407307171853680e-01 3.987813134732566267e-01
4.641407307171853680e-01 3.994583615436695934e-01
4.641407307171853680e-01 4.008124576844955822e-01
4.641407307171853680e-01 4.035206499661476154e-01
4.648173207036536136e-01 4.035206499661476154e-01
4.648173207036536136e-01 4.055517941773865709e-01
4.654939106901218038e-01 4.055517941773865709e-01
4.654939106901218038e-01 4.062288422477995931e-01
4.675236806495263742e-01 4.062288422477995931e-01
4.675236806495263742e-01 4.075829383886255819e-01
4.682002706359945643e-01 4.075829383886255819e-01
4.682002706359945643e-01 4.096140825998645929e-01
4.688768606224628099e-01 4.096140825998645929e-01
4.688768606224628099e-01 4.102911306702776151e-01
4.695534506089310001e-01 4.102911306702776151e-01
4.695534506089310001e-01 4.116452268111036039e-01
4.709066305818673803e-01 4.116452268111036039e-01
4.709066305818673803e-01 4.136763710223425594e-01
4.722598105548038161e-01 4.136763710223425594e-01
4.722598105548038161e-01 4.150304671631686038e-01
4.736129905277401964e-01 4.150304671631686038e-01
4.736129905277401964e-01 4.163845633039945926e-01
4.742895805142083865e-01 4.163845633039945926e-01
4.742895805142083865e-01 4.184157075152336036e-01
4.756427604871447667e-01 4.184157075152336036e-01
4.756427604871447667e-01 4.190927555856465703e-01
4.769959404600812025e-01 4.190927555856465703e-01
4.769959404600812025e-01 4.197698036560595924e-01
4.776725304465493926e-01 4.204468517264725591e-01
4.776725304465493926e-01 4.211238997968855813e-01
4.783491204330175828e-01 4.211238997968855813e-01
4.783491204330175828e-01 4.218009478672986035e-01
4.797023004059540185e-01 4.218009478672986035e-01
4.797023004059540185e-01 4.238320920785375590e-01
4.803788903924222087e-01 4.238320920785375590e-01
4.803788903924222087e-01 4.245091401489505811e-01
4.810554803788903988e-01 4.245091401489505811e-01
4.824086603518267791e-01 4.245091401489505811e-01
4.824086603518267791e-01 4.251861882193635478e-01
4.830852503382949692e-01 4.251861882193635478e-01
4.830852503382949692e-01 4.278943805010155810e-01
4.844384303112314050e-01 4.278943805010155810e-01
4.857916102841677852e-01 4.278943805010155810e-01
4.857916102841677852e-01 4.285714285714285476e-01
4.871447902571042210e-01 4.285714285714285476e-01
4.871447902571042210e-01 4.312796208530805808e-01
4.878213802435724111e-01 4.312796208530805808e-01
4.878213802435724111e-01 4.326337169939065697e-01
4.884979702300406013e-01 4.333107650643195918e-01
4.884979702300406013e-01 4.339878131347325585e-01
4.898511502029769815e-01 4.339878131347325585e-01
4.898511502029769815e-01 4.346648612051455807e-01
4.905277401894451716e-01 4.346648612051455807e-01
4.918809201623816074e-01 4.346648612051455807e-01
4.932341001353179877e-01 4.346648612051455807e-01
4.932341001353179877e-01 4.353419092755585473e-01
4.945872801082544234e-01 4.353419092755585473e-01
4.952638700947226136e-01 4.353419092755585473e-01
4.966170500676589938e-01 4.360189573459715695e-01
4.972936400541271840e-01 4.366960054163845362e-01
4.993234100135318099e-01 4.366960054163845362e-01
4.993234100135318099e-01 4.394041976980365694e-01
5.006765899864682456e-01 4.394041976980365694e-01
5.006765899864682456e-01 4.400812457684495360e-01
5.013531799729363803e-01 4.400812457684495360e-01
5.013531799729363803e-01 4.407582938388625582e-01
5.027063599458727605e-01 4.407582938388625582e-01
5.033829499323410062e-01 4.407582938388625582e-01
5.033829499323410062e-01 4.414353419092755804e-01
5.047361299052773864e-01 4.414353419092755804e-01
5.047361299052773864e-01 4.421123899796885470e-01
5.060893098782137667e-01 4.421123899796885470e-01
5.060893098782137667e-01 4.448205822613405802e-01
5.067658998646820123e-01 4.448205822613405802e-01
5.067658998646820123e-01 4.454976303317535469e-01
5.081190798376183926e-01 4.454976303317535469e-01
5.081190798376183926e-01 4.475287745429925579e-01
5.094722598105547728e-01 4.475287745429925579e-01
5.094722598105547728e-01 4.502369668246445356e-01
5.108254397834911531e-01 4.502369668246445356e-01
5.108254397834911531e-01 4.515910629654705244e-01
5.121786197564276444e-01 4.515910629654705244e-01
5.121786197564276444e-01 4.522681110358835466e-01
5.128552097428957790e-01 4.529451591062965687e-01
5.128552097428957790e-01 4.536222071767095354e-01
5.135317997293640246e-01 4.536222071767095354e-01
5.135317997293640246e-01 4.576844955991875574e-01
5.142083897158321593e-01 4.576844955991875574e-01
5.162381596752367852e-01 4.576844955991875574e-01
5.175913396481731654e-01 4.576844955991875574e-01
5.182679296346414111e-01 4.576844955991875574e-01
5.182679296346414111e-01 4.583615436696005241e-01
5.209742895805141716e-01 4.583615436696005241e-01
5.209742895805141716e-01 4.597156398104265129e-01
5.216508795669824172e-01 4.597156398104265129e-01
5.216508795669824172e-01 4.603926878808395351e-01
5.223274695534506629e-01 4.603926878808395351e-01
5.223274695534506629e-01 4.624238320920785461e-01
5.236806495263870431e-01 4.624238320920785461e-01
5.236806495263870431e-01 4.631008801624915128e-01
5.257104194857915580e-01 4.631008801624915128e-01
5.257104194857915580e-01 4.637779282329045349e-01
5.263870094722598036e-01 4.637779282329045349e-01
5.263870094722598036e-01 4.644549763033175571e-01
5.284167794316644295e-01 4.644549763033175571e-01
5.284167794316644295e-01 4.658090724441435460e-01
5.290933694181325642e-01 4.658090724441435460e-01
5.290933694181325642e-01 4.678402166553825570e-01
5.297699594046008098e-01 4.678402166553825570e-01
5.297699594046008098e-01 4.685172647257955236e-01
5.311231393775371901e-01 4.685172647257955236e-01
5.311231393775371901e-01 4.719025050778605235e-01
5.317997293640054357e-01 4.719025050778605235e-01
5.317997293640054357e-01 4.725795531482735456e-01
5.331529093369418160e-01 4.725795531482735456e-01
5.331529093369418160e-01 4.732566012186865123e-01
5.331529093369418160e-01 4.746106973595125011e-01
5.345060893098781962e-01 4.746106973595125011e-01
5.345060893098781962e-01 4.759647935003385455e-01
5.358592692828145765e-01 4.759647935003385455e-01
5.358592692828145765e-01 4.766418415707515122e-01
5.365358592692828221e-01 4.766418415707515122e-01
5.365358592692828221e-01 4.773188896411645343e-01
5.378890392422192024e-01 4.773188896411645343e-01
5.378890392422192024e-01 4.779959377115775010e-01
5.392422192151555826e-01 4.779959377115775010e-01
5.392422192151555826e-01 4.800270819228165120e-01
5.405953991880919629e-01 4.800270819228165120e-01
5.405953991880919629e-01 4.813811780636425008e-01
5.405953991880919629e-01 4.827352742044684897e-01
5.412719891745602085e-01 4.827352742044684897e-01
5.412719891745602085e-01 4.861205145565334895e-01
5.419485791610284542e-01 4.861205145565334895e-01
5.419485791610284542e-01 4.867975626269465117e-01
5.426251691474965888e-01 4.867975626269465117e-01
5.426251691474965888e-01 4.874746106973595339e-01
5.439783491204329691e-01 4.874746106973595339e-01
5.439783491204329691e-01 4.888287068381855227e-01
5.446549391069012147e-01 4.888287068381855227e-01
5.446549391069012147e-01 4.901828029790115115e-01
5.446549391069012147e-01 4.922139471902505226e-01
5.453315290933694603e-01 4.922139471902505226e-01
5.473612990527739752e-01 4.922139471902505226e-01
5.480378890392422209e-01 4.922139471902505226e-01
5.480378890392422209e-01 4.942450914014894781e-01
5.500676589986468468e-01 4.942450914014894781e-01
5.514208389715832270e-01 4.942450914014894781e-01
5.520974289580514727e-01 4.942450914014894781e-01
5.520974289580514727e-01 4.949221394719025002e-01
5.541271989174559875e-01 4.949221394719025002e-01
5.541271989174559875e-01 4.955991875423155224e-01
5.568335588633288591e-01 4.955991875423155224e-01
5.568335588633288591e-01 4.969532836831415112e-01
5.568335588633288591e-01 5.023696682464454666e-01
5.575101488497969937e-01 5.023696682464454666e-01
5.575101488497969937e-01 5.050778605280974443e-01
5.581867388362652393e-01 5.050778605280974443e-01
5.581867388362652393e-01 5.057549085985104664e-01
5.595399188092016196e-01 5.057549085985104664e-01
5.595399188092016196e-01 5.071090047393365108e-01
5.602165087956698653e-01 5.071090047393365108e-01
5.602165087956698653e-01 5.084631008801624441e-01
5.608930987821379999e-01 5.084631008801624441e-01
5.608930987821379999e-01 5.091401489505754663e-01
5.615696887686062455e-01 5.091401489505754663e-01
5.615696887686062455e-01 5.118483412322274440e-01
5.629228687415426258e-01 5.118483412322274440e-01
5.629228687415426258e-01 5.125253893026404661e-01
5.635994587280108714e-01 5.125253893026404661e-01
5.635994587280108714e-01 5.132024373730534883e-01
5.656292286874153863e-01 5.132024373730534883e-01
5.656292286874153863e-01 5.145565335138795326e-01
5.656292286874153863e-01 5.179417738659445325e-01
5.669824086603518776e-01 5.179417738659445325e-01
5.669824086603518776e-01 5.199729180771834880e-01
5.676589986468200122e-01 5.199729180771834880e-01
5.676589986468200122e-01 5.206499661475965102e-01
5.683355886332882578e-01 5.206499661475965102e-01
5.683355886332882578e-01 5.220040622884224435e-01
5.690121786197563925e-01 5.226811103588354657e-01
5.690121786197563925e-01 5.260663507109004655e-01
5.696887686062246381e-01 5.260663507109004655e-01
5.696887686062246381e-01 5.287745429925524432e-01
5.710419485791610184e-01 5.287745429925524432e-01
5.710419485791610184e-01 5.314827352742044209e-01
5.723951285520973986e-01 5.314827352742044209e-01
5.723951285520973986e-01 5.335138794854434874e-01
5.737483085250337789e-01 5.335138794854434874e-01
5.751014884979702702e-01 5.335138794854434874e-01
5.764546684709066504e-01 5.335138794854434874e-01
5.771312584573747850e-01 5.335138794854434874e-01
5.784844384303112763e-01 5.335138794854434874e-01
5.784844384303112763e-01 5.341909275558565096e-01
5.798376184032476566e-01 5.341909275558565096e-01
5.811907983761840368e-01 5.341909275558565096e-01
5.811907983761840368e-01 5.362220717670954651e-01
5.818673883626522825e-01 5.362220717670954651e-01
5.832205683355886627e-01 5.362220717670954651e-01
5.832205683355886627e-01 5.368991198375084872e-01
5.838971583220567974e-01 5.368991198375084872e-01
5.838971583220567974e-01 5.375761679079215094e-01
5.845737483085250430e-01 5.375761679079215094e-01
5.845737483085250430e-01 5.382532159783344206e-01
5.852503382949932886e-01 5.382532159783344206e-01
5.852503382949932886e-01 5.396073121191604649e-01
5.859269282814614233e-01 5.396073121191604649e-01
5.859269282814614233e-01 5.402843601895734871e-01
5.866035182679296689e-01 5.402843601895734871e-01
5.866035182679296689e-01 5.409614082599865093e-01
5.879566982408660492e-01 5.409614082599865093e-01
5.879566982408660492e-01 5.436696005416384869e-01
5.893098782138024294e-01 5.436696005416384869e-01
5.893098782138024294e-01 5.470548408937034868e-01
5.899864682002706751e-01 5.470548408937034868e-01
5.899864682002706751e-01 5.477318889641163979e-01
5.906630581867388097e-01 5.477318889641163979e-01
5.906630581867388097e-01 5.504400812457684866e-01
5.913396481732070553e-01 5.504400812457684866e-01
5.913396481732070553e-01 5.531482735274204643e-01
5.926928281461434356e-01 5.531482735274204643e-01
5.940460081190798158e-01 5.531482735274204643e-01
5.947225981055480615e-01 5.531482735274204643e-01
5.947225981055480615e-01 5.551794177386594198e-01
5.960757780784844417e-01 5.551794177386594198e-01
5.967523680649526874e-01 5.551794177386594198e-01
5.967523680649526874e-01 5.558564658090724420e-01
5.974289580514208220e-01 5.558564658090724420e-01
5.974289580514208220e-01 5.572105619498984863e-01
5.987821380243572023e-01 5.572105619498984863e-01
5.994587280108254479e-01 5.572105619498984863e-01
6.014884979702300738e-01 5.572105619498984863e-01
6.021650879566982084e-01 5.572105619498984863e-01
6.035182679296345887e-01 5.572105619498984863e-01
6.035182679296345887e-01 5.578876100203113975e-01
6.041948579161028343e-01 5.578876100203113975e-01
6.041948579161028343e-01 5.585646580907244196e-01
6.048714479025710800e-01 5.585646580907244196e-01
6.048714479025710800e-01 5.605958023019634862e-01
6.055480378890392146e-01 5.605958023019634862e-01
6.055480378890392146e-01 5.626269465132024417e-01
6.062246278755074602e-01 5.626269465132024417e-01
6.062246278755074602e-01 5.639810426540284860e-01
6.069012178619755948e-01 5.639810426540284860e-01
6.069012178619755948e-01 5.660121868652674415e-01
6.075778078484438405e-01 5.660121868652674415e-01
6.089309878213802207e-01 5.660121868652674415e-01
6.109607577807848466e-01 5.660121868652674415e-01
6.109607577807848466e-01 5.673662830060934859e-01
6.116373477672530923e-01 5.673662830060934859e-01
6.116373477672530923e-01 5.700744752877454635e-01
6.156968876860622331e-01 5.700744752877454635e-01
6.156968876860622331e-01 5.707515233581583747e-01
6.163734776725304787e-01 5.707515233581583747e-01
6.163734776725304787e-01 5.714285714285713969e-01
6.177266576454668590e-01 5.714285714285713969e-01
6.177266576454668590e-01 5.721056194989844190e-01
6.190798376184032392e-01 5.721056194989844190e-01
6.190798376184032392e-01 5.741367637102233745e-01
6.204330175913396195e-01 5.741367637102233745e-01
6.204330175913396195e-01 5.748138117806363967e-01
6.211096075778078651e-01 5.748138117806363967e-01
6.224627875507442454e-01 5.748138117806363967e-01
6.224627875507442454e-01 5.775220040622883744e-01
6.238159675236806256e-01 5.775220040622883744e-01
6.251691474966170059e-01 5.775220040622883744e-01
6.251691474966170059e-01 5.788761002031144187e-01
6.258457374830852515e-01 5.788761002031144187e-01
6.258457374830852515e-01 5.802301963439404631e-01
6.265223274695534972e-01 5.802301963439404631e-01
6.265223274695534972e-01 5.809072444143533742e-01
6.285520974289580121e-01 5.809072444143533742e-01
6.285520974289580121e-01 5.822613405551794186e-01
6.299052774018945033e-01 5.822613405551794186e-01
6.299052774018945033e-01 5.829383886255924407e-01
6.305818673883626380e-01 5.829383886255924407e-01
6.305818673883626380e-01 5.842924847664183741e-01
6.332882273342353985e-01 5.842924847664183741e-01
6.346414073071718898e-01 5.842924847664183741e-01
6.346414073071718898e-01 5.856465809072444184e-01
6.359945872801082700e-01 5.856465809072444184e-01
6.359945872801082700e-01 5.870006770480704628e-01
6.366711772665764046e-01 5.870006770480704628e-01
6.366711772665764046e-01 5.903859174001354626e-01
6.380243572395128959e-01 5.903859174001354626e-01
6.380243572395128959e-01 5.924170616113744181e-01
6.387009472259810305e-01 5.924170616113744181e-01
6.387009472259810305e-01 5.930941096817874403e-01
6.393775372124492762e-01 5.930941096817874403e-01
6.393775372124492762e-01 5.937711577522003514e-01
6.414073071718539021e-01 5.937711577522003514e-01
6.414073071718539021e-01 5.944482058226133736e-01
6.427604871447902823e-01 5.944482058226133736e-01
6.427604871447902823e-01 5.958023019634394180e-01
6.441136671177266626e-01 5.958023019634394180e-01
6.441136671177266626e-01 5.964793500338524401e-01
6.447902571041949082e-01 5.964793500338524401e-01
6.468200270635994231e-01 5.964793500338524401e-01
6.468200270635994231e-01 5.985104942450913956e-01
6.474966170500676688e-01 5.985104942450913956e-01
6.495263870094722947e-01 5.985104942450913956e-01
6.495263870094722947e-01 5.991875423155044178e-01
6.522327469553450552e-01 5.991875423155044178e-01
6.522327469553450552e-01 6.052809749492213953e-01
6.529093369418133008e-01 6.052809749492213953e-01
6.529093369418133008e-01 6.059580230196344175e-01
6.549391069012178157e-01 6.059580230196344175e-01
6.549391069012178157e-01 6.073121191604603508e-01
6.556156968876860613e-01 6.073121191604603508e-01
6.556156968876860613e-01 6.079891672308733730e-01
6.569688768606224416e-01 6.079891672308733730e-01
6.569688768606224416e-01 6.086662153012863952e-01
6.583220568335588219e-01 6.086662153012863952e-01
6.596752368064953131e-01 6.086662153012863952e-01
6.596752368064953131e-01 6.113744075829383728e-01
6.603518267929634478e-01 6.113744075829383728e-01
6.603518267929634478e-01 6.167907921462423282e-01
6.610284167794316934e-01 6.167907921462423282e-01
6.610284167794316934e-01 6.181448882870683725e-01
6.617050067658998280e-01 6.181448882870683725e-01
6.617050067658998280e-01 6.194989844278944169e-01
6.623815967523680737e-01 6.194989844278944169e-01
6.623815967523680737e-01 6.201760324983073280e-01
6.637347767253044539e-01 6.201760324983073280e-01
6.644113667117726996e-01 6.201760324983073280e-01
6.644113667117726996e-01 6.222071767095463946e-01
6.650879566982408342e-01 6.222071767095463946e-01
6.650879566982408342e-01 6.262694651320244166e-01
6.664411366711772144e-01 6.269465132024373277e-01
6.664411366711772144e-01 6.296547054840894164e-01
6.671177266576454601e-01 6.296547054840894164e-01
6.671177266576454601e-01 6.303317535545023276e-01
6.677943166441137057e-01 6.303317535545023276e-01
6.677943166441137057e-01 6.310088016249153497e-01
6.691474966170500860e-01 6.310088016249153497e-01
6.705006765899864662e-01 6.310088016249153497e-01
6.705006765899864662e-01 6.316858496953283719e-01
6.725304465493910921e-01 6.316858496953283719e-01
6.725304465493910921e-01 6.337169939065673274e-01
6.732070365358592268e-01 6.337169939065673274e-01
6.732070365358592268e-01 6.343940419769803496e-01
6.745602165087957180e-01 6.343940419769803496e-01
6.745602165087957180e-01 6.364251861882194161e-01
6.759133964817320983e-01 6.364251861882194161e-01
6.765899864682002329e-01 6.364251861882194161e-01
6.765899864682002329e-01 6.371022342586323273e-01
6.786197564276048588e-01 6.371022342586323273e-01
6.786197564276048588e-01 6.398104265402843049e-01
6.792963464140731045e-01 6.398104265402843049e-01
6.792963464140731045e-01 6.425186188219363936e-01
6.806495263870094847e-01 6.425186188219363936e-01
6.806495263870094847e-01 6.431956668923493048e-01
6.813261163734776193e-01 6.431956668923493048e-01
6.813261163734776193e-01 6.452268111035883713e-01
6.826792963464141106e-01 6.452268111035883713e-01
6.826792963464141106e-01 6.465809072444143046e-01
6.833558863328822452e-01 6.465809072444143046e-01
6.833558863328822452e-01 6.472579553148273268e-01
6.847090663058186255e-01 6.472579553148273268e-01
6.853856562922868711e-01 6.472579553148273268e-01
6.853856562922868711e-01 6.486120514556533712e-01
6.867388362652232514e-01 6.486120514556533712e-01
6.867388362652232514e-01 6.492890995260663933e-01
6.874154262516914971e-01 6.492890995260663933e-01
6.874154262516914971e-01 6.506431956668923267e-01
6.880920162381596317e-01 6.506431956668923267e-01
6.880920162381596317e-01 6.519972918077183710e-01
6.887686062246278773e-01 6.519972918077183710e-01
6.887686062246278773e-01 6.540284360189573265e-01
6.894451962110961230e-01 6.540284360189573265e-01
6.894451962110961230e-01 6.547054840893703487e-01
6.907983761840325032e-01 6.547054840893703487e-01
6.907983761840325032e-01 6.567366283006093042e-01
6.914749661705006378e-01 6.567366283006093042e-01
6.914749661705006378e-01 6.574136763710223264e-01
6.921515561569688835e-01 6.574136763710223264e-01
6.935047361299052637e-01 6.574136763710223264e-01
6.935047361299052637e-01 6.594448205822613929e-01
6.941813261163735094e-01 6.594448205822613929e-01
6.941813261163735094e-01 6.614759647935003484e-01
6.948579161028416440e-01 6.614759647935003484e-01
6.948579161028416440e-01 6.621530128639133705e-01
6.962110960757780243e-01 6.621530128639133705e-01
6.962110960757780243e-01 6.628300609343262817e-01
6.968876860622462699e-01 6.628300609343262817e-01
6.968876860622462699e-01 6.648612051455653482e-01
6.975642760487145155e-01 6.648612051455653482e-01
6.975642760487145155e-01 6.709546377792823257e-01
6.982408660351826502e-01 6.709546377792823257e-01
6.982408660351826502e-01 6.729857819905212812e-01
6.995940460081190304e-01 6.729857819905212812e-01
7.009472259810555217e-01 6.729857819905212812e-01
7.016238159675236563e-01 6.729857819905212812e-01
7.016238159675236563e-01 6.756939742721733699e-01
7.023004059539919020e-01 6.756939742721733699e-01
7.023004059539919020e-01 6.763710223425862811e-01
7.029769959404600366e-01 6.763710223425862811e-01
7.029769959404600366e-01 6.784021665538253476e-01
7.043301759133965279e-01 6.784021665538253476e-01
7.043301759133965279e-01 6.790792146242383698e-01
7.050067658998646625e-01 6.797562626946512809e-01
7.063599458728010427e-01 6.797562626946512809e-01
7.063599458728010427e-01 6.804333107650643031e-01
7.070365358592692884e-01 6.804333107650643031e-01
7.070365358592692884e-01 6.811103588354773253e-01
7.090663058186739143e-01 6.811103588354773253e-01
7.090663058186739143e-01 6.817874069058903475e-01
7.104194857916102945e-01 6.817874069058903475e-01
7.104194857916102945e-01 6.824644549763033696e-01
7.110960757780784292e-01 6.824644549763033696e-01
7.110960757780784292e-01 6.831415030467162808e-01
7.117726657645466748e-01 6.831415030467162808e-01
7.117726657645466748e-01 6.858496953283683695e-01
7.131258457374830551e-01 6.858496953283683695e-01
7.171853856562923069e-01 6.858496953283683695e-01
7.192151556156969328e-01 6.858496953283683695e-01
7.192151556156969328e-01 6.878808395396073250e-01
7.212449255751014476e-01 6.878808395396073250e-01
7.212449255751014476e-01 6.892349356804332583e-01
7.219215155615696933e-01 6.892349356804332583e-01
7.219215155615696933e-01 6.919431279620853470e-01
7.225981055480379389e-01 6.919431279620853470e-01
7.225981055480379389e-01 6.932972241029112803e-01
7.239512855209743192e-01 6.932972241029112803e-01
7.239512855209743192e-01 6.939742721733243025e-01
7.253044654939106994e-01 6.939742721733243025e-01
7.266576454668470797e-01 6.939742721733243025e-01
7.266576454668470797e-01 6.966824644549762802e-01
7.280108254397834600e-01 6.966824644549762802e-01
7.293640054127198402e-01 6.966824644549762802e-01
7.300405953991880859e-01 6.966824644549762802e-01
7.313937753721244661e-01 6.966824644549762802e-01
7.313937753721244661e-01 6.980365605958023245e-01
7.341001353179973377e-01 6.980365605958023245e-01
7.341001353179973377e-01 6.987136086662153467e-01
7.347767253044654723e-01 6.987136086662153467e-01
7.347767253044654723e-01 7.007447528774543022e-01
7.361299052774018525e-01 7.007447528774543022e-01
7.361299052774018525e-01 7.014218009478673244e-01
7.368064952638700982e-01 7.014218009478673244e-01
7.368064952638700982e-01 7.020988490182803465e-01
7.374830852503383438e-01 7.020988490182803465e-01
7.388362652232747241e-01 7.020988490182803465e-01
7.388362652232747241e-01 7.027758970886932577e-01
7.401894451962111043e-01 7.027758970886932577e-01
7.415426251691474846e-01 7.027758970886932577e-01
7.415426251691474846e-01 7.054840893703453464e-01
7.422192151556157302e-01 7.054840893703453464e-01
7.422192151556157302e-01 7.061611374407582575e-01
7.428958051420838649e-01 7.061611374407582575e-01
7.428958051420838649e-01 7.075152335815843019e-01
7.435723951285521105e-01 7.075152335815843019e-01
7.435723951285521105e-01 7.081922816519973241e-01
7.469553450608931167e-01 7.081922816519973241e-01
7.469553450608931167e-01 7.088693297224103462e-01
7.476319350473612513e-01 7.088693297224103462e-01
7.476319350473612513e-01 7.129316181448882572e-01
7.483085250338294969e-01 7.129316181448882572e-01
7.483085250338294969e-01 7.169939065673662792e-01
7.489851150202977426e-01 7.169939065673662792e-01
7.489851150202977426e-01 7.176709546377793014e-01
7.496617050067658772e-01 7.176709546377793014e-01
7.496617050067658772e-01 7.183480027081923236e-01
7.503382949932341228e-01 7.183480027081923236e-01
7.503382949932341228e-01 7.203791469194312791e-01
7.510148849797022574e-01 7.203791469194312791e-01
7.510148849797022574e-01 7.210561949898443013e-01
7.516914749661705031e-01 7.210561949898443013e-01
7.516914749661705031e-01 7.224102911306702346e-01
7.530446549391068833e-01 7.224102911306702346e-01
7.543978349120432636e-01 7.224102911306702346e-01
7.550744248985115092e-01 7.224102911306702346e-01
7.564276048714478895e-01 7.224102911306702346e-01
7.564276048714478895e-01 7.230873392010832568e-01
7.577807848443842698e-01 7.230873392010832568e-01
7.577807848443842698e-01 7.237643872714962789e-01
7.591339648173206500e-01 7.237643872714962789e-01
7.591339648173206500e-01 7.257955314827352344e-01
7.598105548037888957e-01 7.257955314827352344e-01
7.598105548037888957e-01 7.264725795531482566e-01
7.604871447902571413e-01 7.264725795531482566e-01
7.604871447902571413e-01 7.285037237643873231e-01
7.618403247631935216e-01 7.285037237643873231e-01
7.631935047361299018e-01 7.285037237643873231e-01
7.631935047361299018e-01 7.298578199052132565e-01
7.638700947225981475e-01 7.298578199052132565e-01
7.638700947225981475e-01 7.305348679756262786e-01
7.652232746955345277e-01 7.305348679756262786e-01
7.652232746955345277e-01 7.325660121868652341e-01
7.658998646820026623e-01 7.325660121868652341e-01
7.658998646820026623e-01 7.332430602572782563e-01
7.672530446549391536e-01 7.332430602572782563e-01
7.672530446549391536e-01 7.359512525389302340e-01
7.679296346414072882e-01 7.359512525389302340e-01
7.679296346414072882e-01 7.366283006093432562e-01
7.706359945872801598e-01 7.366283006093432562e-01
7.706359945872801598e-01 7.379823967501693005e-01
7.713125845737482944e-01 7.379823967501693005e-01
7.713125845737482944e-01 7.386594448205822117e-01
7.726657645466846747e-01 7.386594448205822117e-01
7.726657645466846747e-01 7.400135409614082560e-01
7.746955345060893006e-01 7.400135409614082560e-01
7.746955345060893006e-01 7.406905890318212782e-01
7.753721244925575462e-01 7.406905890318212782e-01
7.753721244925575462e-01 7.427217332430602337e-01
7.760487144790256808e-01 7.427217332430602337e-01
7.760487144790256808e-01 7.440758293838862780e-01
7.767253044654939265e-01 7.440758293838862780e-01
7.767253044654939265e-01 7.447528774542993002e-01
7.774018944519620611e-01 7.447528774542993002e-01
7.794316644113666870e-01 7.447528774542993002e-01
7.794316644113666870e-01 7.454299255247122113e-01
7.821380243572395585e-01 7.454299255247122113e-01
7.821380243572395585e-01 7.461069735951252335e-01
7.828146143437076931e-01 7.461069735951252335e-01
7.828146143437076931e-01 7.467840216655382557e-01
7.834912043301759388e-01 7.467840216655382557e-01
7.834912043301759388e-01 7.501692620176032555e-01
7.855209742895805647e-01 7.501692620176032555e-01
7.861975642760486993e-01 7.501692620176032555e-01
7.861975642760486993e-01 7.508463100880162777e-01
7.868741542625169449e-01 7.508463100880162777e-01
7.868741542625169449e-01 7.522004062288422110e-01
7.889039242219215708e-01 7.522004062288422110e-01
7.889039242219215708e-01 7.569397427217332552e-01
7.895805142083897055e-01 7.569397427217332552e-01
7.895805142083897055e-01 7.589708869329722107e-01
7.909336941813260857e-01 7.589708869329722107e-01
7.909336941813260857e-01 7.596479350033852329e-01
7.929634641407307116e-01 7.596479350033852329e-01
7.929634641407307116e-01 7.616790792146241884e-01
7.943166441136670919e-01 7.616790792146241884e-01
7.943166441136670919e-01 7.623561272850372106e-01
7.949932341001353375e-01 7.623561272850372106e-01
7.949932341001353375e-01 7.637102234258632549e-01
7.963464140730717178e-01 7.637102234258632549e-01
7.970230040595399634e-01 7.637102234258632549e-01
7.970230040595399634e-01 7.643872714962762771e-01
7.990527740189444783e-01 7.643872714962762771e-01
7.990527740189444783e-01 7.657413676371022104e-01
8.004059539918809696e-01 7.657413676371022104e-01
8.004059539918809696e-01 7.684495599187541881e-01
8.010825439783491042e-01 7.684495599187541881e-01
8.010825439783491042e-01 7.691266079891672103e-01
8.017591339648173498e-01 7.691266079891672103e-01
8.017591339648173498e-01 7.698036560595802325e-01
8.037889039242219757e-01 7.698036560595802325e-01
8.037889039242219757e-01 7.718348002708191880e-01
8.051420838971583560e-01 7.718348002708191880e-01
8.051420838971583560e-01 7.731888964116452323e-01
8.064952638700947363e-01 7.731888964116452323e-01
8.064952638700947363e-01 7.752200406228841878e-01
8.078484438430311165e-01 7.752200406228841878e-01
8.092016238159674968e-01 7.752200406228841878e-01
8.092016238159674968e-01 7.758970886932972100e-01
8.105548037889038770e-01 7.758970886932972100e-01
8.105548037889038770e-01 7.786052809749491876e-01
8.119079837618403683e-01 7.786052809749491876e-01
8.119079837618403683e-01 7.792823290453622098e-01
8.132611637347767486e-01 7.792823290453622098e-01
8.132611637347767486e-01 7.819905213270141875e-01
8.146143437077131289e-01 7.819905213270141875e-01
8.146143437077131289e-01 7.840216655382532540e-01
8.152909336941813745e-01 7.840216655382532540e-01
8.152909336941813745e-01 7.846987136086661652e-01
8.173207036535858894e-01 7.846987136086661652e-01
8.173207036535858894e-01 7.853757616790791873e-01
8.186738836265223807e-01 7.853757616790791873e-01
8.193504736129905153e-01 7.853757616790791873e-01
8.193504736129905153e-01 7.867298578199052317e-01
8.200270635994587609e-01 7.867298578199052317e-01
8.200270635994587609e-01 7.887610020311441872e-01
8.207036535859268955e-01 7.887610020311441872e-01
8.220568335588632758e-01 7.887610020311441872e-01
8.220568335588632758e-01 7.901150981719702315e-01
8.234100135317997671e-01 7.901150981719702315e-01
8.234100135317997671e-01 7.907921462423832537e-01
8.240866035182679017e-01 7.907921462423832537e-01
8.240866035182679017e-01 7.914691943127961649e-01
8.247631935047361473e-01 7.914691943127961649e-01
8.247631935047361473e-01 7.941773865944482536e-01
8.254397834912042820e-01 7.941773865944482536e-01
8.254397834912042820e-01 7.948544346648611647e-01
8.261163734776725276e-01 7.948544346648611647e-01
8.274695534506089079e-01 7.948544346648611647e-01
8.274695534506089079e-01 7.962085308056872091e-01
8.281461434370771535e-01 7.962085308056872091e-01
8.281461434370771535e-01 7.975626269465132534e-01
8.288227334235452881e-01 7.975626269465132534e-01
8.288227334235452881e-01 7.982396750169261646e-01
8.301759133964817794e-01 7.982396750169261646e-01
8.301759133964817794e-01 7.989167230873391867e-01
8.308525033829499140e-01 7.989167230873391867e-01
8.308525033829499140e-01 7.995937711577522089e-01
8.315290933694181597e-01 7.995937711577522089e-01
8.315290933694181597e-01 8.036560595802302309e-01
8.328822733423545399e-01 8.036560595802302309e-01
8.328822733423545399e-01 8.043331076506431421e-01
8.335588633288227856e-01 8.043331076506431421e-01
8.335588633288227856e-01 8.050101557210561642e-01
8.349120433017591658e-01 8.050101557210561642e-01
8.349120433017591658e-01 8.056872037914691864e-01
8.369418132611636807e-01 8.056872037914691864e-01
8.369418132611636807e-01 8.070412999322952308e-01
8.376184032476319263e-01 8.070412999322952308e-01
8.376184032476319263e-01 8.077183480027081419e-01
8.382949932341001720e-01 8.077183480027081419e-01
8.382949932341001720e-01 8.090724441435341863e-01
8.396481732070365522e-01 8.090724441435341863e-01
8.396481732070365522e-01 8.097494922139472084e-01
8.403247631935046869e-01 8.097494922139472084e-01
8.403247631935046869e-01 8.104265402843602306e-01
8.410013531799729325e-01 8.104265402843602306e-01
8.410013531799729325e-01 8.124576844955991861e-01
8.430311231393775584e-01 8.124576844955991861e-01
8.430311231393775584e-01 8.138117806364252305e-01
8.437077131258456930e-01 8.138117806364252305e-01
8.437077131258456930e-01 8.158429248476641860e-01
8.457374830852503189e-01 8.158429248476641860e-01
8.470906630581866992e-01 8.158429248476641860e-01
8.470906630581866992e-01 8.178740690589031415e-01
8.484438430311231905e-01 8.178740690589031415e-01
8.484438430311231905e-01 8.185511171293161636e-01
8.511502029769959510e-01 8.185511171293161636e-01
8.511502029769959510e-01 8.192281651997291858e-01
8.525033829499323312e-01 8.192281651997291858e-01
8.525033829499323312e-01 8.226134055517941857e-01
8.538565629228687115e-01 8.226134055517941857e-01
8.538565629228687115e-01 8.232904536222072078e-01
8.545331529093369571e-01 8.232904536222072078e-01
8.545331529093369571e-01 8.253215978334461633e-01
8.552097428958050918e-01 8.253215978334461633e-01
8.552097428958050918e-01 8.280297901150981410e-01
8.565629228687415830e-01 8.280297901150981410e-01
8.565629228687415830e-01 8.287068381855111632e-01
8.572395128552097177e-01 8.287068381855111632e-01
8.572395128552097177e-01 8.300609343263372075e-01
8.585926928281460979e-01 8.300609343263372075e-01
8.599458728010825892e-01 8.300609343263372075e-01
8.606224627875507238e-01 8.300609343263372075e-01
8.606224627875507238e-01 8.307379823967501187e-01
8.619756427604871041e-01 8.307379823967501187e-01
8.619756427604871041e-01 8.314150304671631408e-01
8.633288227334235954e-01 8.314150304671631408e-01
8.640054127198917300e-01 8.314150304671631408e-01
8.640054127198917300e-01 8.327691266079891852e-01
8.653585926928281102e-01 8.327691266079891852e-01
8.653585926928281102e-01 8.334461746784022074e-01
8.660351826792963559e-01 8.334461746784022074e-01
8.660351826792963559e-01 8.361543669600541850e-01
8.680649526387009818e-01 8.361543669600541850e-01
8.680649526387009818e-01 8.395396073121191849e-01
8.694181326116373620e-01 8.395396073121191849e-01
8.694181326116373620e-01 8.408937034529451182e-01
8.707713125845737423e-01 8.408937034529451182e-01
8.707713125845737423e-01 8.422477995937711626e-01
8.714479025710419879e-01 8.422477995937711626e-01
8.714479025710419879e-01 8.429248476641841847e-01
8.721244925575101226e-01 8.429248476641841847e-01
8.721244925575101226e-01 8.436018957345972069e-01
8.728010825439783682e-01 8.436018957345972069e-01
8.741542625169147485e-01 8.436018957345972069e-01
8.741542625169147485e-01 8.483412322274881401e-01
8.761840324763193744e-01 8.483412322274881401e-01
8.768606224627875090e-01 8.483412322274881401e-01
8.768606224627875090e-01 8.496953283683141844e-01
8.775372124492557546e-01 8.496953283683141844e-01
8.775372124492557546e-01 8.517264725795531399e-01
8.782138024357240003e-01 8.517264725795531399e-01
8.782138024357240003e-01 8.537576167907920954e-01
8.795669824086603805e-01 8.537576167907920954e-01
8.795669824086603805e-01 8.551117129316181398e-01
8.809201623815967608e-01 8.551117129316181398e-01
8.822733423545331410e-01 8.551117129316181398e-01
8.822733423545331410e-01 8.557887610020311620e-01
8.836265223274695213e-01 8.557887610020311620e-01
8.836265223274695213e-01 8.584969532836831396e-01
8.856562922868741472e-01 8.584969532836831396e-01
8.856562922868741472e-01 8.591740013540961618e-01
8.863328822733423928e-01 8.591740013540961618e-01
8.863328822733423928e-01 8.625592417061611616e-01
8.897158322056833990e-01 8.625592417061611616e-01
8.897158322056833990e-01 8.666215301286391837e-01
8.910690121786197793e-01 8.666215301286391837e-01
8.910690121786197793e-01 8.672985781990520948e-01
8.917456021650879139e-01 8.672985781990520948e-01
8.917456021650879139e-01 8.679756262694651170e-01
8.951285520974289200e-01 8.679756262694651170e-01
8.951285520974289200e-01 8.693297224102911613e-01
8.964817320703654113e-01 8.693297224102911613e-01
8.971583220568335459e-01 8.693297224102911613e-01
8.971583220568335459e-01 8.700067704807041835e-01
8.985115020297699262e-01 8.700067704807041835e-01
8.985115020297699262e-01 8.706838185511170947e-01
8.991880920162381718e-01 8.706838185511170947e-01
8.991880920162381718e-01 8.713608666215301168e-01
9.005412719891745521e-01 8.713608666215301168e-01
9.018944519621109324e-01 8.713608666215301168e-01
9.025710419485791780e-01 8.713608666215301168e-01
9.025710419485791780e-01 8.720379146919431390e-01
9.039242219215155583e-01 8.720379146919431390e-01
9.039242219215155583e-01 8.733920108327690723e-01
9.046008119079838039e-01 8.733920108327690723e-01
9.046008119079838039e-01 8.754231550440081389e-01
9.059539918809201842e-01 8.754231550440081389e-01
9.079837618403248101e-01 8.754231550440081389e-01
9.086603518267929447e-01 8.754231550440081389e-01
9.086603518267929447e-01 8.774542992552470944e-01
9.093369418132611903e-01 8.774542992552470944e-01
9.093369418132611903e-01 8.788083953960731387e-01
9.100135317997293249e-01 8.788083953960731387e-01
9.100135317997293249e-01 8.842247799593770941e-01
9.106901217861975706e-01 8.842247799593770941e-01
9.106901217861975706e-01 8.869329722410290717e-01
9.113667117726658162e-01 8.869329722410290717e-01
9.113667117726658162e-01 8.876100203114420939e-01
9.120433017591339508e-01 8.876100203114420939e-01
9.120433017591339508e-01 8.882870683818551161e-01
9.127198917456021965e-01 8.882870683818551161e-01
9.127198917456021965e-01 8.903182125930940716e-01
9.147496617050067114e-01 8.903182125930940716e-01
9.147496617050067114e-01 8.923493568043331381e-01
9.154262516914749570e-01 8.923493568043331381e-01
9.154262516914749570e-01 8.930264048747461603e-01
9.161028416779432026e-01 8.930264048747461603e-01
9.161028416779432026e-01 8.937034529451590714e-01
9.174560216508795829e-01 8.937034529451590714e-01
9.174560216508795829e-01 8.970886932972240713e-01
9.181326116373477175e-01 8.970886932972240713e-01
9.181326116373477175e-01 8.977657413676370934e-01
9.194857916102842088e-01 8.977657413676370934e-01
9.208389715832205891e-01 8.977657413676370934e-01
9.208389715832205891e-01 8.984427894380501156e-01
9.215155615696887237e-01 8.984427894380501156e-01
9.215155615696887237e-01 9.018280297901151155e-01
9.242219215155615952e-01 9.018280297901151155e-01
9.242219215155615952e-01 9.031821259309410488e-01
9.255751014884979755e-01 9.031821259309410488e-01
9.269282814614343557e-01 9.031821259309410488e-01
9.289580514208389816e-01 9.031821259309410488e-01
9.289580514208389816e-01 9.072444143534190708e-01
9.296346414073072273e-01 9.072444143534190708e-01
9.296346414073072273e-01 9.113067027758970928e-01
9.303112313937753619e-01 9.113067027758970928e-01
9.303112313937753619e-01 9.119837508463101150e-01
9.316644113667117422e-01 9.119837508463101150e-01
9.316644113667117422e-01 9.126607989167231372e-01
9.330175913396481224e-01 9.126607989167231372e-01
9.330175913396481224e-01 9.133378469871360483e-01
9.336941813261163681e-01 9.133378469871360483e-01
9.336941813261163681e-01 9.160460392687881370e-01
9.350473612990527483e-01 9.160460392687881370e-01
9.364005412719891286e-01 9.160460392687881370e-01
9.364005412719891286e-01 9.167230873392010482e-01
9.377537212449256199e-01 9.167230873392010482e-01
9.377537212449256199e-01 9.180771834800270925e-01
9.384303112313937545e-01 9.180771834800270925e-01
9.384303112313937545e-01 9.187542315504401147e-01
9.397834912043301347e-01 9.187542315504401147e-01
9.397834912043301347e-01 9.194312796208530258e-01
9.411366711772666260e-01 9.194312796208530258e-01
9.418132611637347607e-01 9.194312796208530258e-01
9.418132611637347607e-01 9.221394719025051145e-01
9.431664411366711409e-01 9.221394719025051145e-01
9.438430311231393866e-01 9.221394719025051145e-01
9.438430311231393866e-01 9.228165199729180257e-01
9.458728010825440125e-01 9.228165199729180257e-01
9.458728010825440125e-01 9.241706161137440700e-01
9.465493910690121471e-01 9.241706161137440700e-01
9.465493910690121471e-01 9.268788083953960477e-01
9.479025710419485273e-01 9.268788083953960477e-01
9.479025710419485273e-01 9.275558564658090699e-01
9.485791610284167730e-01 9.275558564658090699e-01
9.485791610284167730e-01 9.295870006770480254e-01
9.492557510148850186e-01 9.295870006770480254e-01
9.492557510148850186e-01 9.316181448882870919e-01
9.512855209742895335e-01 9.316181448882870919e-01
9.526387009472260248e-01 9.316181448882870919e-01
9.526387009472260248e-01 9.322951929587001141e-01
9.546684709066305397e-01 9.322951929587001141e-01
9.546684709066305397e-01 9.336492890995260474e-01
9.560216508795670309e-01 9.336492890995260474e-01
9.560216508795670309e-01 9.343263371699390696e-01
9.566982408660351656e-01 9.343263371699390696e-01
9.566982408660351656e-01 9.383886255924170916e-01
9.580514208389715458e-01 9.383886255924170916e-01
9.580514208389715458e-01 9.424509140148950026e-01
9.587280108254397915e-01 9.424509140148950026e-01
9.587280108254397915e-01 9.458361543669600024e-01
9.600811907983761717e-01 9.458361543669600024e-01
9.614343707713125520e-01 9.458361543669600024e-01
9.614343707713125520e-01 9.478672985781990690e-01
9.627875507442489322e-01 9.478672985781990690e-01
9.627875507442489322e-01 9.526066350710900021e-01
9.654939106901218038e-01 9.526066350710900021e-01
9.654939106901218038e-01 9.553148273527420908e-01
9.661705006765899384e-01 9.553148273527420908e-01
9.661705006765899384e-01 9.559918754231550020e-01
9.675236806495264297e-01 9.559918754231550020e-01
9.675236806495264297e-01 9.580230196343940685e-01
9.688768606224628099e-01 9.580230196343940685e-01
9.688768606224628099e-01 9.587000677048070907e-01
9.695534506089309446e-01 9.587000677048070907e-01
9.695534506089309446e-01 9.641164522681110460e-01
9.709066305818674358e-01 9.641164522681110460e-01
9.715832205683355705e-01 9.641164522681110460e-01
9.715832205683355705e-01 9.647935003385240682e-01
9.729364005412719507e-01 9.647935003385240682e-01
9.729364005412719507e-01 9.654705484089369794e-01
9.736129905277401964e-01 9.654705484089369794e-01
9.736129905277401964e-01 9.661475964793500015e-01
9.783491204330175828e-01 9.661475964793500015e-01
9.783491204330175828e-01 9.668246445497630237e-01
9.797023004059539630e-01 9.668246445497630237e-01
9.797023004059539630e-01 9.688557887610019792e-01
9.803788903924222087e-01 9.688557887610019792e-01
9.803788903924222087e-01 9.742721733243060456e-01
9.817320703653585889e-01 9.742721733243060456e-01
9.817320703653585889e-01 9.756262694651319789e-01
9.824086603518268346e-01 9.756262694651319789e-01
9.824086603518268346e-01 9.783344617467840676e-01
9.837618403247632148e-01 9.783344617467840676e-01
9.857916102841678407e-01 9.783344617467840676e-01
9.857916102841678407e-01 9.790115098171969787e-01
9.871447902571042210e-01 9.790115098171969787e-01
9.871447902571042210e-01 9.803656059580230231e-01
9.898511502029769815e-01 9.803656059580230231e-01
9.898511502029769815e-01 9.871360866621530228e-01
9.905277401894452272e-01 9.871360866621530228e-01
9.905277401894452272e-01 9.878131347325660450e-01
9.912043301759133618e-01 9.878131347325660450e-01
9.912043301759133618e-01 9.898442789438050005e-01
9.918809201623816074e-01 9.898442789438050005e-01
9.918809201623816074e-01 9.905213270142180226e-01
9.932341001353179877e-01 9.905213270142180226e-01
9.932341001353179877e-01 9.911983750846310448e-01
9.945872801082543679e-01 9.911983750846310448e-01
9.945872801082543679e-01 9.918754231550439560e-01
9.952638700947226136e-01 9.918754231550439560e-01
9.952638700947226136e-01 9.945836154366960447e-01
9.959404600811907482e-01 9.945836154366960447e-01
9.959404600811907482e-01 9.959377115775219780e-01
9.986468200270636197e-01 9.959377115775219780e-01
9.986468200270636197e-01 9.986459038591739557e-01
9.993234100135317544e-01 9.986459038591739557e-01
9.993234100135317544e-01 9.993229519295869778e-01
1.000000000000000000e+00 9.993229519295869778e-01
1.000000000000000000e+00 1.000000000000000000e+00
