0.000000000000000000e+00 0.000000000000000000e+00
0.000000000000000000e+00 6.770480704129992972e-04
0.000000000000000000e+00 2.031144211238998000e-03
6.765899864682003214e-04 2.031144211238998000e-03
6.765899864682003214e-04 3.385240352064996811e-03
1.353179972936400643e-03 3.385240352064996811e-03
1.353179972936400643e-03 4.062288422477996000e-03
2.029769959404600747e-03 4.062288422477996000e-03
2.029769959404600747e-03 5.416384563303994377e-03
4.736129905277402033e-03 5.416384563303994377e-03
4.736129905277402033e-03 6.093432633716994000e-03
6.765899864682002780e-03 6.093432633716994000e-03
6.765899864682002780e-03 7.447528774542992377e-03
8.119079837618402989e-03 7.447528774542992377e-03
8.119079837618402989e-03 8.801624915368991622e-03
8.795669824086603528e-03 8.801624915368991622e-03
8.795669824086603528e-03 1.083276912660798875e-02
9.472259810554804066e-03 1.083276912660798875e-02
9.472259810554804066e-03 1.421800947867298513e-02
1.082543978349120514e-02 1.421800947867298513e-02
1.217861975642760448e-02 1.421800947867298513e-02
1.217861975642760448e-02 1.489505754908598475e-02
1.285520974289580502e-02 1.489505754908598475e-02
1.285520974289580502e-02 1.557210561949898438e-02
1.420838971583220610e-02 1.557210561949898438e-02
1.420838971583220610e-02 1.692620176032498189e-02
1.488497970230040664e-02 1.692620176032498189e-02
1.488497970230040664e-02 1.828029790115098113e-02
1.623815967523680598e-02 1.828029790115098113e-02
1.623815967523680598e-02 2.166553825321597751e-02
1.759133964817320706e-02 2.166553825321597751e-02
1.759133964817320706e-02 2.234258632362897887e-02
1.962110960757780867e-02 2.234258632362897887e-02
1.962110960757780867e-02 2.437373053486797600e-02
2.097428958051420975e-02 2.437373053486797600e-02
2.232746955345060735e-02 2.437373053486797600e-02
2.232746955345060735e-02 2.505077860528097389e-02
2.300405953991880789e-02 2.505077860528097389e-02
2.300405953991880789e-02 2.708192281651997449e-02
2.435723951285520897e-02 2.708192281651997449e-02
2.435723951285520897e-02 2.843601895734597026e-02
2.571041948579161004e-02 2.843601895734597026e-02
2.571041948579161004e-02 3.114421123899796875e-02
2.638700947225981058e-02 3.114421123899796875e-02
2.774018944519621166e-02 3.114421123899796875e-02
2.774018944519621166e-02 3.182125930941096664e-02
2.909336941813261274e-02 3.182125930941096664e-02
2.909336941813261274e-02 3.317535545023696936e-02
3.112313937753721088e-02 3.317535545023696936e-02
3.112313937753721088e-02 3.520649966147596649e-02
3.315290933694181597e-02 3.520649966147596649e-02
3.315290933694181597e-02 3.656059580230196226e-02
3.382949932341001303e-02 3.656059580230196226e-02
3.382949932341001303e-02 3.859174001354095940e-02
3.450608930987821704e-02 3.859174001354095940e-02
3.450608930987821704e-02 4.062288422477995653e-02
3.653585926928281519e-02 4.062288422477995653e-02
3.653585926928281519e-02 4.197698036560595924e-02
3.788903924221921626e-02 4.197698036560595924e-02
3.788903924221921626e-02 4.265402843601896060e-02
3.924221921515561734e-02 4.265402843601896060e-02
3.924221921515561734e-02 4.333107650643195502e-02
3.991880920162381441e-02 4.333107650643195502e-02
3.991880920162381441e-02 4.400812457684495638e-02
4.127198917456021549e-02 4.400812457684495638e-02
4.127198917456021549e-02 4.468517264725795773e-02
4.194857916102841949e-02 4.468517264725795773e-02
4.330175913396482057e-02 4.468517264725795773e-02
4.465493910690121471e-02 4.468517264725795773e-02
4.465493910690121471e-02 4.603926878808395351e-02
4.533152909336941871e-02 4.603926878808395351e-02
4.668470906630581979e-02 4.603926878808395351e-02
4.668470906630581979e-02 4.671631685849695487e-02
4.736129905277401686e-02 4.671631685849695487e-02
4.736129905277401686e-02 4.807041299932295064e-02
4.803788903924222087e-02 4.807041299932295064e-02
4.803788903924222087e-02 4.874746106973595200e-02
4.871447902571041794e-02 4.874746106973595200e-02
4.871447902571041794e-02 5.077860528097494913e-02
5.209742895805142410e-02 5.077860528097494913e-02
5.209742895805142410e-02 5.213270142180094491e-02
5.277401894451962117e-02 5.213270142180094491e-02
5.412719891745602224e-02 5.213270142180094491e-02
5.412719891745602224e-02 5.348679756262694762e-02
5.480378890392421931e-02 5.348679756262694762e-02
5.480378890392421931e-02 5.484089370345294340e-02
5.548037889039242332e-02 5.484089370345294340e-02
5.548037889039242332e-02 5.619498984427894611e-02
5.751014884979702146e-02 5.619498984427894611e-02
5.751014884979702146e-02 5.754908598510494189e-02
6.089309878213802762e-02 5.754908598510494189e-02
6.089309878213802762e-02 5.890318212593093766e-02
6.156968876860622469e-02 5.890318212593093766e-02
6.156968876860622469e-02 6.093432633716994173e-02
6.224627875507442176e-02 6.093432633716994173e-02
6.359945872801082978e-02 6.093432633716994173e-02
6.427604871447901991e-02 6.093432633716994173e-02
6.562922868741542792e-02 6.093432633716994173e-02
6.562922868741542792e-02 6.228842247799593751e-02
6.630581867388363193e-02 6.228842247799593751e-02
6.630581867388363193e-02 6.567366283006093042e-02
6.765899864682002607e-02 6.567366283006093042e-02
6.765899864682002607e-02 6.770480704129992755e-02
6.901217861975643408e-02 6.770480704129992755e-02
6.968876860622462421e-02 6.770480704129992755e-02
7.104194857916103223e-02 6.770480704129992755e-02
7.307171853856563037e-02 6.770480704129992755e-02
7.307171853856563037e-02 6.838185511171293585e-02
7.374830852503383438e-02 6.838185511171293585e-02
7.374830852503383438e-02 6.905890318212593026e-02
7.442489851150202451e-02 6.905890318212593026e-02
7.577807848443843253e-02 6.905890318212593026e-02
7.577807848443843253e-02 6.973595125253892468e-02
7.645466847090663653e-02 6.973595125253892468e-02
7.780784844384303067e-02 6.973595125253892468e-02
7.780784844384303067e-02 7.041299932295193298e-02
7.848443843031123468e-02 7.041299932295193298e-02
7.848443843031123468e-02 7.447528774542992724e-02
7.916102841677942481e-02 7.447528774542992724e-02
7.916102841677942481e-02 7.718348002708191880e-02
8.051420838971583283e-02 7.718348002708191880e-02
8.051420838971583283e-02 7.786052809749492709e-02
8.186738836265222696e-02 7.786052809749492709e-02
8.186738836265222696e-02 8.124576844955991306e-02
8.322056833558863498e-02 8.124576844955991306e-02
8.592692828146143713e-02 8.124576844955991306e-02
8.592692828146143713e-02 8.259986459038591577e-02
8.795669824086603528e-02 8.259986459038591577e-02
8.795669824086603528e-02 8.395396073121191849e-02
8.863328822733423928e-02 8.395396073121191849e-02
8.998646820027063342e-02 8.395396073121191849e-02
9.066305818673883743e-02 8.395396073121191849e-02
9.066305818673883743e-02 8.463100880162491291e-02
9.269282814614343557e-02 8.463100880162491291e-02
9.269282814614343557e-02 8.598510494245091562e-02
9.404600811907984359e-02 8.598510494245091562e-02
9.404600811907984359e-02 8.801624915368991275e-02
9.539918809201623773e-02 8.801624915368991275e-02
9.539918809201623773e-02 8.937034529451591547e-02
9.742895805142083587e-02 8.937034529451591547e-02
9.810554803788903988e-02 8.937034529451591547e-02
9.810554803788903988e-02 9.004739336492890989e-02
1.008119079837618420e-01 9.004739336492890989e-02
1.008119079837618420e-01 9.140148950575491260e-02
1.035182679296346442e-01 9.140148950575491260e-02
1.035182679296346442e-01 9.207853757616790702e-02
1.041948579161028482e-01 9.207853757616790702e-02
1.055480378890392423e-01 9.207853757616790702e-02
1.055480378890392423e-01 9.343263371699390973e-02
1.075778078484438405e-01 9.343263371699390973e-02
1.089309878213802485e-01 9.343263371699390973e-02
1.089309878213802485e-01 9.410968178740690415e-02
1.109607577807848466e-01 9.410968178740690415e-02
1.109607577807848466e-01 9.478672985781989857e-02
1.129905277401894448e-01 9.478672985781989857e-02
1.129905277401894448e-01 9.546377792823290687e-02
1.143437077131258389e-01 9.546377792823290687e-02
1.143437077131258389e-01 1.022342586323628927e-01
1.150202976995940429e-01 1.022342586323628927e-01
1.150202976995940429e-01 1.029113067027759010e-01
1.156968876860622469e-01 1.029113067027759010e-01
1.156968876860622469e-01 1.062965470548408869e-01
1.170500676589986411e-01 1.062965470548408869e-01
1.170500676589986411e-01 1.076506431956668897e-01
1.184032476319350491e-01 1.076506431956668897e-01
1.184032476319350491e-01 1.103588354773188951e-01
1.190798376184032531e-01 1.103588354773188951e-01
1.190798376184032531e-01 1.130670277589708866e-01
1.204330175913396472e-01 1.130670277589708866e-01
1.204330175913396472e-01 1.144211238997968894e-01
1.217861975642760552e-01 1.144211238997968894e-01
1.217861975642760552e-01 1.157752200406228782e-01
1.238159675236806534e-01 1.157752200406228782e-01
1.238159675236806534e-01 1.164522681110358865e-01
1.244925575101488435e-01 1.164522681110358865e-01
1.244925575101488435e-01 1.178063642518618753e-01
1.258457374830852515e-01 1.178063642518618753e-01
1.258457374830852515e-01 1.191604603926878780e-01
1.265223274695534417e-01 1.191604603926878780e-01
1.278755074424898497e-01 1.191604603926878780e-01
1.278755074424898497e-01 1.211916046039268752e-01
1.285520974289580398e-01 1.211916046039268752e-01
1.299052774018944478e-01 1.211916046039268752e-01
1.299052774018944478e-01 1.225457007447528779e-01
1.305818673883626657e-01 1.225457007447528779e-01
1.319350473612990460e-01 1.225457007447528779e-01
1.319350473612990460e-01 1.245768449559918750e-01
1.326116373477672639e-01 1.245768449559918750e-01
1.339648173207036441e-01 1.245768449559918750e-01
1.339648173207036441e-01 1.252538930264048833e-01
1.359945872801082423e-01 1.252538930264048833e-01
1.359945872801082423e-01 1.259309410968178777e-01
1.387009472259810583e-01 1.259309410968178777e-01
1.387009472259810583e-01 1.286391333784698832e-01
1.407307171853856564e-01 1.286391333784698832e-01
1.407307171853856564e-01 1.293161814488828776e-01
1.427604871447902546e-01 1.293161814488828776e-01
1.434370771312584447e-01 1.293161814488828776e-01
1.434370771312584447e-01 1.299932295192958720e-01
1.441136671177266626e-01 1.299932295192958720e-01
1.441136671177266626e-01 1.320243737305348553e-01
1.447902571041948527e-01 1.320243737305348553e-01
1.447902571041948527e-01 1.327014218009478774e-01
1.461434370771312607e-01 1.327014218009478774e-01
1.461434370771312607e-01 1.367637102234258717e-01
1.474966170500676688e-01 1.367637102234258717e-01
1.474966170500676688e-01 1.408259986459038660e-01
1.481732070365358589e-01 1.408259986459038660e-01
1.481732070365358589e-01 1.415030467163168604e-01
1.495263870094722669e-01 1.415030467163168604e-01
1.495263870094722669e-01 1.428571428571428492e-01
1.502029769959404570e-01 1.428571428571428492e-01
1.515561569688768651e-01 1.428571428571428492e-01
1.522327469553450552e-01 1.428571428571428492e-01
1.522327469553450552e-01 1.442112389979688658e-01
1.535859269282814632e-01 1.442112389979688658e-01
1.542625169147496533e-01 1.442112389979688658e-01
1.542625169147496533e-01 1.455653351387948546e-01
1.549391069012178712e-01 1.455653351387948546e-01
1.549391069012178712e-01 1.462423832092078491e-01
1.556156968876860613e-01 1.462423832092078491e-01
1.556156968876860613e-01 1.496276235612728489e-01
1.603518267929634755e-01 1.496276235612728489e-01
1.603518267929634755e-01 1.503046716316858433e-01
1.610284167794316657e-01 1.503046716316858433e-01
1.610284167794316657e-01 1.530128639133378488e-01
1.623815967523680737e-01 1.530128639133378488e-01
1.623815967523680737e-01 1.536899119837508432e-01
1.637347767253044539e-01 1.536899119837508432e-01
1.650879566982408619e-01 1.536899119837508432e-01
1.650879566982408619e-01 1.550440081245768320e-01
1.657645466847090798e-01 1.550440081245768320e-01
1.657645466847090798e-01 1.557210561949898542e-01
1.664411366711772700e-01 1.557210561949898542e-01
1.664411366711772700e-01 1.570751523358158430e-01
1.677943166441136780e-01 1.570751523358158430e-01
1.677943166441136780e-01 1.577522004062288374e-01
1.684709066305818681e-01 1.577522004062288374e-01
1.684709066305818681e-01 1.584292484766418319e-01
1.698240866035182761e-01 1.584292484766418319e-01
1.698240866035182761e-01 1.597833446174678484e-01
1.705006765899864662e-01 1.597833446174678484e-01
1.718538565629228743e-01 1.597833446174678484e-01
1.718538565629228743e-01 1.604603926878808429e-01
1.732070365358592823e-01 1.604603926878808429e-01
1.732070365358592823e-01 1.618144888287068317e-01
1.738836265223274724e-01 1.618144888287068317e-01
1.738836265223274724e-01 1.645226811103588371e-01
1.759133964817320706e-01 1.645226811103588371e-01
1.759133964817320706e-01 1.658767772511848260e-01
1.765899864682002607e-01 1.658767772511848260e-01
1.765899864682002607e-01 1.672308733920108426e-01
1.772665764546684786e-01 1.672308733920108426e-01
1.772665764546684786e-01 1.679079214624238370e-01
1.786197564276048588e-01 1.679079214624238370e-01
1.786197564276048588e-01 1.685849695328368314e-01
1.799729364005412668e-01 1.685849695328368314e-01
1.799729364005412668e-01 1.692620176032498258e-01
1.813261163734776749e-01 1.692620176032498258e-01
1.813261163734776749e-01 1.719702098849018312e-01
1.826792963464140829e-01 1.719702098849018312e-01
1.826792963464140829e-01 1.726472579553148257e-01
1.833558863328822730e-01 1.726472579553148257e-01
1.833558863328822730e-01 1.753554502369668311e-01
1.840324763193504631e-01 1.753554502369668311e-01
1.840324763193504631e-01 1.767095463777928199e-01
1.847090663058186810e-01 1.767095463777928199e-01
1.847090663058186810e-01 1.773865944482058143e-01
1.853856562922868711e-01 1.773865944482058143e-01
1.853856562922868711e-01 1.787406905890318309e-01
1.860622462787550613e-01 1.787406905890318309e-01
1.860622462787550613e-01 1.814488828706838086e-01
1.880920162381596872e-01 1.814488828706838086e-01
1.880920162381596872e-01 1.828029790115098252e-01
1.894451962110960674e-01 1.828029790115098252e-01
1.894451962110960674e-01 1.855111712931618029e-01
1.901217861975642853e-01 1.855111712931618029e-01
1.901217861975642853e-01 1.868652674339878195e-01
1.907983761840324755e-01 1.868652674339878195e-01
1.907983761840324755e-01 1.929587000677047970e-01
1.921515561569688835e-01 1.929587000677047970e-01
1.921515561569688835e-01 1.936357481381178192e-01
1.928281461434370736e-01 1.936357481381178192e-01
1.928281461434370736e-01 1.943127962085308136e-01
1.941813261163734816e-01 1.943127962085308136e-01
1.955345060893098896e-01 1.943127962085308136e-01
1.955345060893098896e-01 1.956668923493568024e-01
1.975642760487144878e-01 1.956668923493568024e-01
1.975642760487144878e-01 1.976980365605958134e-01
1.982408660351826779e-01 1.976980365605958134e-01
1.982408660351826779e-01 2.004062288422477911e-01
1.989174560216508680e-01 2.004062288422477911e-01
1.989174560216508680e-01 2.010832769126607855e-01
2.002706359945872761e-01 2.010832769126607855e-01
2.002706359945872761e-01 2.017603249830738077e-01
2.009472259810554939e-01 2.017603249830738077e-01
2.009472259810554939e-01 2.031144211238997965e-01
2.016238159675236841e-01 2.031144211238997965e-01
2.016238159675236841e-01 2.051455653351388075e-01
2.023004059539918742e-01 2.051455653351388075e-01
2.036535859269282822e-01 2.051455653351388075e-01
2.043301759133964723e-01 2.051455653351388075e-01
2.043301759133964723e-01 2.058226134055518020e-01
2.050067658998646902e-01 2.058226134055518020e-01
2.050067658998646902e-01 2.064996614759647964e-01
2.063599458728010705e-01 2.064996614759647964e-01
2.070365358592692884e-01 2.064996614759647964e-01
2.070365358592692884e-01 2.085308056872037796e-01
2.083897158322056964e-01 2.085308056872037796e-01
2.083897158322056964e-01 2.092078537576168018e-01
2.097428958051420766e-01 2.092078537576168018e-01
2.097428958051420766e-01 2.105619498984427906e-01
2.104194857916102945e-01 2.105619498984427906e-01
2.104194857916102945e-01 2.112389979688557851e-01
2.110960757780784847e-01 2.112389979688557851e-01
2.110960757780784847e-01 2.139471902505077905e-01
2.117726657645466748e-01 2.139471902505077905e-01
2.117726657645466748e-01 2.153012863913337793e-01
2.144790257104194908e-01 2.153012863913337793e-01
2.158322056833558988e-01 2.153012863913337793e-01
2.165087956698240890e-01 2.153012863913337793e-01
2.165087956698240890e-01 2.180094786729857848e-01
2.185385656292286871e-01 2.180094786729857848e-01
2.185385656292286871e-01 2.193635748138117736e-01
2.198917456021650951e-01 2.193635748138117736e-01
2.198917456021650951e-01 2.213947190250507846e-01
2.205683355886332853e-01 2.213947190250507846e-01
2.205683355886332853e-01 2.227488151658767734e-01
2.212449255751014754e-01 2.227488151658767734e-01
2.212449255751014754e-01 2.234258632362897679e-01
2.246278755074424816e-01 2.234258632362897679e-01
2.246278755074424816e-01 2.241029113067027623e-01
2.253044654939106994e-01 2.241029113067027623e-01
2.253044654939106994e-01 2.274881516587677621e-01
2.259810554803788896e-01 2.274881516587677621e-01
2.259810554803788896e-01 2.281651997291807843e-01
2.273342354533152976e-01 2.281651997291807843e-01
2.273342354533152976e-01 2.288422477995937787e-01
2.293640054127198957e-01 2.288422477995937787e-01
2.307171853856563037e-01 2.288422477995937787e-01
2.307171853856563037e-01 2.301963439404197675e-01
2.320703653585926840e-01 2.301963439404197675e-01
2.320703653585926840e-01 2.315504400812457564e-01
2.327469553450609019e-01 2.315504400812457564e-01
2.327469553450609019e-01 2.329045362220717730e-01
2.334235453315290920e-01 2.329045362220717730e-01
2.334235453315290920e-01 2.335815842924847674e-01
2.354533152909336902e-01 2.335815842924847674e-01
2.374830852503382883e-01 2.335815842924847674e-01
2.374830852503382883e-01 2.356127285037237507e-01
2.388362652232746963e-01 2.356127285037237507e-01
2.388362652232746963e-01 2.362897765741367728e-01
2.395128552097428865e-01 2.362897765741367728e-01
2.395128552097428865e-01 2.369668246445497672e-01
2.401894451962111043e-01 2.369668246445497672e-01
2.401894451962111043e-01 2.376438727149627617e-01
2.415426251691474846e-01 2.376438727149627617e-01
2.415426251691474846e-01 2.383209207853757561e-01
2.422192151556157025e-01 2.383209207853757561e-01
2.422192151556157025e-01 2.396750169262017727e-01
2.428958051420838926e-01 2.396750169262017727e-01
2.428958051420838926e-01 2.417061611374407559e-01
2.435723951285521105e-01 2.417061611374407559e-01
2.435723951285521105e-01 2.430602572782667448e-01
2.449255751014884908e-01 2.430602572782667448e-01
2.449255751014884908e-01 2.444143534190927614e-01
2.456021650879567086e-01 2.444143534190927614e-01
2.456021650879567086e-01 2.450914014895057558e-01
2.462787550744248988e-01 2.450914014895057558e-01
2.462787550744248988e-01 2.471225457007447390e-01
2.476319350473613068e-01 2.471225457007447390e-01
2.476319350473613068e-01 2.484766418415707556e-01
2.489851150202976870e-01 2.484766418415707556e-01
2.489851150202976870e-01 2.498307379823967445e-01
2.503382949932341228e-01 2.498307379823967445e-01
2.503382949932341228e-01 2.505077860528097666e-01
2.510148849797023130e-01 2.505077860528097666e-01
2.523680649526386932e-01 2.505077860528097666e-01
2.523680649526386932e-01 2.518618821936357555e-01
2.530446549391068833e-01 2.518618821936357555e-01
2.530446549391068833e-01 2.525389302640487221e-01
2.543978349120433191e-01 2.525389302640487221e-01
2.543978349120433191e-01 2.559241706161137220e-01
2.550744248985115092e-01 2.559241706161137220e-01
2.550744248985115092e-01 2.572782667569397663e-01
2.557510148849796994e-01 2.572782667569397663e-01
2.571041948579160796e-01 2.572782667569397663e-01
2.571041948579160796e-01 2.579553148273527330e-01
2.577807848443843253e-01 2.579553148273527330e-01
2.577807848443843253e-01 2.599864590385917440e-01
2.604871447902570858e-01 2.599864590385917440e-01
2.604871447902570858e-01 2.613405551794177328e-01
2.618403247631935216e-01 2.613405551794177328e-01
2.618403247631935216e-01 2.620176032498307550e-01
2.625169147496617117e-01 2.620176032498307550e-01
2.638700947225980920e-01 2.620176032498307550e-01
2.638700947225980920e-01 2.626946513202437217e-01
2.645466847090662821e-01 2.626946513202437217e-01
2.658998646820027179e-01 2.626946513202437217e-01
2.658998646820027179e-01 2.640487474610697105e-01
2.672530446549390981e-01 2.640487474610697105e-01
2.672530446549390981e-01 2.660798916723087215e-01
2.679296346414072882e-01 2.660798916723087215e-01
2.679296346414072882e-01 2.674339878131347104e-01
2.692828146143437240e-01 2.674339878131347104e-01
2.692828146143437240e-01 2.687880839539607547e-01
2.699594046008119141e-01 2.687880839539607547e-01
2.699594046008119141e-01 2.694651320243737214e-01
2.706359945872801043e-01 2.694651320243737214e-01
2.706359945872801043e-01 2.735274204468517434e-01
2.713125845737482944e-01 2.735274204468517434e-01
2.733423545331529203e-01 2.735274204468517434e-01
2.733423545331529203e-01 2.748815165876777322e-01
2.746955345060893006e-01 2.748815165876777322e-01
2.746955345060893006e-01 2.775897088693297099e-01
2.760487144790257363e-01 2.775897088693297099e-01
2.774018944519621166e-01 2.775897088693297099e-01
2.774018944519621166e-01 2.782667569397427321e-01
2.780784844384303067e-01 2.782667569397427321e-01
2.780784844384303067e-01 2.789438050101556987e-01
2.787550744248984969e-01 2.789438050101556987e-01
2.787550744248984969e-01 2.796208530805687209e-01
2.801082543978349326e-01 2.796208530805687209e-01
2.801082543978349326e-01 2.802979011509817431e-01
2.807848443843031228e-01 2.802979011509817431e-01
2.807848443843031228e-01 2.830060934326337208e-01
2.821380243572395030e-01 2.830060934326337208e-01
2.821380243572395030e-01 2.843601895734597096e-01
2.834912043301759388e-01 2.843601895734597096e-01
2.834912043301759388e-01 2.850372376438727318e-01
2.841677943166441289e-01 2.850372376438727318e-01
2.841677943166441289e-01 2.870683818551116873e-01
2.848443843031123190e-01 2.870683818551116873e-01
2.848443843031123190e-01 2.884224779959377316e-01
2.855209742895805092e-01 2.884224779959377316e-01
2.855209742895805092e-01 2.890995260663506983e-01
2.875507442489851351e-01 2.890995260663506983e-01
2.875507442489851351e-01 2.904536222071766871e-01
2.916102841677943314e-01 2.904536222071766871e-01
2.922868741542625215e-01 2.904536222071766871e-01
2.936400541271989018e-01 2.904536222071766871e-01
2.936400541271989018e-01 2.911306702775897093e-01
2.949932341001353375e-01 2.911306702775897093e-01
2.949932341001353375e-01 2.918077183480027315e-01
2.956698240866035277e-01 2.918077183480027315e-01
2.956698240866035277e-01 2.924847664184156981e-01
2.963464140730717178e-01 2.924847664184156981e-01
2.963464140730717178e-01 2.931618144888287203e-01
2.970230040595399079e-01 2.931618144888287203e-01
2.970230040595399079e-01 2.945159106296547091e-01
2.976995940460080980e-01 2.945159106296547091e-01
2.976995940460080980e-01 2.951929587000677313e-01
2.990527740189445338e-01 2.951929587000677313e-01
2.990527740189445338e-01 2.985781990521326756e-01
2.997293640054127239e-01 2.985781990521326756e-01
3.010825439783491042e-01 2.985781990521326756e-01
3.010825439783491042e-01 3.012863913337847088e-01
3.017591339648172943e-01 3.012863913337847088e-01
3.017591339648172943e-01 3.026404874746106977e-01
3.024357239512855400e-01 3.026404874746106977e-01
3.044654939106901104e-01 3.026404874746106977e-01
3.051420838971583005e-01 3.026404874746106977e-01
3.051420838971583005e-01 3.033175355450237198e-01
3.064952638700947363e-01 3.033175355450237198e-01
3.064952638700947363e-01 3.039945836154366865e-01
3.078484438430311165e-01 3.039945836154366865e-01
3.078484438430311165e-01 3.046716316858497087e-01
3.085250338294993067e-01 3.046716316858497087e-01
3.085250338294993067e-01 3.053486797562626753e-01
3.092016238159674968e-01 3.053486797562626753e-01
3.092016238159674968e-01 3.073798239675016863e-01
3.112313937753721227e-01 3.073798239675016863e-01
3.112313937753721227e-01 3.087339201083276752e-01
3.132611637347767486e-01 3.087339201083276752e-01
3.132611637347767486e-01 3.100880162491536640e-01
3.146143437077131289e-01 3.100880162491536640e-01
3.146143437077131289e-01 3.148273527420447082e-01
3.159675236806495091e-01 3.148273527420447082e-01
3.159675236806495091e-01 3.155044008124576749e-01
3.179972936400541350e-01 3.155044008124576749e-01
3.179972936400541350e-01 3.161814488828706970e-01
3.193504736129905153e-01 3.161814488828706970e-01
3.200270635994587054e-01 3.161814488828706970e-01
3.200270635994587054e-01 3.215978334461746524e-01
3.207036535859269510e-01 3.215978334461746524e-01
3.207036535859269510e-01 3.222748815165876746e-01
3.220568335588633313e-01 3.222748815165876746e-01
3.220568335588633313e-01 3.243060257278266856e-01
3.227334235453315214e-01 3.243060257278266856e-01
3.227334235453315214e-01 3.256601218686526744e-01
3.234100135317997116e-01 3.256601218686526744e-01
3.234100135317997116e-01 3.263371699390656966e-01
3.240866035182679572e-01 3.263371699390656966e-01
3.240866035182679572e-01 3.270142180094786633e-01
3.254397834912043375e-01 3.270142180094786633e-01
3.254397834912043375e-01 3.276912660798916854e-01
3.267929634641407177e-01 3.276912660798916854e-01
3.267929634641407177e-01 3.303994583615436631e-01
3.274695534506089079e-01 3.303994583615436631e-01
3.274695534506089079e-01 3.310765064319566853e-01
3.281461434370771535e-01 3.310765064319566853e-01
3.281461434370771535e-01 3.317535545023696519e-01
3.288227334235453436e-01 3.317535545023696519e-01
3.288227334235453436e-01 3.324306025727826741e-01
3.301759133964817239e-01 3.324306025727826741e-01
3.301759133964817239e-01 3.331076506431956408e-01
3.322056833558863498e-01 3.331076506431956408e-01
3.322056833558863498e-01 3.344617467840216851e-01
3.335588633288227300e-01 3.344617467840216851e-01
3.342354533152909202e-01 3.344617467840216851e-01
3.342354533152909202e-01 3.371699390656736628e-01
3.349120433017591103e-01 3.371699390656736628e-01
3.362652232746955461e-01 3.371699390656736628e-01
3.369418132611637362e-01 3.371699390656736628e-01
3.369418132611637362e-01 3.378469871360866850e-01
3.382949932341001165e-01 3.378469871360866850e-01
3.410013531799729325e-01 3.378469871360866850e-01
3.410013531799729325e-01 3.398781313473256405e-01
3.416779431664411226e-01 3.398781313473256405e-01
3.416779431664411226e-01 3.412322274881516848e-01
3.423545331529093128e-01 3.412322274881516848e-01
3.437077131258457485e-01 3.412322274881516848e-01
3.443843031123139387e-01 3.412322274881516848e-01
3.443843031123139387e-01 3.425863236289776736e-01
3.457374830852503189e-01 3.425863236289776736e-01
3.457374830852503189e-01 3.432633716993906403e-01
3.464140730717185646e-01 3.432633716993906403e-01
3.477672530446549448e-01 3.432633716993906403e-01
3.484438430311231349e-01 3.432633716993906403e-01
3.497970230040595152e-01 3.432633716993906403e-01
3.497970230040595152e-01 3.439404197698036625e-01
3.511502029769959510e-01 3.439404197698036625e-01
3.511502029769959510e-01 3.446174678402166291e-01
3.525033829499323312e-01 3.446174678402166291e-01
3.525033829499323312e-01 3.459715639810426735e-01
3.538565629228687670e-01 3.459715639810426735e-01
3.538565629228687670e-01 3.473256601218686623e-01
3.552097428958051473e-01 3.473256601218686623e-01
3.552097428958051473e-01 3.480027081922816290e-01
3.565629228687415275e-01 3.480027081922816290e-01
3.579161028416779633e-01 3.480027081922816290e-01
3.592692828146143436e-01 3.480027081922816290e-01
3.592692828146143436e-01 3.486797562626946512e-01
3.606224627875507238e-01 3.486797562626946512e-01
3.606224627875507238e-01 3.500338524035206400e-01
3.619756427604871596e-01 3.500338524035206400e-01
3.619756427604871596e-01 3.520649966147596510e-01
3.626522327469553497e-01 3.520649966147596510e-01
3.626522327469553497e-01 3.527420446851726732e-01
3.633288227334235398e-01 3.527420446851726732e-01
3.633288227334235398e-01 3.561272850372376175e-01
3.640054127198917300e-01 3.561272850372376175e-01
3.640054127198917300e-01 3.574813811780636619e-01
3.646820027063599201e-01 3.574813811780636619e-01
3.646820027063599201e-01 3.588354773188896507e-01
3.653585926928281657e-01 3.588354773188896507e-01
3.653585926928281657e-01 3.601895734597156395e-01
3.660351826792963559e-01 3.601895734597156395e-01
3.660351826792963559e-01 3.622207176709546506e-01
3.667117726657645460e-01 3.622207176709546506e-01
3.667117726657645460e-01 3.635748138117806394e-01
3.680649526387009263e-01 3.635748138117806394e-01
3.680649526387009263e-01 3.642518618821936616e-01
3.694181326116373620e-01 3.642518618821936616e-01
3.707713125845737423e-01 3.642518618821936616e-01
3.714479025710419324e-01 3.642518618821936616e-01
3.714479025710419324e-01 3.656059580230196504e-01
3.721244925575101226e-01 3.656059580230196504e-01
3.721244925575101226e-01 3.689911983750846503e-01
3.728010825439783682e-01 3.689911983750846503e-01
3.728010825439783682e-01 3.703452945159106391e-01
3.734776725304465583e-01 3.703452945159106391e-01
3.734776725304465583e-01 3.710223425863236058e-01
3.741542625169147485e-01 3.710223425863236058e-01
3.741542625169147485e-01 3.723764387271496501e-01
3.748308525033829386e-01 3.723764387271496501e-01
3.748308525033829386e-01 3.730534867975626168e-01
3.761840324763193744e-01 3.730534867975626168e-01
3.775372124492557546e-01 3.730534867975626168e-01
3.775372124492557546e-01 3.750846310088016278e-01
3.782138024357239448e-01 3.750846310088016278e-01
3.782138024357239448e-01 3.771157752200406388e-01
3.795669824086603250e-01 3.771157752200406388e-01
3.795669824086603250e-01 3.777928232904536054e-01
3.802435723951285707e-01 3.777928232904536054e-01
3.802435723951285707e-01 3.784698713608666276e-01
3.822733423545331410e-01 3.784698713608666276e-01
3.836265223274695768e-01 3.784698713608666276e-01
3.836265223274695768e-01 3.805010155721056386e-01
3.843031123139377669e-01 3.805010155721056386e-01
3.843031123139377669e-01 3.811780636425186053e-01
3.856562922868741472e-01 3.811780636425186053e-01
3.856562922868741472e-01 3.832092078537576163e-01
3.863328822733423373e-01 3.832092078537576163e-01
3.863328822733423373e-01 3.852403520649966273e-01
3.876860622462787731e-01 3.852403520649966273e-01
3.876860622462787731e-01 3.859174001354095940e-01
3.883626522327469632e-01 3.859174001354095940e-01
3.883626522327469632e-01 3.879485443466486050e-01
3.890392422192151534e-01 3.879485443466486050e-01
3.890392422192151534e-01 3.913337846987136048e-01
3.897158322056833435e-01 3.913337846987136048e-01
3.897158322056833435e-01 3.920108327691266270e-01
3.917456021650879694e-01 3.920108327691266270e-01
3.917456021650879694e-01 3.947190250507786047e-01
3.924221921515561595e-01 3.947190250507786047e-01
3.924221921515561595e-01 3.974272173324305824e-01
3.937753721244925398e-01 3.974272173324305824e-01
3.951285520974289756e-01 3.974272173324305824e-01
3.951285520974289756e-01 3.981042654028436045e-01
3.958051420838971657e-01 3.981042654028436045e-01
3.958051420838971657e-01 3.987813134732566267e-01
3.971583220568335459e-01 3.987813134732566267e-01
3.971583220568335459e-01 3.994583615436695934e-01
3.991880920162381718e-01 3.994583615436695934e-01
3.991880920162381718e-01 4.028436018957345932e-01
4.012178619756427422e-01 4.028436018957345932e-01
4.012178619756427422e-01 4.035206499661476154e-01
4.018944519621109879e-01 4.035206499661476154e-01
4.032476319350473681e-01 4.035206499661476154e-01
4.039242219215155583e-01 4.035206499661476154e-01
4.039242219215155583e-01 4.041976980365605820e-01
4.052774018944519385e-01 4.041976980365605820e-01
4.066305818673883743e-01 4.041976980365605820e-01
4.066305818673883743e-01 4.075829383886255819e-01
4.073071718538565644e-01 4.075829383886255819e-01
4.086603518267929447e-01 4.075829383886255819e-01
4.093369418132611903e-01 4.075829383886255819e-01
4.093369418132611903e-01 4.102911306702776151e-01
4.100135317997293805e-01 4.102911306702776151e-01
4.100135317997293805e-01 4.116452268111036039e-01
4.106901217861975706e-01 4.116452268111036039e-01
4.106901217861975706e-01 4.123222748815165706e-01
4.113667117726657607e-01 4.123222748815165706e-01
4.113667117726657607e-01 4.129993229519295928e-01
4.120433017591339508e-01 4.129993229519295928e-01
4.120433017591339508e-01 4.136763710223425594e-01
4.127198917456021410e-01 4.136763710223425594e-01
4.127198917456021410e-01 4.150304671631686038e-01
4.154262516914749570e-01 4.150304671631686038e-01
4.167794316644113928e-01 4.150304671631686038e-01
4.167794316644113928e-01 4.163845633039945926e-01
4.181326116373477730e-01 4.163845633039945926e-01
4.181326116373477730e-01 4.177386594448205814e-01
4.188092016238159632e-01 4.177386594448205814e-01
4.201623815967523434e-01 4.177386594448205814e-01
4.201623815967523434e-01 4.204468517264725591e-01
4.215155615696887792e-01 4.204468517264725591e-01
4.228687415426251595e-01 4.204468517264725591e-01
4.228687415426251595e-01 4.218009478672986035e-01
4.248985115020297854e-01 4.218009478672986035e-01
4.262516914749661656e-01 4.218009478672986035e-01
4.276048714479025459e-01 4.218009478672986035e-01
4.276048714479025459e-01 4.224779959377115701e-01
4.282814614343707915e-01 4.224779959377115701e-01
4.282814614343707915e-01 4.238320920785375590e-01
4.289580514208389816e-01 4.238320920785375590e-01
4.303112313937753619e-01 4.238320920785375590e-01
4.303112313937753619e-01 4.245091401489505811e-01
4.316644113667117977e-01 4.245091401489505811e-01
4.316644113667117977e-01 4.258632362897765700e-01
4.330175913396481779e-01 4.258632362897765700e-01
4.330175913396481779e-01 4.272173324306025588e-01
4.343707713125845582e-01 4.272173324306025588e-01
4.350473612990527483e-01 4.272173324306025588e-01
4.350473612990527483e-01 4.278943805010155810e-01
4.364005412719891841e-01 4.278943805010155810e-01
4.364005412719891841e-01 4.285714285714285476e-01
4.377537212449255644e-01 4.285714285714285476e-01
4.391069012178620001e-01 4.285714285714285476e-01
4.391069012178620001e-01 4.292484766418415698e-01
4.397834912043301903e-01 4.292484766418415698e-01
4.397834912043301903e-01 4.319566689234935475e-01
4.411366711772665705e-01 4.319566689234935475e-01
4.411366711772665705e-01 4.333107650643195918e-01
4.424898511502029508e-01 4.333107650643195918e-01
4.424898511502029508e-01 4.346648612051455807e-01
4.438430311231393866e-01 4.346648612051455807e-01
4.438430311231393866e-01 4.373730534867975583e-01
4.445196211096075767e-01 4.373730534867975583e-01
4.445196211096075767e-01 4.407582938388625582e-01
4.451962110960757668e-01 4.407582938388625582e-01
4.451962110960757668e-01 4.421123899796885470e-01
4.465493910690122026e-01 4.421123899796885470e-01
4.472259810554803927e-01 4.421123899796885470e-01
4.472259810554803927e-01 4.427894380501015692e-01
4.479025710419485828e-01 4.427894380501015692e-01
4.479025710419485828e-01 4.434664861205145359e-01
4.492557510148849631e-01 4.434664861205145359e-01
4.492557510148849631e-01 4.448205822613405802e-01
4.506089309878213989e-01 4.448205822613405802e-01
4.506089309878213989e-01 4.461746784021665690e-01
4.512855209742895890e-01 4.461746784021665690e-01
4.512855209742895890e-01 4.468517264725795357e-01
4.519621109607577791e-01 4.468517264725795357e-01
4.519621109607577791e-01 4.482058226134055245e-01
4.533152909336941594e-01 4.482058226134055245e-01
4.533152909336941594e-01 4.509140148950575577e-01
4.546684709066305952e-01 4.509140148950575577e-01
4.546684709066305952e-01 4.515910629654705244e-01
4.553450608930987853e-01 4.515910629654705244e-01
4.553450608930987853e-01 4.522681110358835466e-01
4.560216508795669754e-01 4.522681110358835466e-01
4.560216508795669754e-01 4.542992552471225576e-01
4.566982408660351656e-01 4.542992552471225576e-01
4.566982408660351656e-01 4.549763033175355242e-01
4.587280108254397915e-01 4.549763033175355242e-01
4.600811907983761717e-01 4.549763033175355242e-01
4.600811907983761717e-01 4.563303994583615686e-01
4.607577807848443618e-01 4.563303994583615686e-01
4.607577807848443618e-01 4.576844955991875574e-01
4.627875507442489877e-01 4.576844955991875574e-01
4.627875507442489877e-01 4.597156398104265129e-01
4.634641407307171779e-01 4.597156398104265129e-01
4.634641407307171779e-01 4.610697359512525573e-01
4.641407307171853680e-01 4.610697359512525573e-01
4.641407307171853680e-01 4.637779282329045349e-01
4.654939106901218038e-01 4.637779282329045349e-01
4.654939106901218038e-01 4.644549763033175571e-01
4.668470906630581840e-01 4.644549763033175571e-01
4.668470906630581840e-01 4.658090724441435460e-01
4.682002706359945643e-01 4.658090724441435460e-01
4.682002706359945643e-01 4.664861205145565126e-01
4.688768606224628099e-01 4.664861205145565126e-01
4.688768606224628099e-01 4.678402166553825570e-01
4.702300405953991902e-01 4.678402166553825570e-01
4.702300405953991902e-01 4.691943127962085458e-01
4.729364005412720062e-01 4.691943127962085458e-01
4.729364005412720062e-01 4.698713608666215125e-01
4.736129905277401964e-01 4.698713608666215125e-01
4.736129905277401964e-01 4.719025050778605235e-01
4.742895805142083865e-01 4.719025050778605235e-01
4.756427604871447667e-01 4.719025050778605235e-01
4.756427604871447667e-01 4.725795531482735456e-01
4.769959404600812025e-01 4.725795531482735456e-01
4.769959404600812025e-01 4.739336492890995345e-01
4.776725304465493926e-01 4.739336492890995345e-01
4.776725304465493926e-01 4.746106973595125011e-01
4.783491204330175828e-01 4.746106973595125011e-01
4.783491204330175828e-01 4.779959377115775010e-01
4.790257104194857729e-01 4.779959377115775010e-01
4.790257104194857729e-01 4.786729857819905232e-01
4.797023004059540185e-01 4.786729857819905232e-01
4.797023004059540185e-01 4.813811780636425008e-01
4.803788903924222087e-01 4.813811780636425008e-01
4.803788903924222087e-01 4.827352742044684897e-01
4.810554803788903988e-01 4.827352742044684897e-01
4.810554803788903988e-01 4.834123222748815119e-01
4.824086603518267791e-01 4.834123222748815119e-01
4.830852503382949692e-01 4.834123222748815119e-01
4.830852503382949692e-01 4.854434664861205229e-01
4.837618403247632148e-01 4.854434664861205229e-01
4.837618403247632148e-01 4.861205145565334895e-01
4.851150202976995951e-01 4.861205145565334895e-01
4.851150202976995951e-01 4.888287068381855227e-01
4.871447902571042210e-01 4.888287068381855227e-01
4.871447902571042210e-01 4.901828029790115115e-01
4.884979702300406013e-01 4.901828029790115115e-01
4.884979702300406013e-01 4.908598510494245337e-01
4.891745602165087914e-01 4.908598510494245337e-01
4.891745602165087914e-01 4.915368991198375004e-01
4.905277401894451716e-01 4.915368991198375004e-01
4.912043301759134173e-01 4.915368991198375004e-01
4.912043301759134173e-01 4.928909952606634892e-01
4.932341001353179877e-01 4.928909952606634892e-01
4.932341001353179877e-01 4.935680433310765114e-01
4.952638700947226136e-01 4.935680433310765114e-01
4.979702300405953741e-01 4.935680433310765114e-01
4.979702300405953741e-01 4.983073798239675001e-01
4.986468200270636197e-01 4.983073798239675001e-01
4.986468200270636197e-01 4.989844278943805223e-01
5.006765899864682456e-01 4.989844278943805223e-01
5.013531799729363803e-01 4.989844278943805223e-01
5.013531799729363803e-01 4.996614759647934889e-01
5.020297699594046259e-01 4.996614759647934889e-01
5.040595399188092518e-01 4.996614759647934889e-01
5.047361299052773864e-01 4.996614759647934889e-01
5.047361299052773864e-01 5.010155721056195333e-01
5.060893098782137667e-01 5.010155721056195333e-01
5.060893098782137667e-01 5.016926201760324444e-01
5.074424898511502580e-01 5.016926201760324444e-01
5.074424898511502580e-01 5.044008124576845331e-01
5.081190798376183926e-01 5.044008124576845331e-01
5.081190798376183926e-01 5.050778605280974443e-01
5.094722598105547728e-01 5.050778605280974443e-01
5.094722598105547728e-01 5.057549085985104664e-01
5.101488497970230185e-01 5.057549085985104664e-01
5.101488497970230185e-01 5.064319566689234886e-01
5.115020297699593987e-01 5.064319566689234886e-01
5.115020297699593987e-01 5.077860528097495330e-01
5.121786197564276444e-01 5.077860528097495330e-01
5.121786197564276444e-01 5.084631008801624441e-01
5.128552097428957790e-01 5.084631008801624441e-01
5.128552097428957790e-01 5.098171970209884885e-01
5.135317997293640246e-01 5.098171970209884885e-01
5.135317997293640246e-01 5.125253893026404661e-01
5.142083897158321593e-01 5.125253893026404661e-01
5.142083897158321593e-01 5.132024373730534883e-01
5.155615696887686505e-01 5.132024373730534883e-01
5.162381596752367852e-01 5.132024373730534883e-01
5.162381596752367852e-01 5.145565335138795326e-01
5.169147496617050308e-01 5.145565335138795326e-01
5.169147496617050308e-01 5.152335815842924438e-01
5.182679296346414111e-01 5.152335815842924438e-01
5.182679296346414111e-01 5.165876777251184881e-01
5.202976995940460370e-01 5.165876777251184881e-01
5.230040595399187975e-01 5.165876777251184881e-01
5.230040595399187975e-01 5.172647257955315103e-01
5.236806495263870431e-01 5.172647257955315103e-01
5.236806495263870431e-01 5.206499661475965102e-01
5.243572395128551777e-01 5.206499661475965102e-01
5.243572395128551777e-01 5.226811103588354657e-01
5.263870094722598036e-01 5.226811103588354657e-01
5.263870094722598036e-01 5.233581584292484878e-01
5.277401894451961839e-01 5.233581584292484878e-01
5.290933694181325642e-01 5.233581584292484878e-01
5.290933694181325642e-01 5.240352064996615100e-01
5.304465493910690554e-01 5.240352064996615100e-01
5.317997293640054357e-01 5.240352064996615100e-01
5.317997293640054357e-01 5.247122545700744212e-01
5.324763193504735703e-01 5.247122545700744212e-01
5.324763193504735703e-01 5.253893026404874433e-01
5.338294993234100616e-01 5.253893026404874433e-01
5.345060893098781962e-01 5.253893026404874433e-01
5.345060893098781962e-01 5.274204468517265099e-01
5.351826792963464419e-01 5.274204468517265099e-01
5.351826792963464419e-01 5.280974949221394210e-01
5.372124492557510678e-01 5.280974949221394210e-01
5.372124492557510678e-01 5.328368314150304652e-01
5.392422192151555826e-01 5.328368314150304652e-01
5.392422192151555826e-01 5.335138794854434874e-01
5.399188092016238283e-01 5.335138794854434874e-01
5.399188092016238283e-01 5.368991198375084872e-01
5.419485791610284542e-01 5.368991198375084872e-01
5.419485791610284542e-01 5.382532159783344206e-01
5.433017591339648344e-01 5.382532159783344206e-01
5.433017591339648344e-01 5.389302640487474427e-01
5.439783491204329691e-01 5.389302640487474427e-01
5.453315290933694603e-01 5.389302640487474427e-01
5.453315290933694603e-01 5.429925524712254647e-01
5.460081190798375950e-01 5.429925524712254647e-01
5.460081190798375950e-01 5.443466486120515091e-01
5.480378890392422209e-01 5.443466486120515091e-01
5.480378890392422209e-01 5.457007447528774424e-01
5.487144790257104665e-01 5.457007447528774424e-01
5.487144790257104665e-01 5.477318889641163979e-01
5.520974289580514727e-01 5.477318889641163979e-01
5.520974289580514727e-01 5.484089370345294201e-01
5.541271989174559875e-01 5.484089370345294201e-01
5.541271989174559875e-01 5.490859851049424423e-01
5.548037889039242332e-01 5.490859851049424423e-01
5.548037889039242332e-01 5.504400812457684866e-01
5.561569688768606134e-01 5.504400812457684866e-01
5.561569688768606134e-01 5.517941773865944199e-01
5.575101488497969937e-01 5.517941773865944199e-01
5.575101488497969937e-01 5.531482735274204643e-01
5.581867388362652393e-01 5.531482735274204643e-01
5.581867388362652393e-01 5.545023696682463976e-01
5.595399188092016196e-01 5.545023696682463976e-01
5.595399188092016196e-01 5.558564658090724420e-01
5.608930987821379999e-01 5.558564658090724420e-01
5.615696887686062455e-01 5.558564658090724420e-01
5.615696887686062455e-01 5.585646580907244196e-01
5.622462787550743801e-01 5.585646580907244196e-01
5.622462787550743801e-01 5.592417061611374418e-01
5.629228687415426258e-01 5.592417061611374418e-01
5.629228687415426258e-01 5.599187542315504640e-01
5.649526387009472517e-01 5.599187542315504640e-01
5.649526387009472517e-01 5.605958023019634862e-01
5.656292286874153863e-01 5.605958023019634862e-01
5.656292286874153863e-01 5.626269465132024417e-01
5.683355886332882578e-01 5.626269465132024417e-01
5.683355886332882578e-01 5.666892349356804637e-01
5.690121786197563925e-01 5.666892349356804637e-01
5.690121786197563925e-01 5.673662830060934859e-01
5.696887686062246381e-01 5.673662830060934859e-01
5.710419485791610184e-01 5.673662830060934859e-01
5.710419485791610184e-01 5.680433310765063970e-01
5.717185385656292640e-01 5.680433310765063970e-01
5.717185385656292640e-01 5.700744752877454635e-01
5.730717185385656443e-01 5.700744752877454635e-01
5.730717185385656443e-01 5.721056194989844190e-01
5.744248985115020245e-01 5.721056194989844190e-01
5.764546684709066504e-01 5.721056194989844190e-01
5.764546684709066504e-01 5.727826675693974412e-01
5.784844384303112763e-01 5.727826675693974412e-01
5.791610284167794109e-01 5.727826675693974412e-01
5.791610284167794109e-01 5.741367637102233745e-01
5.811907983761840368e-01 5.741367637102233745e-01
5.811907983761840368e-01 5.748138117806363967e-01
5.818673883626522825e-01 5.748138117806363967e-01
5.818673883626522825e-01 5.761679079214624410e-01
5.825439783491204171e-01 5.761679079214624410e-01
5.825439783491204171e-01 5.768449559918754632e-01
5.832205683355886627e-01 5.768449559918754632e-01
5.832205683355886627e-01 5.802301963439404631e-01
5.838971583220567974e-01 5.802301963439404631e-01
5.838971583220567974e-01 5.863236289776574406e-01
5.852503382949932886e-01 5.863236289776574406e-01
5.866035182679296689e-01 5.863236289776574406e-01
5.872801082543978035e-01 5.863236289776574406e-01
5.872801082543978035e-01 5.876777251184833739e-01
5.879566982408660492e-01 5.876777251184833739e-01
5.879566982408660492e-01 5.890318212593094183e-01
5.886332882273341838e-01 5.890318212593094183e-01
5.886332882273341838e-01 5.897088693297224404e-01
5.893098782138024294e-01 5.897088693297224404e-01
5.893098782138024294e-01 5.924170616113744181e-01
5.899864682002706751e-01 5.924170616113744181e-01
5.899864682002706751e-01 5.930941096817874403e-01
5.906630581867388097e-01 5.930941096817874403e-01
5.906630581867388097e-01 5.964793500338524401e-01
5.920162381596751899e-01 5.964793500338524401e-01
5.926928281461434356e-01 5.964793500338524401e-01
5.926928281461434356e-01 5.971563981042653513e-01
5.940460081190798158e-01 5.971563981042653513e-01
5.940460081190798158e-01 5.978334461746783735e-01
5.947225981055480615e-01 5.978334461746783735e-01
5.947225981055480615e-01 5.991875423155044178e-01
5.967523680649526874e-01 5.991875423155044178e-01
5.981055480378890676e-01 5.991875423155044178e-01
5.981055480378890676e-01 6.018957345971563955e-01
5.987821380243572023e-01 6.018957345971563955e-01
5.987821380243572023e-01 6.039268788083953510e-01
6.001353179972936935e-01 6.039268788083953510e-01
6.014884979702300738e-01 6.039268788083953510e-01
6.014884979702300738e-01 6.046039268788083731e-01
6.028416779431664541e-01 6.046039268788083731e-01
6.041948579161028343e-01 6.046039268788083731e-01
6.048714479025710800e-01 6.046039268788083731e-01
6.048714479025710800e-01 6.066350710900474397e-01
6.069012178619755948e-01 6.066350710900474397e-01
6.069012178619755948e-01 6.073121191604603508e-01
6.089309878213802207e-01 6.073121191604603508e-01
6.102841677943166010e-01 6.073121191604603508e-01
6.109607577807848466e-01 6.073121191604603508e-01
6.109607577807848466e-01 6.079891672308733730e-01
6.129905277401894725e-01 6.079891672308733730e-01
6.129905277401894725e-01 6.086662153012863952e-01
6.136671177266576072e-01 6.086662153012863952e-01
6.136671177266576072e-01 6.106973595125253507e-01
6.150202976995940984e-01 6.106973595125253507e-01
6.150202976995940984e-01 6.113744075829383728e-01
6.156968876860622331e-01 6.113744075829383728e-01
6.156968876860622331e-01 6.120514556533513950e-01
6.184032476319349936e-01 6.120514556533513950e-01
6.184032476319349936e-01 6.140825998645903505e-01
6.197564276048714849e-01 6.140825998645903505e-01
6.197564276048714849e-01 6.167907921462423282e-01
6.211096075778078651e-01 6.167907921462423282e-01
6.211096075778078651e-01 6.188219363574813947e-01
6.217861975642759997e-01 6.188219363574813947e-01
6.217861975642759997e-01 6.194989844278944169e-01
6.224627875507442454e-01 6.194989844278944169e-01
6.224627875507442454e-01 6.201760324983073280e-01
6.251691474966170059e-01 6.201760324983073280e-01
6.251691474966170059e-01 6.208530805687203502e-01
6.278755074424898774e-01 6.208530805687203502e-01
6.278755074424898774e-01 6.215301286391333724e-01
6.292286874154262577e-01 6.215301286391333724e-01
6.292286874154262577e-01 6.228842247799594167e-01
6.305818673883626380e-01 6.228842247799594167e-01
6.319350473612990182e-01 6.228842247799594167e-01
6.319350473612990182e-01 6.235612728503723279e-01
6.339648173207036441e-01 6.235612728503723279e-01
6.339648173207036441e-01 6.255924170616113944e-01
6.346414073071718898e-01 6.255924170616113944e-01
6.346414073071718898e-01 6.262694651320244166e-01
6.353179972936400244e-01 6.262694651320244166e-01
6.366711772665764046e-01 6.262694651320244166e-01
6.380243572395128959e-01 6.262694651320244166e-01
6.380243572395128959e-01 6.269465132024373277e-01
6.400541271989174108e-01 6.269465132024373277e-01
6.400541271989174108e-01 6.303317535545023276e-01
6.407307171853856564e-01 6.303317535545023276e-01
6.407307171853856564e-01 6.310088016249153497e-01
6.420838971583220367e-01 6.310088016249153497e-01
6.427604871447902823e-01 6.310088016249153497e-01
6.427604871447902823e-01 6.316858496953283719e-01
6.441136671177266626e-01 6.316858496953283719e-01
6.441136671177266626e-01 6.343940419769803496e-01
6.447902571041949082e-01 6.343940419769803496e-01
6.447902571041949082e-01 6.357481381178063939e-01
6.454668470906630429e-01 6.357481381178063939e-01
6.454668470906630429e-01 6.384563303994583716e-01
6.468200270635994231e-01 6.384563303994583716e-01
6.468200270635994231e-01 6.391333784698713938e-01
6.481732070365359144e-01 6.391333784698713938e-01
6.481732070365359144e-01 6.398104265402843049e-01
6.488497970230040490e-01 6.398104265402843049e-01
6.488497970230040490e-01 6.404874746106973271e-01
6.495263870094722947e-01 6.404874746106973271e-01
6.495263870094722947e-01 6.411645226811103493e-01
6.502029769959404293e-01 6.411645226811103493e-01
6.502029769959404293e-01 6.418415707515233715e-01
6.515561569688768095e-01 6.418415707515233715e-01
6.522327469553450552e-01 6.418415707515233715e-01
6.522327469553450552e-01 6.445497630331753491e-01
6.535859269282814354e-01 6.445497630331753491e-01
6.542625169147496811e-01 6.445497630331753491e-01
6.542625169147496811e-01 6.452268111035883713e-01
6.556156968876860613e-01 6.452268111035883713e-01
6.556156968876860613e-01 6.459038591740013935e-01
6.569688768606224416e-01 6.459038591740013935e-01
6.589986468200270675e-01 6.459038591740013935e-01
6.617050067658998280e-01 6.459038591740013935e-01
6.617050067658998280e-01 6.465809072444143046e-01
6.630581867388363193e-01 6.465809072444143046e-01
6.630581867388363193e-01 6.479350033852403490e-01
6.637347767253044539e-01 6.479350033852403490e-01
6.637347767253044539e-01 6.486120514556533712e-01
6.657645466847090798e-01 6.486120514556533712e-01
6.657645466847090798e-01 6.526743398781313932e-01
6.664411366711772144e-01 6.526743398781313932e-01
6.664411366711772144e-01 6.540284360189573265e-01
6.677943166441137057e-01 6.540284360189573265e-01
6.677943166441137057e-01 6.547054840893703487e-01
6.684709066305818403e-01 6.547054840893703487e-01
6.698240866035182206e-01 6.547054840893703487e-01
6.698240866035182206e-01 6.567366283006093042e-01
6.705006765899864662e-01 6.567366283006093042e-01
6.705006765899864662e-01 6.607989167230873262e-01
6.718538565629228465e-01 6.607989167230873262e-01
6.718538565629228465e-01 6.614759647935003484e-01
6.732070365358592268e-01 6.614759647935003484e-01
6.738836265223274724e-01 6.614759647935003484e-01
6.738836265223274724e-01 6.635071090047393039e-01
6.765899864682002329e-01 6.635071090047393039e-01
6.765899864682002329e-01 6.641841570751523260e-01
6.772665764546684786e-01 6.641841570751523260e-01
6.772665764546684786e-01 6.655382532159783704e-01
6.779431664411367242e-01 6.655382532159783704e-01
6.779431664411367242e-01 6.662153012863912815e-01
6.786197564276048588e-01 6.662153012863912815e-01
6.799729364005412391e-01 6.662153012863912815e-01
6.799729364005412391e-01 6.668923493568043037e-01
6.806495263870094847e-01 6.668923493568043037e-01
6.806495263870094847e-01 6.675693974272173259e-01
6.813261163734776193e-01 6.675693974272173259e-01
6.826792963464141106e-01 6.675693974272173259e-01
6.826792963464141106e-01 6.682464454976303481e-01
6.833558863328822452e-01 6.682464454976303481e-01
6.833558863328822452e-01 6.702775897088693036e-01
6.840324763193504909e-01 6.702775897088693036e-01
6.840324763193504909e-01 6.716316858496953479e-01
6.853856562922868711e-01 6.716316858496953479e-01
6.853856562922868711e-01 6.723087339201083701e-01
6.867388362652232514e-01 6.723087339201083701e-01
6.880920162381596317e-01 6.723087339201083701e-01
6.880920162381596317e-01 6.729857819905212812e-01
6.887686062246278773e-01 6.729857819905212812e-01
6.901217861975642576e-01 6.729857819905212812e-01
6.914749661705006378e-01 6.729857819905212812e-01
6.914749661705006378e-01 6.750169262017603478e-01
6.928281461434371291e-01 6.750169262017603478e-01
6.935047361299052637e-01 6.750169262017603478e-01
6.948579161028416440e-01 6.750169262017603478e-01
6.948579161028416440e-01 6.763710223425862811e-01
6.962110960757780243e-01 6.763710223425862811e-01
6.968876860622462699e-01 6.763710223425862811e-01
6.968876860622462699e-01 6.770480704129993033e-01
6.975642760487145155e-01 6.770480704129993033e-01
6.975642760487145155e-01 6.777251184834123254e-01
6.989174560216508958e-01 6.777251184834123254e-01
7.002706359945872761e-01 6.777251184834123254e-01
7.009472259810555217e-01 6.777251184834123254e-01
7.009472259810555217e-01 6.790792146242383698e-01
7.023004059539919020e-01 6.790792146242383698e-01
7.023004059539919020e-01 6.797562626946512809e-01
7.029769959404600366e-01 6.797562626946512809e-01
7.043301759133965279e-01 6.797562626946512809e-01
7.043301759133965279e-01 6.804333107650643031e-01
7.056833558863329081e-01 6.804333107650643031e-01
7.056833558863329081e-01 6.817874069058903475e-01
7.083897158322056686e-01 6.817874069058903475e-01
7.083897158322056686e-01 6.844955991875423251e-01
7.090663058186739143e-01 6.844955991875423251e-01
7.090663058186739143e-01 6.858496953283683695e-01
7.097428958051420489e-01 6.858496953283683695e-01
7.110960757780784292e-01 6.858496953283683695e-01
7.124492557510149204e-01 6.858496953283683695e-01
7.124492557510149204e-01 6.865267433987812806e-01
7.131258457374830551e-01 6.865267433987812806e-01
7.144790257104194353e-01 6.865267433987812806e-01
7.185385656292286871e-01 6.865267433987812806e-01
7.185385656292286871e-01 6.885578876100203471e-01
7.192151556156969328e-01 6.885578876100203471e-01
7.205683355886333130e-01 6.885578876100203471e-01
7.205683355886333130e-01 6.892349356804332583e-01
7.232746955345060735e-01 6.892349356804332583e-01
7.232746955345060735e-01 6.899119837508462805e-01
7.239512855209743192e-01 6.899119837508462805e-01
7.239512855209743192e-01 6.905890318212593026e-01
7.246278755074424538e-01 6.905890318212593026e-01
7.246278755074424538e-01 6.912660798916723248e-01
7.253044654939106994e-01 6.912660798916723248e-01
7.253044654939106994e-01 6.946513202437373247e-01
7.280108254397834600e-01 6.946513202437373247e-01
7.300405953991880859e-01 6.946513202437373247e-01
7.300405953991880859e-01 6.960054163845632580e-01
7.307171853856563315e-01 6.960054163845632580e-01
7.307171853856563315e-01 6.973595125253893023e-01
7.313937753721244661e-01 6.973595125253893023e-01
7.313937753721244661e-01 6.980365605958023245e-01
7.320703653585927118e-01 6.980365605958023245e-01
7.334235453315290920e-01 6.980365605958023245e-01
7.347767253044654723e-01 6.980365605958023245e-01
7.347767253044654723e-01 6.987136086662153467e-01
7.361299052774018525e-01 6.987136086662153467e-01
7.361299052774018525e-01 6.993906567366282578e-01
7.374830852503383438e-01 6.993906567366282578e-01
7.374830852503383438e-01 7.000677048070412800e-01
7.381596752368064784e-01 7.000677048070412800e-01
7.381596752368064784e-01 7.027758970886932577e-01
7.388362652232747241e-01 7.027758970886932577e-01
7.388362652232747241e-01 7.075152335815843019e-01
7.395128552097428587e-01 7.075152335815843019e-01
7.395128552097428587e-01 7.081922816519973241e-01
7.408660351826793500e-01 7.081922816519973241e-01
7.408660351826793500e-01 7.095463777928232574e-01
7.415426251691474846e-01 7.095463777928232574e-01
7.415426251691474846e-01 7.109004739336493017e-01
7.428958051420838649e-01 7.109004739336493017e-01
7.442489851150202451e-01 7.109004739336493017e-01
7.442489851150202451e-01 7.115775220040623239e-01
7.449255751014884908e-01 7.115775220040623239e-01
7.449255751014884908e-01 7.129316181448882572e-01
7.462787550744248710e-01 7.129316181448882572e-01
7.462787550744248710e-01 7.142857142857143016e-01
7.476319350473612513e-01 7.142857142857143016e-01
7.476319350473612513e-01 7.149627623561273237e-01
7.483085250338294969e-01 7.149627623561273237e-01
7.483085250338294969e-01 7.156398104265402349e-01
7.503382949932341228e-01 7.156398104265402349e-01
7.503382949932341228e-01 7.163168584969532571e-01
7.510148849797022574e-01 7.163168584969532571e-01
7.510148849797022574e-01 7.217332430602573234e-01
7.516914749661705031e-01 7.217332430602573234e-01
7.516914749661705031e-01 7.224102911306702346e-01
7.530446549391068833e-01 7.224102911306702346e-01
7.530446549391068833e-01 7.264725795531482566e-01
7.537212449255751290e-01 7.264725795531482566e-01
7.537212449255751290e-01 7.285037237643873231e-01
7.543978349120432636e-01 7.285037237643873231e-01
7.543978349120432636e-01 7.298578199052132565e-01
7.550744248985115092e-01 7.298578199052132565e-01
7.550744248985115092e-01 7.305348679756262786e-01
7.571041948579161351e-01 7.305348679756262786e-01
7.571041948579161351e-01 7.325660121868652341e-01
7.577807848443842698e-01 7.325660121868652341e-01
7.577807848443842698e-01 7.345971563981043007e-01
7.584573748308525154e-01 7.345971563981043007e-01
7.584573748308525154e-01 7.352742044685172118e-01
7.591339648173206500e-01 7.352742044685172118e-01
7.591339648173206500e-01 7.359512525389302340e-01
7.598105548037888957e-01 7.359512525389302340e-01
7.598105548037888957e-01 7.373053486797562783e-01
7.604871447902571413e-01 7.373053486797562783e-01
7.604871447902571413e-01 7.386594448205822117e-01
7.618403247631935216e-01 7.386594448205822117e-01
7.618403247631935216e-01 7.400135409614082560e-01
7.625169147496616562e-01 7.400135409614082560e-01
7.625169147496616562e-01 7.406905890318212782e-01
7.631935047361299018e-01 7.406905890318212782e-01
7.631935047361299018e-01 7.420446851726472115e-01
7.638700947225981475e-01 7.420446851726472115e-01
7.638700947225981475e-01 7.427217332430602337e-01
7.645466847090662821e-01 7.427217332430602337e-01
7.645466847090662821e-01 7.433987813134732558e-01
7.652232746955345277e-01 7.433987813134732558e-01
7.652232746955345277e-01 7.440758293838862780e-01
7.658998646820026623e-01 7.440758293838862780e-01
7.658998646820026623e-01 7.522004062288422110e-01
7.665764546684709080e-01 7.522004062288422110e-01
7.665764546684709080e-01 7.535545023696682554e-01
7.672530446549391536e-01 7.535545023696682554e-01
7.672530446549391536e-01 7.569397427217332552e-01
7.679296346414072882e-01 7.569397427217332552e-01
7.679296346414072882e-01 7.582938388625591886e-01
7.692828146143436685e-01 7.582938388625591886e-01
7.692828146143436685e-01 7.589708869329722107e-01
7.699594046008119141e-01 7.589708869329722107e-01
7.699594046008119141e-01 7.596479350033852329e-01
7.706359945872801598e-01 7.596479350033852329e-01
7.706359945872801598e-01 7.603249830737982551e-01
7.713125845737482944e-01 7.603249830737982551e-01
7.740189445196210549e-01 7.603249830737982551e-01
7.753721244925575462e-01 7.603249830737982551e-01
7.767253044654939265e-01 7.603249830737982551e-01
7.774018944519620611e-01 7.603249830737982551e-01
7.774018944519620611e-01 7.610020311442112773e-01
7.780784844384303067e-01 7.610020311442112773e-01
7.780784844384303067e-01 7.616790792146241884e-01
7.794316644113666870e-01 7.616790792146241884e-01
7.794316644113666870e-01 7.623561272850372106e-01
7.801082543978349326e-01 7.623561272850372106e-01
7.801082543978349326e-01 7.650643195666891883e-01
7.807848443843030672e-01 7.650643195666891883e-01
7.807848443843030672e-01 7.657413676371022104e-01
7.821380243572395585e-01 7.657413676371022104e-01
7.821380243572395585e-01 7.664184157075152326e-01
7.828146143437076931e-01 7.664184157075152326e-01
7.828146143437076931e-01 7.684495599187541881e-01
7.861975642760486993e-01 7.684495599187541881e-01
7.861975642760486993e-01 7.691266079891672103e-01
7.868741542625169449e-01 7.691266079891672103e-01
7.868741542625169449e-01 7.698036560595802325e-01
7.895805142083897055e-01 7.698036560595802325e-01
7.909336941813260857e-01 7.698036560595802325e-01
7.909336941813260857e-01 7.711577522004062768e-01
7.916102841677943314e-01 7.711577522004062768e-01
7.929634641407307116e-01 7.711577522004062768e-01
7.949932341001353375e-01 7.711577522004062768e-01
7.949932341001353375e-01 7.718348002708191880e-01
7.956698240866034721e-01 7.718348002708191880e-01
7.976995940460080980e-01 7.718348002708191880e-01
7.976995940460080980e-01 7.725118483412322101e-01
7.990527740189444783e-01 7.725118483412322101e-01
7.990527740189444783e-01 7.738659444820582545e-01
7.997293640054127239e-01 7.738659444820582545e-01
7.997293640054127239e-01 7.745429925524712766e-01
8.004059539918809696e-01 7.745429925524712766e-01
8.004059539918809696e-01 7.779282329045362765e-01
8.024357239512854845e-01 7.779282329045362765e-01
8.024357239512854845e-01 7.786052809749491876e-01
8.031123139377537301e-01 7.786052809749491876e-01
8.031123139377537301e-01 7.799593771157752320e-01
8.037889039242219757e-01 7.799593771157752320e-01
8.044654939106901104e-01 7.806364251861882542e-01
8.044654939106901104e-01 7.813134732566011653e-01
8.064952638700947363e-01 7.813134732566011653e-01
8.064952638700947363e-01 7.840216655382532540e-01
8.071718538565628709e-01 7.840216655382532540e-01
8.071718538565628709e-01 7.853757616790791873e-01
8.078484438430311165e-01 7.853757616790791873e-01
8.078484438430311165e-01 7.860528097494922095e-01
8.085250338294993622e-01 7.860528097494922095e-01
8.085250338294993622e-01 7.874069058903182539e-01
8.098782138024357424e-01 7.874069058903182539e-01
8.098782138024357424e-01 7.887610020311441872e-01
8.105548037889038770e-01 7.887610020311441872e-01
8.105548037889038770e-01 7.901150981719702315e-01
8.112313937753721227e-01 7.901150981719702315e-01
8.112313937753721227e-01 7.941773865944482536e-01
8.119079837618403683e-01 7.941773865944482536e-01
8.119079837618403683e-01 7.955314827352741869e-01
8.125845737483085029e-01 7.955314827352741869e-01
8.125845737483085029e-01 7.975626269465132534e-01
8.146143437077131289e-01 7.975626269465132534e-01
8.146143437077131289e-01 7.982396750169261646e-01
8.152909336941813745e-01 7.982396750169261646e-01
8.152909336941813745e-01 7.995937711577522089e-01
8.166441136671177548e-01 7.995937711577522089e-01
8.166441136671177548e-01 8.002708192281652311e-01
8.173207036535858894e-01 8.002708192281652311e-01
8.173207036535858894e-01 8.009478672985782532e-01
8.186738836265223807e-01 8.009478672985782532e-01
8.186738836265223807e-01 8.016249153689911644e-01
8.193504736129905153e-01 8.016249153689911644e-01
8.193504736129905153e-01 8.063642518618822086e-01
8.200270635994587609e-01 8.063642518618822086e-01
8.213802435723951412e-01 8.063642518618822086e-01
8.213802435723951412e-01 8.090724441435341863e-01
8.220568335588632758e-01 8.090724441435341863e-01
8.234100135317997671e-01 8.090724441435341863e-01
8.234100135317997671e-01 8.124576844955991861e-01
8.247631935047361473e-01 8.124576844955991861e-01
8.247631935047361473e-01 8.131347325660122083e-01
8.261163734776725276e-01 8.131347325660122083e-01
8.261163734776725276e-01 8.165199729180772081e-01
8.274695534506089079e-01 8.165199729180772081e-01
8.274695534506089079e-01 8.178740690589031415e-01
8.288227334235452881e-01 8.178740690589031415e-01
8.288227334235452881e-01 8.199052132701422080e-01
8.301759133964817794e-01 8.199052132701422080e-01
8.308525033829499140e-01 8.199052132701422080e-01
8.308525033829499140e-01 8.219363574813811635e-01
8.315290933694181597e-01 8.219363574813811635e-01
8.315290933694181597e-01 8.239675016926202300e-01
8.322056833558862943e-01 8.239675016926202300e-01
8.322056833558862943e-01 8.246445497630331412e-01
8.355886332882273004e-01 8.246445497630331412e-01
8.355886332882273004e-01 8.253215978334461633e-01
8.369418132611636807e-01 8.253215978334461633e-01
8.369418132611636807e-01 8.280297901150981410e-01
8.382949932341001720e-01 8.280297901150981410e-01
8.389715832205683066e-01 8.280297901150981410e-01
8.389715832205683066e-01 8.300609343263372075e-01
8.396481732070365522e-01 8.300609343263372075e-01
8.396481732070365522e-01 8.307379823967501187e-01
8.403247631935046869e-01 8.307379823967501187e-01
8.403247631935046869e-01 8.314150304671631408e-01
8.410013531799729325e-01 8.314150304671631408e-01
8.410013531799729325e-01 8.320920785375761630e-01
8.416779431664411781e-01 8.320920785375761630e-01
8.416779431664411781e-01 8.348002708192281407e-01
8.423545331529093128e-01 8.348002708192281407e-01
8.443843031123139387e-01 8.348002708192281407e-01
8.443843031123139387e-01 8.368314150304672072e-01
8.457374830852503189e-01 8.368314150304672072e-01
8.457374830852503189e-01 8.375084631008801184e-01
8.470906630581866992e-01 8.375084631008801184e-01
8.470906630581866992e-01 8.381855111712931405e-01
8.477672530446549448e-01 8.381855111712931405e-01
8.477672530446549448e-01 8.388625592417061627e-01
8.484438430311231905e-01 8.388625592417061627e-01
8.484438430311231905e-01 8.395396073121191849e-01
8.491204330175913251e-01 8.395396073121191849e-01
8.491204330175913251e-01 8.415707515233581404e-01
8.504736129905277053e-01 8.415707515233581404e-01
8.504736129905277053e-01 8.422477995937711626e-01
8.511502029769959510e-01 8.422477995937711626e-01
8.511502029769959510e-01 8.436018957345972069e-01
8.525033829499323312e-01 8.436018957345972069e-01
8.525033829499323312e-01 8.449559918754231402e-01
8.538565629228687115e-01 8.449559918754231402e-01
8.545331529093369571e-01 8.449559918754231402e-01
8.545331529093369571e-01 8.476641841570751179e-01
8.552097428958050918e-01 8.476641841570751179e-01
8.572395128552097177e-01 8.476641841570751179e-01
8.572395128552097177e-01 8.490182802979011623e-01
8.579161028416779633e-01 8.490182802979011623e-01
8.579161028416779633e-01 8.496953283683141844e-01
8.592692828146143436e-01 8.496953283683141844e-01
8.592692828146143436e-01 8.503723764387270956e-01
8.599458728010825892e-01 8.503723764387270956e-01
8.599458728010825892e-01 8.530805687203791843e-01
8.612990527740189695e-01 8.530805687203791843e-01
8.646820027063599756e-01 8.530805687203791843e-01
8.646820027063599756e-01 8.551117129316181398e-01
8.653585926928281102e-01 8.551117129316181398e-01
8.653585926928281102e-01 8.578199052132701175e-01
8.660351826792963559e-01 8.578199052132701175e-01
8.660351826792963559e-01 8.584969532836831396e-01
8.673883626522327361e-01 8.584969532836831396e-01
8.673883626522327361e-01 8.598510494245091840e-01
8.680649526387009818e-01 8.598510494245091840e-01
8.680649526387009818e-01 8.605280974949220951e-01
8.700947225981054967e-01 8.605280974949220951e-01
8.700947225981054967e-01 8.612051455653351173e-01
8.714479025710419879e-01 8.612051455653351173e-01
8.714479025710419879e-01 8.645903859174001171e-01
8.741542625169147485e-01 8.645903859174001171e-01
8.741542625169147485e-01 8.652674339878131393e-01
8.755074424898511287e-01 8.652674339878131393e-01
8.755074424898511287e-01 8.659444820582261615e-01
8.761840324763193744e-01 8.659444820582261615e-01
8.761840324763193744e-01 8.733920108327690723e-01
8.775372124492557546e-01 8.733920108327690723e-01
8.775372124492557546e-01 8.747461069735951167e-01
8.782138024357240003e-01 8.747461069735951167e-01
8.809201623815967608e-01 8.747461069735951167e-01
8.809201623815967608e-01 8.761002031144211610e-01
8.815967523680650064e-01 8.761002031144211610e-01
8.815967523680650064e-01 8.767772511848340722e-01
8.829499323410013867e-01 8.767772511848340722e-01
8.829499323410013867e-01 8.781313473256601165e-01
8.843031123139377669e-01 8.781313473256601165e-01
8.843031123139377669e-01 8.794854434664861609e-01
8.849797023004059016e-01 8.794854434664861609e-01
8.849797023004059016e-01 8.815165876777251164e-01
8.856562922868741472e-01 8.815165876777251164e-01
8.856562922868741472e-01 8.821936357481381386e-01
8.863328822733423928e-01 8.821936357481381386e-01
8.863328822733423928e-01 8.862559241706161606e-01
8.870094722598105275e-01 8.862559241706161606e-01
8.870094722598105275e-01 8.869329722410290717e-01
8.876860622462787731e-01 8.869329722410290717e-01
8.876860622462787731e-01 8.889641164522681382e-01
8.883626522327469077e-01 8.889641164522681382e-01
8.883626522327469077e-01 8.896411645226811604e-01
8.890392422192151534e-01 8.896411645226811604e-01
8.890392422192151534e-01 8.909952606635070937e-01
8.903924221921515336e-01 8.909952606635070937e-01
8.903924221921515336e-01 8.916723087339201159e-01
8.917456021650879139e-01 8.916723087339201159e-01
8.917456021650879139e-01 8.923493568043331381e-01
8.937753721244925398e-01 8.923493568043331381e-01
8.937753721244925398e-01 8.943805010155720936e-01
8.951285520974289200e-01 8.943805010155720936e-01
8.951285520974289200e-01 8.964116452268110491e-01
8.964817320703654113e-01 8.964116452268110491e-01
8.964817320703654113e-01 8.977657413676370934e-01
8.971583220568335459e-01 8.977657413676370934e-01
8.985115020297699262e-01 8.977657413676370934e-01
8.985115020297699262e-01 8.984427894380501156e-01
8.998646820027063065e-01 8.984427894380501156e-01
8.998646820027063065e-01 8.991198375084631378e-01
9.005412719891745521e-01 8.991198375084631378e-01
9.005412719891745521e-01 8.997968855788760489e-01
9.012178619756427977e-01 8.997968855788760489e-01
9.012178619756427977e-01 9.011509817197020933e-01
9.032476319350473126e-01 9.011509817197020933e-01
9.039242219215155583e-01 9.011509817197020933e-01
9.039242219215155583e-01 9.018280297901151155e-01
9.052774018944519385e-01 9.018280297901151155e-01
9.052774018944519385e-01 9.025050778605281376e-01
9.066305818673883188e-01 9.025050778605281376e-01
9.086603518267929447e-01 9.025050778605281376e-01
9.086603518267929447e-01 9.038591740013540710e-01
9.093369418132611903e-01 9.038591740013540710e-01
9.093369418132611903e-01 9.072444143534190708e-01
9.100135317997293249e-01 9.072444143534190708e-01
9.100135317997293249e-01 9.092755585646581373e-01
9.106901217861975706e-01 9.092755585646581373e-01
9.106901217861975706e-01 9.099526066350710485e-01
9.120433017591339508e-01 9.099526066350710485e-01
9.120433017591339508e-01 9.106296547054840707e-01
9.140730717185385767e-01 9.106296547054840707e-01
9.140730717185385767e-01 9.133378469871360483e-01
9.147496617050067114e-01 9.133378469871360483e-01
9.147496617050067114e-01 9.146919431279620927e-01
9.167794316644113373e-01 9.146919431279620927e-01
9.174560216508795829e-01 9.146919431279620927e-01
9.174560216508795829e-01 9.153689911983751148e-01
9.181326116373477175e-01 9.153689911983751148e-01
9.181326116373477175e-01 9.160460392687881370e-01
9.194857916102842088e-01 9.160460392687881370e-01
9.194857916102842088e-01 9.187542315504401147e-01
9.215155615696887237e-01 9.187542315504401147e-01
9.215155615696887237e-01 9.194312796208530258e-01
9.221921515561569693e-01 9.194312796208530258e-01
9.221921515561569693e-01 9.201083276912660480e-01
9.235453315290933496e-01 9.201083276912660480e-01
9.235453315290933496e-01 9.207853757616790702e-01
9.242219215155615952e-01 9.207853757616790702e-01
9.242219215155615952e-01 9.228165199729180257e-01
9.269282814614343557e-01 9.228165199729180257e-01
9.269282814614343557e-01 9.234935680433310479e-01
9.276048714479026014e-01 9.234935680433310479e-01
9.276048714479026014e-01 9.255247122545701144e-01
9.296346414073072273e-01 9.255247122545701144e-01
9.296346414073072273e-01 9.262017603249830255e-01
9.309878213802436075e-01 9.262017603249830255e-01
9.309878213802436075e-01 9.275558564658090699e-01
9.357239512855209940e-01 9.275558564658090699e-01
9.357239512855209940e-01 9.289099526066351142e-01
9.370771312584573742e-01 9.289099526066351142e-01
9.370771312584573742e-01 9.302640487474610476e-01
9.384303112313937545e-01 9.302640487474610476e-01
9.384303112313937545e-01 9.309410968178740697e-01
9.397834912043301347e-01 9.309410968178740697e-01
9.397834912043301347e-01 9.322951929587001141e-01
9.404600811907983804e-01 9.322951929587001141e-01
9.404600811907983804e-01 9.329722410291130252e-01
9.418132611637347607e-01 9.329722410291130252e-01
9.424898511502030063e-01 9.329722410291130252e-01
9.424898511502030063e-01 9.336492890995260474e-01
9.438430311231393866e-01 9.336492890995260474e-01
9.451962110960757668e-01 9.336492890995260474e-01
9.451962110960757668e-01 9.350033852403520918e-01
9.458728010825440125e-01 9.350033852403520918e-01
9.472259810554803927e-01 9.350033852403520918e-01
9.485791610284167730e-01 9.350033852403520918e-01
9.485791610284167730e-01 9.404197698036560471e-01
9.506089309878213989e-01 9.404197698036560471e-01
9.506089309878213989e-01 9.417738659444820915e-01
9.519621109607577791e-01 9.417738659444820915e-01
9.519621109607577791e-01 9.438050101557210469e-01
9.533152909336941594e-01 9.438050101557210469e-01
9.539918809201624050e-01 9.438050101557210469e-01
9.539918809201624050e-01 9.444820582261340691e-01
9.546684709066305397e-01 9.444820582261340691e-01
9.546684709066305397e-01 9.451591062965470913e-01
9.553450608930987853e-01 9.451591062965470913e-01
9.553450608930987853e-01 9.458361543669600024e-01
9.560216508795670309e-01 9.458361543669600024e-01
9.560216508795670309e-01 9.492213947190250023e-01
9.566982408660351656e-01 9.492213947190250023e-01
9.566982408660351656e-01 9.512525389302640688e-01
9.573748308525034112e-01 9.512525389302640688e-01
9.573748308525034112e-01 9.553148273527420908e-01
9.580514208389715458e-01 9.553148273527420908e-01
9.580514208389715458e-01 9.559918754231550020e-01
9.594046008119080371e-01 9.559918754231550020e-01
9.594046008119080371e-01 9.580230196343940685e-01
9.607577807848444174e-01 9.580230196343940685e-01
9.607577807848444174e-01 9.587000677048070907e-01
9.621109607577807976e-01 9.587000677048070907e-01
9.621109607577807976e-01 9.593771157752200018e-01
9.627875507442489322e-01 9.593771157752200018e-01
9.641407307171854235e-01 9.593771157752200018e-01
9.654939106901218038e-01 9.593771157752200018e-01
9.654939106901218038e-01 9.600541638456330240e-01
9.661705006765899384e-01 9.600541638456330240e-01
9.661705006765899384e-01 9.614082599864590684e-01
9.668470906630581840e-01 9.614082599864590684e-01
9.668470906630581840e-01 9.627623561272850017e-01
9.675236806495264297e-01 9.627623561272850017e-01
9.675236806495264297e-01 9.647935003385240682e-01
9.688768606224628099e-01 9.647935003385240682e-01
9.688768606224628099e-01 9.688557887610019792e-01
9.695534506089309446e-01 9.688557887610019792e-01
9.695534506089309446e-01 9.702098849018280236e-01
9.702300405953991902e-01 9.702098849018280236e-01
9.702300405953991902e-01 9.708869329722410457e-01
9.709066305818674358e-01 9.708869329722410457e-01
9.709066305818674358e-01 9.715639810426540679e-01
9.715832205683355705e-01 9.715639810426540679e-01
9.715832205683355705e-01 9.742721733243060456e-01
9.722598105548038161e-01 9.742721733243060456e-01
9.722598105548038161e-01 9.756262694651319789e-01
9.729364005412719507e-01 9.756262694651319789e-01
9.729364005412719507e-01 9.763033175355450011e-01
9.742895805142084420e-01 9.763033175355450011e-01
9.742895805142084420e-01 9.803656059580230231e-01
9.749661705006765766e-01 9.803656059580230231e-01
9.749661705006765766e-01 9.817197020988490674e-01
9.756427604871448223e-01 9.817197020988490674e-01
9.756427604871448223e-01 9.823967501692619786e-01
9.763193504736129569e-01 9.823967501692619786e-01
9.763193504736129569e-01 9.837508463100880229e-01
9.769959404600812025e-01 9.837508463100880229e-01
9.769959404600812025e-01 9.844278943805010451e-01
9.783491204330175828e-01 9.844278943805010451e-01
9.783491204330175828e-01 9.871360866621530228e-01
9.790257104194858284e-01 9.871360866621530228e-01
9.790257104194858284e-01 9.878131347325660450e-01
9.797023004059539630e-01 9.878131347325660450e-01
9.797023004059539630e-01 9.884901828029789561e-01
9.810554803788903433e-01 9.884901828029789561e-01
9.824086603518268346e-01 9.884901828029789561e-01
9.824086603518268346e-01 9.898442789438050005e-01
9.837618403247632148e-01 9.898442789438050005e-01
9.844384303112313495e-01 9.898442789438050005e-01
9.844384303112313495e-01 9.905213270142180226e-01
9.878213802435723556e-01 9.905213270142180226e-01
9.878213802435723556e-01 9.932295192958700003e-01
9.891745602165088469e-01 9.932295192958700003e-01
9.891745602165088469e-01 9.939065673662830225e-01
9.905277401894452272e-01 9.939065673662830225e-01
9.912043301759133618e-01 9.939065673662830225e-01
9.912043301759133618e-01 9.945836154366960447e-01
9.918809201623816074e-01 9.945836154366960447e-01
9.918809201623816074e-01 9.959377115775219780e-01
9.925575101488497420e-01 9.959377115775219780e-01
9.925575101488497420e-01 9.972918077183480223e-01
9.945872801082543679e-01 9.972918077183480223e-01
9.952638700947226136e-01 9.972918077183480223e-01
9.952638700947226136e-01 9.993229519295869778e-01
9.986468200270636197e-01 9.993229519295869778e-01
9.986468200270636197e-01 1.000000000000000000e+00
1.000000000000000000e+00 1.000000000000000000e+00
