0.000000000000000000e+00 0.000000000000000000e+00
0.000000000000000000e+00 6.770480704129992972e-04
0.000000000000000000e+00 1.272850372376438666e-01
6.765899864682003214e-04 1.272850372376438666e-01
6.765899864682003214e-04 1.983750846310088078e-01
1.353179972936400643e-03 1.983750846310088078e-01
1.353179972936400643e-03 2.037914691943127909e-01
2.029769959404600747e-03 2.037914691943127909e-01
2.029769959404600747e-03 2.132701421800947961e-01
2.706359945872801286e-03 2.132701421800947961e-01
2.706359945872801286e-03 2.180094786729857848e-01
3.382949932341001390e-03 2.180094786729857848e-01
3.382949932341001390e-03 2.247799593771157844e-01
4.059539918809201495e-03 2.247799593771157844e-01
4.059539918809201495e-03 2.268111035883547677e-01
5.412719891745602571e-03 2.268111035883547677e-01
5.412719891745602571e-03 2.301963439404197675e-01
6.089309878213802242e-03 2.301963439404197675e-01
6.089309878213802242e-03 2.362897765741367728e-01
7.442489851150203319e-03 2.362897765741367728e-01
7.442489851150203319e-03 2.511848341232227333e-01
8.119079837618402989e-03 2.511848341232227333e-01
1.082543978349120514e-02 2.511848341232227333e-01
1.082543978349120514e-02 2.667569397427217437e-01
1.150202976995940395e-02 2.667569397427217437e-01
1.150202976995940395e-02 2.681110358835477325e-01
1.217861975642760448e-02 2.681110358835477325e-01
1.217861975642760448e-02 2.782667569397427321e-01
1.285520974289580502e-02 2.782667569397427321e-01
1.285520974289580502e-02 2.884224779959377316e-01
1.353179972936400556e-02 2.884224779959377316e-01
1.353179972936400556e-02 2.945159106296547091e-01
1.420838971583220610e-02 2.945159106296547091e-01
1.420838971583220610e-02 2.965470548408937201e-01
1.556156968876860544e-02 2.965470548408937201e-01
1.556156968876860544e-02 2.985781990521326756e-01
1.623815967523680598e-02 2.985781990521326756e-01
1.759133964817320706e-02 2.985781990521326756e-01
1.759133964817320706e-02 2.992552471225456978e-01
1.826792963464140759e-02 2.992552471225456978e-01
1.826792963464140759e-02 3.033175355450237198e-01
1.894451962110960813e-02 3.033175355450237198e-01
1.894451962110960813e-02 3.053486797562626753e-01
1.962110960757780867e-02 3.053486797562626753e-01
1.962110960757780867e-02 3.087339201083276752e-01
2.097428958051420975e-02 3.087339201083276752e-01
2.097428958051420975e-02 3.100880162491536640e-01
2.165087956698241028e-02 3.100880162491536640e-01
2.300405953991880789e-02 3.100880162491536640e-01
2.300405953991880789e-02 3.121191604603926750e-01
2.368064952638700843e-02 3.121191604603926750e-01
2.368064952638700843e-02 3.127962085308056972e-01
2.435723951285520897e-02 3.127962085308056972e-01
2.435723951285520897e-02 3.148273527420447082e-01
2.503382949932340951e-02 3.148273527420447082e-01
2.503382949932340951e-02 3.215978334461746524e-01
2.571041948579161004e-02 3.215978334461746524e-01
2.571041948579161004e-02 3.229519295870006967e-01
2.638700947225981058e-02 3.229519295870006967e-01
2.638700947225981058e-02 3.303994583615436631e-01
2.706359945872801112e-02 3.303994583615436631e-01
2.706359945872801112e-02 3.317535545023696519e-01
2.841677943166441220e-02 3.317535545023696519e-01
2.841677943166441220e-02 3.324306025727826741e-01
2.909336941813261274e-02 3.324306025727826741e-01
2.909336941813261274e-02 3.358158429248476740e-01
3.044654939106901381e-02 3.358158429248476740e-01
3.044654939106901381e-02 3.378469871360866850e-01
3.112313937753721088e-02 3.378469871360866850e-01
3.112313937753721088e-02 3.452945159106296513e-01
3.247631935047361196e-02 3.452945159106296513e-01
3.247631935047361196e-02 3.473256601218686623e-01
3.315290933694181597e-02 3.473256601218686623e-01
3.315290933694181597e-02 3.513879485443466288e-01
3.382949932341001303e-02 3.513879485443466288e-01
3.382949932341001303e-02 3.554502369668246509e-01
3.653585926928281519e-02 3.554502369668246509e-01
3.653585926928281519e-02 3.581584292484766285e-01
3.721244925575101226e-02 3.581584292484766285e-01
3.721244925575101226e-02 3.595125253893026174e-01
3.788903924221921626e-02 3.595125253893026174e-01
3.788903924221921626e-02 3.642518618821936616e-01
3.924221921515561734e-02 3.642518618821936616e-01
3.924221921515561734e-02 3.649289099526066282e-01
3.991880920162381441e-02 3.649289099526066282e-01
3.991880920162381441e-02 3.662830060934326171e-01
4.127198917456021549e-02 3.662830060934326171e-01
4.194857916102841949e-02 3.662830060934326171e-01
4.194857916102841949e-02 3.683141503046716281e-01
4.262516914749661656e-02 3.683141503046716281e-01
4.262516914749661656e-02 3.710223425863236058e-01
4.397834912043301764e-02 3.710223425863236058e-01
4.465493910690121471e-02 3.710223425863236058e-01
4.465493910690121471e-02 3.716993906567366279e-01
4.600811907983761578e-02 3.716993906567366279e-01
4.600811907983761578e-02 3.744075829383886056e-01
4.668470906630581979e-02 3.744075829383886056e-01
4.668470906630581979e-02 3.750846310088016278e-01
4.939106901217862194e-02 3.750846310088016278e-01
4.939106901217862194e-02 3.771157752200406388e-01
5.006765899864681901e-02 3.771157752200406388e-01
5.006765899864681901e-02 3.777928232904536054e-01
5.142083897158322009e-02 3.777928232904536054e-01
5.142083897158322009e-02 3.784698713608666276e-01
5.345060893098781823e-02 3.784698713608666276e-01
5.412719891745602224e-02 3.784698713608666276e-01
5.412719891745602224e-02 3.811780636425186053e-01
5.480378890392421931e-02 3.811780636425186053e-01
5.480378890392421931e-02 3.838862559241706385e-01
5.615696887686062039e-02 3.838862559241706385e-01
5.615696887686062039e-02 3.872714962762356383e-01
5.751014884979702146e-02 3.872714962762356383e-01
5.751014884979702146e-02 3.879485443466486050e-01
5.818673883626522547e-02 3.879485443466486050e-01
5.818673883626522547e-02 3.913337846987136048e-01
5.886332882273342254e-02 3.913337846987136048e-01
5.886332882273342254e-02 3.920108327691266270e-01
6.021650879566982362e-02 3.920108327691266270e-01
6.021650879566982362e-02 3.940419769803655825e-01
6.156968876860622469e-02 3.940419769803655825e-01
6.156968876860622469e-02 4.001354096140826155e-01
6.224627875507442176e-02 4.001354096140826155e-01
6.224627875507442176e-02 4.014895057549086044e-01
6.292286874154262577e-02 4.014895057549086044e-01
6.292286874154262577e-02 4.028436018957345932e-01
6.359945872801082978e-02 4.028436018957345932e-01
6.359945872801082978e-02 4.035206499661476154e-01
6.495263870094722392e-02 4.035206499661476154e-01
6.495263870094722392e-02 4.041976980365605820e-01
6.562922868741542792e-02 4.041976980365605820e-01
6.562922868741542792e-02 4.055517941773865709e-01
6.765899864682002607e-02 4.055517941773865709e-01
6.765899864682002607e-02 4.062288422477995931e-01
6.833558863328823008e-02 4.062288422477995931e-01
6.833558863328823008e-02 4.075829383886255819e-01
6.901217861975643408e-02 4.075829383886255819e-01
6.901217861975643408e-02 4.096140825998645929e-01
6.968876860622462421e-02 4.096140825998645929e-01
6.968876860622462421e-02 4.102911306702776151e-01
7.104194857916103223e-02 4.102911306702776151e-01
7.104194857916103223e-02 4.109681787406905817e-01
7.239512855209742637e-02 4.109681787406905817e-01
7.239512855209742637e-02 4.123222748815165706e-01
7.307171853856563037e-02 4.123222748815165706e-01
7.307171853856563037e-02 4.157075152335815704e-01
7.510148849797022852e-02 4.157075152335815704e-01
7.510148849797022852e-02 4.163845633039945926e-01
7.577807848443843253e-02 4.163845633039945926e-01
7.577807848443843253e-02 4.177386594448205814e-01
7.645466847090663653e-02 4.177386594448205814e-01
7.645466847090663653e-02 4.184157075152336036e-01
7.780784844384303067e-02 4.184157075152336036e-01
7.780784844384303067e-02 4.211238997968855813e-01
7.983761840324762882e-02 4.211238997968855813e-01
7.983761840324762882e-02 4.218009478672986035e-01
8.051420838971583283e-02 4.218009478672986035e-01
8.051420838971583283e-02 4.258632362897765700e-01
8.119079837618403683e-02 4.258632362897765700e-01
8.119079837618403683e-02 4.272173324306025588e-01
8.322056833558863498e-02 4.272173324306025588e-01
8.457374830852502912e-02 4.272173324306025588e-01
8.457374830852502912e-02 4.285714285714285476e-01
8.525033829499323312e-02 4.285714285714285476e-01
8.525033829499323312e-02 4.292484766418415698e-01
8.660351826792964114e-02 4.292484766418415698e-01
8.660351826792964114e-02 4.306025727826675586e-01
8.930987821380242941e-02 4.306025727826675586e-01
8.930987821380242941e-02 4.319566689234935475e-01
8.998646820027063342e-02 4.319566689234935475e-01
8.998646820027063342e-02 4.339878131347325585e-01
9.066305818673883743e-02 4.339878131347325585e-01
9.066305818673883743e-02 4.360189573459715695e-01
9.201623815967523157e-02 4.360189573459715695e-01
9.201623815967523157e-02 4.394041976980365694e-01
9.269282814614343557e-02 4.394041976980365694e-01
9.404600811907984359e-02 4.394041976980365694e-01
9.404600811907984359e-02 4.407582938388625582e-01
9.472259810554803372e-02 4.407582938388625582e-01
9.472259810554803372e-02 4.414353419092755804e-01
9.539918809201623773e-02 4.414353419092755804e-01
9.539918809201623773e-02 4.421123899796885470e-01
9.607577807848444174e-02 4.421123899796885470e-01
9.607577807848444174e-02 4.434664861205145359e-01
9.675236806495263187e-02 4.434664861205145359e-01
9.675236806495263187e-02 4.461746784021665690e-01
9.810554803788903988e-02 4.461746784021665690e-01
9.810554803788903988e-02 4.468517264725795357e-01
1.001353179972936380e-01 4.468517264725795357e-01
1.001353179972936380e-01 4.482058226134055245e-01
1.008119079837618420e-01 4.482058226134055245e-01
1.028416779431664402e-01 4.482058226134055245e-01
1.028416779431664402e-01 4.495599187542315689e-01
1.041948579161028482e-01 4.495599187542315689e-01
1.041948579161028482e-01 4.502369668246445356e-01
1.048714479025710383e-01 4.502369668246445356e-01
1.048714479025710383e-01 4.536222071767095354e-01
1.055480378890392423e-01 4.536222071767095354e-01
1.069012178619756365e-01 4.536222071767095354e-01
1.075778078484438405e-01 4.536222071767095354e-01
1.075778078484438405e-01 4.556533513879485464e-01
1.082543978349120445e-01 4.556533513879485464e-01
1.082543978349120445e-01 4.570074475287745353e-01
1.089309878213802485e-01 4.570074475287745353e-01
1.089309878213802485e-01 4.576844955991875574e-01
1.096075778078484386e-01 4.576844955991875574e-01
1.096075778078484386e-01 4.597156398104265129e-01
1.102841677943166426e-01 4.597156398104265129e-01
1.102841677943166426e-01 4.624238320920785461e-01
1.109607577807848466e-01 4.624238320920785461e-01
1.109607577807848466e-01 4.631008801624915128e-01
1.116373477672530506e-01 4.631008801624915128e-01
1.116373477672530506e-01 4.637779282329045349e-01
1.123139377537212408e-01 4.637779282329045349e-01
1.123139377537212408e-01 4.658090724441435460e-01
1.136671177266576488e-01 4.658090724441435460e-01
1.136671177266576488e-01 4.671631685849695348e-01
1.143437077131258389e-01 4.671631685849695348e-01
1.143437077131258389e-01 4.691943127962085458e-01
1.163734776725304509e-01 4.691943127962085458e-01
1.163734776725304509e-01 4.705484089370345346e-01
1.170500676589986411e-01 4.705484089370345346e-01
1.170500676589986411e-01 4.725795531482735456e-01
1.177266576454668451e-01 4.725795531482735456e-01
1.177266576454668451e-01 4.746106973595125011e-01
1.190798376184032531e-01 4.746106973595125011e-01
1.190798376184032531e-01 4.759647935003385455e-01
1.197564276048714432e-01 4.759647935003385455e-01
1.197564276048714432e-01 4.766418415707515122e-01
1.211096075778078512e-01 4.766418415707515122e-01
1.211096075778078512e-01 4.786729857819905232e-01
1.224627875507442454e-01 4.786729857819905232e-01
1.231393775372124494e-01 4.786729857819905232e-01
1.231393775372124494e-01 4.807041299932295342e-01
1.238159675236806534e-01 4.807041299932295342e-01
1.238159675236806534e-01 4.840893703452945340e-01
1.251691474966170614e-01 4.840893703452945340e-01
1.251691474966170614e-01 4.881516587677725005e-01
1.258457374830852515e-01 4.881516587677725005e-01
1.258457374830852515e-01 4.888287068381855227e-01
1.271989174560216596e-01 4.888287068381855227e-01
1.271989174560216596e-01 4.895057549085984894e-01
1.278755074424898497e-01 4.895057549085984894e-01
1.278755074424898497e-01 4.901828029790115115e-01
1.285520974289580398e-01 4.901828029790115115e-01
1.285520974289580398e-01 4.928909952606634892e-01
1.305818673883626657e-01 4.928909952606634892e-01
1.312584573748308558e-01 4.928909952606634892e-01
1.312584573748308558e-01 4.935680433310765114e-01
1.319350473612990460e-01 4.935680433310765114e-01
1.319350473612990460e-01 4.942450914014894781e-01
1.332882273342354540e-01 4.942450914014894781e-01
1.332882273342354540e-01 4.989844278943805223e-01
1.346414073071718620e-01 4.989844278943805223e-01
1.346414073071718620e-01 5.030467163168584888e-01
1.353179972936400521e-01 5.030467163168584888e-01
1.353179972936400521e-01 5.057549085985104664e-01
1.359945872801082423e-01 5.057549085985104664e-01
1.359945872801082423e-01 5.064319566689234886e-01
1.373477672530446503e-01 5.064319566689234886e-01
1.373477672530446503e-01 5.091401489505754663e-01
1.387009472259810583e-01 5.091401489505754663e-01
1.393775372124492484e-01 5.091401489505754663e-01
1.407307171853856564e-01 5.091401489505754663e-01
1.407307171853856564e-01 5.098171970209884885e-01
1.414073071718538466e-01 5.098171970209884885e-01
1.414073071718538466e-01 5.125253893026404661e-01
1.420838971583220645e-01 5.125253893026404661e-01
1.434370771312584447e-01 5.125253893026404661e-01
1.434370771312584447e-01 5.132024373730534883e-01
1.441136671177266626e-01 5.132024373730534883e-01
1.441136671177266626e-01 5.152335815842924438e-01
1.447902571041948527e-01 5.152335815842924438e-01
1.447902571041948527e-01 5.172647257955315103e-01
1.454668470906630706e-01 5.172647257955315103e-01
1.454668470906630706e-01 5.179417738659445325e-01
1.461434370771312607e-01 5.179417738659445325e-01
1.461434370771312607e-01 5.199729180771834880e-01
1.468200270635994509e-01 5.199729180771834880e-01
1.481732070365358589e-01 5.199729180771834880e-01
1.502029769959404570e-01 5.199729180771834880e-01
1.502029769959404570e-01 5.213270142180095323e-01
1.515561569688768651e-01 5.213270142180095323e-01
1.515561569688768651e-01 5.226811103588354657e-01
1.522327469553450552e-01 5.226811103588354657e-01
1.522327469553450552e-01 5.233581584292484878e-01
1.535859269282814632e-01 5.233581584292484878e-01
1.535859269282814632e-01 5.240352064996615100e-01
1.542625169147496533e-01 5.240352064996615100e-01
1.542625169147496533e-01 5.274204468517265099e-01
1.556156968876860613e-01 5.274204468517265099e-01
1.556156968876860613e-01 5.280974949221394210e-01
1.562922868741542515e-01 5.280974949221394210e-01
1.576454668470906595e-01 5.280974949221394210e-01
1.583220568335588496e-01 5.280974949221394210e-01
1.583220568335588496e-01 5.294515910629654654e-01
1.589986468200270675e-01 5.294515910629654654e-01
1.589986468200270675e-01 5.301286391333784875e-01
1.596752368064952576e-01 5.301286391333784875e-01
1.596752368064952576e-01 5.314827352742044209e-01
1.610284167794316657e-01 5.314827352742044209e-01
1.610284167794316657e-01 5.321597833446174430e-01
1.617050067658998558e-01 5.321597833446174430e-01
1.617050067658998558e-01 5.341909275558565096e-01
1.623815967523680737e-01 5.341909275558565096e-01
1.637347767253044539e-01 5.341909275558565096e-01
1.637347767253044539e-01 5.355450236966824429e-01
1.650879566982408619e-01 5.355450236966824429e-01
1.650879566982408619e-01 5.362220717670954651e-01
1.664411366711772700e-01 5.362220717670954651e-01
1.664411366711772700e-01 5.375761679079215094e-01
1.671177266576454601e-01 5.375761679079215094e-01
1.671177266576454601e-01 5.382532159783344206e-01
1.677943166441136780e-01 5.382532159783344206e-01
1.677943166441136780e-01 5.402843601895734871e-01
1.691474966170500582e-01 5.402843601895734871e-01
1.691474966170500582e-01 5.416384563303994204e-01
1.705006765899864662e-01 5.416384563303994204e-01
1.705006765899864662e-01 5.423155044008124426e-01
1.718538565629228743e-01 5.423155044008124426e-01
1.718538565629228743e-01 5.450236966824644202e-01
1.725304465493910644e-01 5.450236966824644202e-01
1.738836265223274724e-01 5.450236966824644202e-01
1.745602165087956625e-01 5.450236966824644202e-01
1.745602165087956625e-01 5.477318889641163979e-01
1.759133964817320706e-01 5.477318889641163979e-01
1.772665764546684786e-01 5.477318889641163979e-01
1.786197564276048588e-01 5.477318889641163979e-01
1.786197564276048588e-01 5.497630331753554644e-01
1.799729364005412668e-01 5.497630331753554644e-01
1.799729364005412668e-01 5.504400812457684866e-01
1.806495263870094847e-01 5.504400812457684866e-01
1.806495263870094847e-01 5.511171293161813978e-01
1.813261163734776749e-01 5.511171293161813978e-01
1.813261163734776749e-01 5.531482735274204643e-01
1.820027063599458650e-01 5.531482735274204643e-01
1.820027063599458650e-01 5.538253215978334865e-01
1.826792963464140829e-01 5.538253215978334865e-01
1.826792963464140829e-01 5.545023696682463976e-01
1.833558863328822730e-01 5.545023696682463976e-01
1.833558863328822730e-01 5.572105619498984863e-01
1.847090663058186810e-01 5.572105619498984863e-01
1.860622462787550613e-01 5.572105619498984863e-01
1.860622462787550613e-01 5.592417061611374418e-01
1.874154262516914693e-01 5.592417061611374418e-01
1.874154262516914693e-01 5.619498984427894195e-01
1.887686062246278773e-01 5.619498984427894195e-01
1.887686062246278773e-01 5.653351387948544193e-01
1.894451962110960674e-01 5.653351387948544193e-01
1.907983761840324755e-01 5.653351387948544193e-01
1.914749661705006656e-01 5.653351387948544193e-01
1.914749661705006656e-01 5.660121868652674415e-01
1.921515561569688835e-01 5.660121868652674415e-01
1.935047361299052637e-01 5.660121868652674415e-01
1.941813261163734816e-01 5.660121868652674415e-01
1.941813261163734816e-01 5.680433310765063970e-01
1.948579161028416717e-01 5.680433310765063970e-01
1.962110960757780798e-01 5.680433310765063970e-01
1.989174560216508680e-01 5.680433310765063970e-01
1.989174560216508680e-01 5.687203791469194192e-01
2.009472259810554939e-01 5.687203791469194192e-01
2.016238159675236841e-01 5.687203791469194192e-01
2.016238159675236841e-01 5.693974272173324414e-01
2.023004059539918742e-01 5.693974272173324414e-01
2.036535859269282822e-01 5.693974272173324414e-01
2.043301759133964723e-01 5.693974272173324414e-01
2.043301759133964723e-01 5.707515233581583747e-01
2.070365358592692884e-01 5.707515233581583747e-01
2.070365358592692884e-01 5.721056194989844190e-01
2.083897158322056964e-01 5.721056194989844190e-01
2.083897158322056964e-01 5.734597156398104634e-01
2.104194857916102945e-01 5.734597156398104634e-01
2.104194857916102945e-01 5.748138117806363967e-01
2.110960757780784847e-01 5.748138117806363967e-01
2.110960757780784847e-01 5.754908598510494189e-01
2.117726657645466748e-01 5.754908598510494189e-01
2.117726657645466748e-01 5.775220040622883744e-01
2.131258457374830828e-01 5.775220040622883744e-01
2.144790257104194908e-01 5.775220040622883744e-01
2.144790257104194908e-01 5.795531482735274409e-01
2.158322056833558988e-01 5.795531482735274409e-01
2.158322056833558988e-01 5.809072444143533742e-01
2.171853856562922791e-01 5.809072444143533742e-01
2.171853856562922791e-01 5.856465809072444184e-01
2.198917456021650951e-01 5.856465809072444184e-01
2.198917456021650951e-01 5.863236289776574406e-01
2.205683355886332853e-01 5.863236289776574406e-01
2.205683355886332853e-01 5.876777251184833739e-01
2.212449255751014754e-01 5.876777251184833739e-01
2.212449255751014754e-01 5.883547731888963961e-01
2.219215155615696933e-01 5.883547731888963961e-01
2.219215155615696933e-01 5.897088693297224404e-01
2.225981055480378834e-01 5.897088693297224404e-01
2.225981055480378834e-01 5.903859174001354626e-01
2.232746955345061013e-01 5.903859174001354626e-01
2.232746955345061013e-01 5.924170616113744181e-01
2.239512855209742914e-01 5.924170616113744181e-01
2.239512855209742914e-01 5.930941096817874403e-01
2.246278755074424816e-01 5.930941096817874403e-01
2.259810554803788896e-01 5.930941096817874403e-01
2.259810554803788896e-01 5.937711577522003514e-01
2.273342354533152976e-01 5.937711577522003514e-01
2.273342354533152976e-01 5.964793500338524401e-01
2.280108254397834877e-01 5.964793500338524401e-01
2.280108254397834877e-01 5.991875423155044178e-01
2.286874154262516778e-01 5.991875423155044178e-01
2.286874154262516778e-01 6.005416384563303511e-01
2.300405953991880859e-01 6.005416384563303511e-01
2.300405953991880859e-01 6.012186865267433733e-01
2.307171853856563037e-01 6.012186865267433733e-01
2.307171853856563037e-01 6.018957345971563955e-01
2.320703653585926840e-01 6.018957345971563955e-01
2.327469553450609019e-01 6.018957345971563955e-01
2.327469553450609019e-01 6.025727826675694176e-01
2.334235453315290920e-01 6.025727826675694176e-01
2.334235453315290920e-01 6.046039268788083731e-01
2.347767253044655000e-01 6.046039268788083731e-01
2.347767253044655000e-01 6.052809749492213953e-01
2.368064952638700982e-01 6.052809749492213953e-01
2.368064952638700982e-01 6.059580230196344175e-01
2.381596752368065062e-01 6.059580230196344175e-01
2.381596752368065062e-01 6.073121191604603508e-01
2.388362652232746963e-01 6.073121191604603508e-01
2.401894451962111043e-01 6.073121191604603508e-01
2.401894451962111043e-01 6.120514556533513950e-01
2.422192151556157025e-01 6.120514556533513950e-01
2.428958051420838926e-01 6.120514556533513950e-01
2.428958051420838926e-01 6.134055517941774394e-01
2.435723951285521105e-01 6.134055517941774394e-01
2.435723951285521105e-01 6.147596479350033727e-01
2.442489851150203006e-01 6.147596479350033727e-01
2.442489851150203006e-01 6.154366960054163949e-01
2.469553450608930889e-01 6.154366960054163949e-01
2.469553450608930889e-01 6.167907921462423282e-01
2.476319350473613068e-01 6.167907921462423282e-01
2.476319350473613068e-01 6.181448882870683725e-01
2.483085250338294969e-01 6.181448882870683725e-01
2.483085250338294969e-01 6.188219363574813947e-01
2.496617050067659049e-01 6.188219363574813947e-01
2.496617050067659049e-01 6.194989844278944169e-01
2.503382949932341228e-01 6.194989844278944169e-01
2.503382949932341228e-01 6.222071767095463946e-01
2.510148849797023130e-01 6.222071767095463946e-01
2.510148849797023130e-01 6.242383209207853501e-01
2.530446549391068833e-01 6.242383209207853501e-01
2.530446549391068833e-01 6.249153689911983722e-01
2.543978349120433191e-01 6.249153689911983722e-01
2.543978349120433191e-01 6.269465132024373277e-01
2.557510148849796994e-01 6.269465132024373277e-01
2.557510148849796994e-01 6.283006093432633721e-01
2.571041948579160796e-01 6.283006093432633721e-01
2.571041948579160796e-01 6.296547054840894164e-01
2.577807848443843253e-01 6.296547054840894164e-01
2.577807848443843253e-01 6.310088016249153497e-01
2.598105548037888957e-01 6.310088016249153497e-01
2.598105548037888957e-01 6.316858496953283719e-01
2.604871447902570858e-01 6.316858496953283719e-01
2.604871447902570858e-01 6.357481381178063939e-01
2.618403247631935216e-01 6.357481381178063939e-01
2.618403247631935216e-01 6.364251861882194161e-01
2.625169147496617117e-01 6.364251861882194161e-01
2.625169147496617117e-01 6.377792823290453494e-01
2.658998646820027179e-01 6.377792823290453494e-01
2.658998646820027179e-01 6.438727149627623270e-01
2.672530446549390981e-01 6.438727149627623270e-01
2.672530446549390981e-01 6.472579553148273268e-01
2.760487144790257363e-01 6.472579553148273268e-01
2.760487144790257363e-01 6.486120514556533712e-01
2.767253044654939265e-01 6.486120514556533712e-01
2.780784844384303067e-01 6.486120514556533712e-01
2.801082543978349326e-01 6.486120514556533712e-01
2.814614343707713129e-01 6.486120514556533712e-01
2.814614343707713129e-01 6.506431956668923267e-01
2.821380243572395030e-01 6.506431956668923267e-01
2.834912043301759388e-01 6.506431956668923267e-01
2.848443843031123190e-01 6.506431956668923267e-01
2.848443843031123190e-01 6.513202437373053488e-01
2.868741542625168894e-01 6.513202437373053488e-01
2.868741542625168894e-01 6.533513879485443043e-01
2.882273342354533252e-01 6.533513879485443043e-01
2.882273342354533252e-01 6.540284360189573265e-01
2.902571041948578956e-01 6.540284360189573265e-01
2.902571041948578956e-01 6.547054840893703487e-01
2.916102841677943314e-01 6.547054840893703487e-01
2.916102841677943314e-01 6.560595802301963930e-01
2.936400541271989018e-01 6.560595802301963930e-01
2.936400541271989018e-01 6.567366283006093042e-01
2.949932341001353375e-01 6.567366283006093042e-01
2.963464140730717178e-01 6.567366283006093042e-01
2.963464140730717178e-01 6.574136763710223264e-01
2.983761840324763437e-01 6.574136763710223264e-01
2.983761840324763437e-01 6.580907244414353485e-01
3.004059539918809141e-01 6.580907244414353485e-01
3.004059539918809141e-01 6.587677725118483707e-01
3.010825439783491042e-01 6.587677725118483707e-01
3.010825439783491042e-01 6.607989167230873262e-01
3.037889039242219202e-01 6.607989167230873262e-01
3.037889039242219202e-01 6.655382532159783704e-01
3.044654939106901104e-01 6.655382532159783704e-01
3.044654939106901104e-01 6.662153012863912815e-01
3.051420838971583005e-01 6.662153012863912815e-01
3.051420838971583005e-01 6.675693974272173259e-01
3.058186738836265461e-01 6.675693974272173259e-01
3.071718538565629264e-01 6.675693974272173259e-01
3.071718538565629264e-01 6.682464454976303481e-01
3.085250338294993067e-01 6.682464454976303481e-01
3.092016238159674968e-01 6.682464454976303481e-01
3.105548037889039326e-01 6.682464454976303481e-01
3.112313937753721227e-01 6.682464454976303481e-01
3.112313937753721227e-01 6.696005416384562814e-01
3.119079837618403128e-01 6.696005416384562814e-01
3.119079837618403128e-01 6.709546377792823257e-01
3.132611637347767486e-01 6.709546377792823257e-01
3.132611637347767486e-01 6.716316858496953479e-01
3.139377537212449387e-01 6.716316858496953479e-01
3.139377537212449387e-01 6.723087339201083701e-01
3.166441136671176992e-01 6.723087339201083701e-01
3.166441136671176992e-01 6.743398781313473256e-01
3.173207036535859449e-01 6.743398781313473256e-01
3.173207036535859449e-01 6.750169262017603478e-01
3.179972936400541350e-01 6.750169262017603478e-01
3.193504736129905153e-01 6.750169262017603478e-01
3.193504736129905153e-01 6.756939742721733699e-01
3.207036535859269510e-01 6.756939742721733699e-01
3.207036535859269510e-01 6.763710223425862811e-01
3.220568335588633313e-01 6.763710223425862811e-01
3.234100135317997116e-01 6.763710223425862811e-01
3.240866035182679572e-01 6.763710223425862811e-01
3.240866035182679572e-01 6.770480704129993033e-01
3.247631935047361473e-01 6.770480704129993033e-01
3.247631935047361473e-01 6.777251184834123254e-01
3.254397834912043375e-01 6.777251184834123254e-01
3.254397834912043375e-01 6.784021665538253476e-01
3.261163734776725276e-01 6.784021665538253476e-01
3.274695534506089079e-01 6.784021665538253476e-01
3.281461434370771535e-01 6.784021665538253476e-01
3.281461434370771535e-01 6.797562626946512809e-01
3.288227334235453436e-01 6.797562626946512809e-01
3.308525033829499140e-01 6.797562626946512809e-01
3.308525033829499140e-01 6.817874069058903475e-01
3.322056833558863498e-01 6.817874069058903475e-01
3.322056833558863498e-01 6.824644549763033696e-01
3.349120433017591103e-01 6.824644549763033696e-01
3.355886332882273559e-01 6.824644549763033696e-01
3.369418132611637362e-01 6.824644549763033696e-01
3.369418132611637362e-01 6.831415030467162808e-01
3.376184032476319263e-01 6.831415030467162808e-01
3.376184032476319263e-01 6.838185511171293030e-01
3.389715832205683621e-01 6.838185511171293030e-01
3.389715832205683621e-01 6.851726472579553473e-01
3.403247631935047424e-01 6.851726472579553473e-01
3.430311231393775584e-01 6.851726472579553473e-01
3.430311231393775584e-01 6.858496953283683695e-01
3.437077131258457485e-01 6.858496953283683695e-01
3.437077131258457485e-01 6.872037914691943028e-01
3.443843031123139387e-01 6.872037914691943028e-01
3.457374830852503189e-01 6.872037914691943028e-01
3.470906630581867547e-01 6.872037914691943028e-01
3.491204330175913251e-01 6.872037914691943028e-01
3.491204330175913251e-01 6.912660798916723248e-01
3.497970230040595152e-01 6.912660798916723248e-01
3.497970230040595152e-01 6.926201760324982581e-01
3.504736129905277608e-01 6.926201760324982581e-01
3.504736129905277608e-01 6.939742721733243025e-01
3.518267929634641411e-01 6.939742721733243025e-01
3.518267929634641411e-01 6.966824644549762802e-01
3.525033829499323312e-01 6.966824644549762802e-01
3.525033829499323312e-01 6.973595125253893023e-01
3.552097428958051473e-01 6.973595125253893023e-01
3.552097428958051473e-01 6.987136086662153467e-01
3.565629228687415275e-01 6.987136086662153467e-01
3.572395128552097177e-01 6.987136086662153467e-01
3.572395128552097177e-01 7.007447528774543022e-01
3.585926928281461534e-01 7.007447528774543022e-01
3.585926928281461534e-01 7.014218009478673244e-01
3.599458728010825337e-01 7.014218009478673244e-01
3.599458728010825337e-01 7.027758970886932577e-01
3.606224627875507238e-01 7.027758970886932577e-01
3.619756427604871596e-01 7.027758970886932577e-01
3.619756427604871596e-01 7.041299932295193020e-01
3.633288227334235398e-01 7.041299932295193020e-01
3.633288227334235398e-01 7.054840893703453464e-01
3.660351826792963559e-01 7.054840893703453464e-01
3.687415426251691719e-01 7.054840893703453464e-01
3.694181326116373620e-01 7.054840893703453464e-01
3.694181326116373620e-01 7.075152335815843019e-01
3.707713125845737423e-01 7.075152335815843019e-01
3.714479025710419324e-01 7.075152335815843019e-01
3.714479025710419324e-01 7.081922816519973241e-01
3.728010825439783682e-01 7.081922816519973241e-01
3.728010825439783682e-01 7.109004739336493017e-01
3.741542625169147485e-01 7.109004739336493017e-01
3.755074424898511287e-01 7.109004739336493017e-01
3.755074424898511287e-01 7.115775220040623239e-01
3.768606224627875645e-01 7.115775220040623239e-01
3.768606224627875645e-01 7.122545700744752351e-01
3.775372124492557546e-01 7.122545700744752351e-01
3.775372124492557546e-01 7.129316181448882572e-01
3.802435723951285707e-01 7.129316181448882572e-01
3.802435723951285707e-01 7.136086662153012794e-01
3.809201623815967608e-01 7.136086662153012794e-01
3.809201623815967608e-01 7.142857142857143016e-01
3.815967523680649509e-01 7.142857142857143016e-01
3.815967523680649509e-01 7.149627623561273237e-01
3.822733423545331410e-01 7.149627623561273237e-01
3.822733423545331410e-01 7.163168584969532571e-01
3.836265223274695768e-01 7.163168584969532571e-01
3.836265223274695768e-01 7.169939065673662792e-01
3.849797023004059571e-01 7.169939065673662792e-01
3.849797023004059571e-01 7.176709546377793014e-01
3.863328822733423373e-01 7.176709546377793014e-01
3.863328822733423373e-01 7.183480027081923236e-01
3.876860622462787731e-01 7.183480027081923236e-01
3.876860622462787731e-01 7.190250507786052347e-01
3.890392422192151534e-01 7.190250507786052347e-01
3.930987821380243497e-01 7.190250507786052347e-01
3.930987821380243497e-01 7.197020988490182569e-01
3.951285520974289756e-01 7.197020988490182569e-01
3.951285520974289756e-01 7.230873392010832568e-01
3.958051420838971657e-01 7.230873392010832568e-01
3.958051420838971657e-01 7.251184834123223233e-01
3.964817320703653558e-01 7.251184834123223233e-01
3.964817320703653558e-01 7.257955314827352344e-01
3.971583220568335459e-01 7.257955314827352344e-01
3.971583220568335459e-01 7.264725795531482566e-01
3.985115020297699817e-01 7.264725795531482566e-01
3.985115020297699817e-01 7.271496276235612788e-01
3.998646820027063620e-01 7.271496276235612788e-01
4.012178619756427422e-01 7.271496276235612788e-01
4.025710419485791780e-01 7.271496276235612788e-01
4.025710419485791780e-01 7.278266756939743010e-01
4.046008119079837484e-01 7.278266756939743010e-01
4.046008119079837484e-01 7.291807718348002343e-01
4.059539918809201842e-01 7.291807718348002343e-01
4.059539918809201842e-01 7.298578199052132565e-01
4.073071718538565644e-01 7.298578199052132565e-01
4.079837618403247546e-01 7.298578199052132565e-01
4.079837618403247546e-01 7.312119160460393008e-01
4.093369418132611903e-01 7.312119160460393008e-01
4.093369418132611903e-01 7.318889641164523230e-01
4.113667117726657607e-01 7.318889641164523230e-01
4.113667117726657607e-01 7.345971563981043007e-01
4.120433017591339508e-01 7.345971563981043007e-01
4.120433017591339508e-01 7.366283006093432562e-01
4.140730717185385767e-01 7.366283006093432562e-01
4.140730717185385767e-01 7.373053486797562783e-01
4.147496617050067669e-01 7.373053486797562783e-01
4.167794316644113928e-01 7.373053486797562783e-01
4.181326116373477730e-01 7.373053486797562783e-01
4.181326116373477730e-01 7.379823967501693005e-01
4.188092016238159632e-01 7.379823967501693005e-01
4.188092016238159632e-01 7.400135409614082560e-01
4.194857916102841533e-01 7.400135409614082560e-01
4.208389715832205891e-01 7.400135409614082560e-01
4.221921515561569693e-01 7.400135409614082560e-01
4.221921515561569693e-01 7.406905890318212782e-01
4.235453315290933496e-01 7.406905890318212782e-01
4.235453315290933496e-01 7.413676371022343004e-01
4.269282814614343557e-01 7.413676371022343004e-01
4.269282814614343557e-01 7.420446851726472115e-01
4.296346414073071718e-01 7.420446851726472115e-01
4.296346414073071718e-01 7.433987813134732558e-01
4.316644113667117977e-01 7.433987813134732558e-01
4.343707713125845582e-01 7.433987813134732558e-01
4.350473612990527483e-01 7.433987813134732558e-01
4.350473612990527483e-01 7.440758293838862780e-01
4.364005412719891841e-01 7.440758293838862780e-01
4.391069012178620001e-01 7.440758293838862780e-01
4.391069012178620001e-01 7.461069735951252335e-01
4.411366711772665705e-01 7.461069735951252335e-01
4.424898511502029508e-01 7.461069735951252335e-01
4.465493910690122026e-01 7.461069735951252335e-01
4.465493910690122026e-01 7.467840216655382557e-01
4.485791610284167730e-01 7.467840216655382557e-01
4.485791610284167730e-01 7.474610697359512779e-01
4.499323410013531532e-01 7.474610697359512779e-01
4.499323410013531532e-01 7.481381178063643000e-01
4.506089309878213989e-01 7.481381178063643000e-01
4.506089309878213989e-01 7.488151658767772112e-01
4.512855209742895890e-01 7.488151658767772112e-01
4.512855209742895890e-01 7.494922139471902334e-01
4.539918809201624050e-01 7.494922139471902334e-01
4.580514208389716013e-01 7.494922139471902334e-01
4.580514208389716013e-01 7.508463100880162777e-01
4.594046008119079816e-01 7.508463100880162777e-01
4.594046008119079816e-01 7.522004062288422110e-01
4.600811907983761717e-01 7.522004062288422110e-01
4.614343707713126075e-01 7.522004062288422110e-01
4.627875507442489877e-01 7.522004062288422110e-01
4.627875507442489877e-01 7.549085985104942997e-01
4.634641407307171779e-01 7.549085985104942997e-01
4.634641407307171779e-01 7.562626946513202331e-01
4.648173207036536136e-01 7.562626946513202331e-01
4.654939106901218038e-01 7.562626946513202331e-01
4.654939106901218038e-01 7.569397427217332552e-01
4.682002706359945643e-01 7.569397427217332552e-01
4.682002706359945643e-01 7.576167907921462774e-01
4.695534506089310001e-01 7.576167907921462774e-01
4.702300405953991902e-01 7.576167907921462774e-01
4.702300405953991902e-01 7.582938388625591886e-01
4.709066305818673803e-01 7.582938388625591886e-01
4.722598105548038161e-01 7.582938388625591886e-01
4.722598105548038161e-01 7.589708869329722107e-01
4.729364005412720062e-01 7.589708869329722107e-01
4.729364005412720062e-01 7.603249830737982551e-01
4.756427604871447667e-01 7.603249830737982551e-01
4.756427604871447667e-01 7.610020311442112773e-01
4.763193504736130124e-01 7.610020311442112773e-01
4.776725304465493926e-01 7.610020311442112773e-01
4.783491204330175828e-01 7.610020311442112773e-01
4.783491204330175828e-01 7.616790792146241884e-01
4.797023004059540185e-01 7.616790792146241884e-01
4.797023004059540185e-01 7.623561272850372106e-01
4.803788903924222087e-01 7.623561272850372106e-01
4.824086603518267791e-01 7.623561272850372106e-01
4.830852503382949692e-01 7.623561272850372106e-01
4.830852503382949692e-01 7.630331753554502328e-01
4.844384303112314050e-01 7.630331753554502328e-01
4.851150202976995951e-01 7.630331753554502328e-01
4.851150202976995951e-01 7.664184157075152326e-01
4.857916102841677852e-01 7.664184157075152326e-01
4.857916102841677852e-01 7.670954637779282548e-01
4.884979702300406013e-01 7.670954637779282548e-01
4.884979702300406013e-01 7.677725118483412770e-01
4.905277401894451716e-01 7.677725118483412770e-01
4.905277401894451716e-01 7.684495599187541881e-01
4.918809201623816074e-01 7.684495599187541881e-01
4.918809201623816074e-01 7.698036560595802325e-01
4.932341001353179877e-01 7.698036560595802325e-01
4.932341001353179877e-01 7.711577522004062768e-01
4.952638700947226136e-01 7.711577522004062768e-01
4.966170500676589938e-01 7.711577522004062768e-01
4.966170500676589938e-01 7.725118483412322101e-01
4.972936400541271840e-01 7.725118483412322101e-01
4.986468200270636197e-01 7.725118483412322101e-01
5.000000000000000000e-01 7.725118483412322101e-01
5.000000000000000000e-01 7.731888964116452323e-01
5.006765899864682456e-01 7.731888964116452323e-01
5.006765899864682456e-01 7.738659444820582545e-01
5.013531799729363803e-01 7.738659444820582545e-01
5.040595399188092518e-01 7.738659444820582545e-01
5.054127198917456321e-01 7.738659444820582545e-01
5.054127198917456321e-01 7.745429925524712766e-01
5.074424898511502580e-01 7.745429925524712766e-01
5.074424898511502580e-01 7.752200406228841878e-01
5.081190798376183926e-01 7.752200406228841878e-01
5.081190798376183926e-01 7.758970886932972100e-01
5.087956698240866382e-01 7.758970886932972100e-01
5.087956698240866382e-01 7.772511848341232543e-01
5.094722598105547728e-01 7.772511848341232543e-01
5.094722598105547728e-01 7.779282329045362765e-01
5.108254397834911531e-01 7.779282329045362765e-01
5.121786197564276444e-01 7.779282329045362765e-01
5.135317997293640246e-01 7.779282329045362765e-01
5.142083897158321593e-01 7.779282329045362765e-01
5.155615696887686505e-01 7.779282329045362765e-01
5.155615696887686505e-01 7.792823290453622098e-01
5.169147496617050308e-01 7.792823290453622098e-01
5.169147496617050308e-01 7.799593771157752320e-01
5.175913396481731654e-01 7.799593771157752320e-01
5.175913396481731654e-01 7.806364251861882542e-01
5.182679296346414111e-01 7.806364251861882542e-01
5.182679296346414111e-01 7.840216655382532540e-01
5.202976995940460370e-01 7.840216655382532540e-01
5.223274695534506629e-01 7.840216655382532540e-01
5.223274695534506629e-01 7.846987136086661652e-01
5.230040595399187975e-01 7.846987136086661652e-01
5.230040595399187975e-01 7.853757616790791873e-01
5.236806495263870431e-01 7.853757616790791873e-01
5.236806495263870431e-01 7.860528097494922095e-01
5.257104194857915580e-01 7.860528097494922095e-01
5.257104194857915580e-01 7.867298578199052317e-01
5.263870094722598036e-01 7.867298578199052317e-01
5.263870094722598036e-01 7.874069058903182539e-01
5.270635994587280493e-01 7.874069058903182539e-01
5.270635994587280493e-01 7.894380501015572094e-01
5.284167794316644295e-01 7.894380501015572094e-01
5.290933694181325642e-01 7.894380501015572094e-01
5.290933694181325642e-01 7.901150981719702315e-01
5.297699594046008098e-01 7.901150981719702315e-01
5.297699594046008098e-01 7.907921462423832537e-01
5.324763193504735703e-01 7.907921462423832537e-01
5.324763193504735703e-01 7.914691943127961649e-01
5.338294993234100616e-01 7.914691943127961649e-01
5.338294993234100616e-01 7.921462423832091870e-01
5.351826792963464419e-01 7.921462423832091870e-01
5.351826792963464419e-01 7.941773865944482536e-01
5.358592692828145765e-01 7.941773865944482536e-01
5.378890392422192024e-01 7.941773865944482536e-01
5.405953991880919629e-01 7.941773865944482536e-01
5.419485791610284542e-01 7.941773865944482536e-01
5.426251691474965888e-01 7.941773865944482536e-01
5.426251691474965888e-01 7.948544346648611647e-01
5.433017591339648344e-01 7.948544346648611647e-01
5.433017591339648344e-01 7.955314827352741869e-01
5.439783491204329691e-01 7.955314827352741869e-01
5.453315290933694603e-01 7.955314827352741869e-01
5.453315290933694603e-01 7.962085308056872091e-01
5.473612990527739752e-01 7.962085308056872091e-01
5.493910690121786011e-01 7.962085308056872091e-01
5.507442489851149814e-01 7.962085308056872091e-01
5.507442489851149814e-01 7.968855788761002312e-01
5.527740189445196073e-01 7.968855788761002312e-01
5.534506089309878529e-01 7.968855788761002312e-01
5.534506089309878529e-01 7.975626269465132534e-01
5.561569688768606134e-01 7.975626269465132534e-01
5.561569688768606134e-01 7.982396750169261646e-01
5.575101488497969937e-01 7.982396750169261646e-01
5.588633288227333740e-01 7.982396750169261646e-01
5.602165087956698653e-01 7.982396750169261646e-01
5.602165087956698653e-01 7.995937711577522089e-01
5.622462787550743801e-01 7.995937711577522089e-01
5.635994587280108714e-01 7.995937711577522089e-01
5.642760487144790060e-01 7.995937711577522089e-01
5.642760487144790060e-01 8.002708192281652311e-01
5.649526387009472517e-01 8.002708192281652311e-01
5.649526387009472517e-01 8.009478672985782532e-01
5.663058186738836319e-01 8.009478672985782532e-01
5.663058186738836319e-01 8.043331076506431421e-01
5.669824086603518776e-01 8.043331076506431421e-01
5.669824086603518776e-01 8.050101557210561642e-01
5.676589986468200122e-01 8.050101557210561642e-01
5.676589986468200122e-01 8.056872037914691864e-01
5.683355886332882578e-01 8.056872037914691864e-01
5.683355886332882578e-01 8.063642518618822086e-01
5.710419485791610184e-01 8.063642518618822086e-01
5.710419485791610184e-01 8.070412999322952308e-01
5.723951285520973986e-01 8.070412999322952308e-01
5.744248985115020245e-01 8.070412999322952308e-01
5.757780784844384048e-01 8.070412999322952308e-01
5.764546684709066504e-01 8.070412999322952308e-01
5.764546684709066504e-01 8.083953960731211641e-01
5.771312584573747850e-01 8.083953960731211641e-01
5.771312584573747850e-01 8.090724441435341863e-01
5.778078484438430307e-01 8.090724441435341863e-01
5.778078484438430307e-01 8.117806364251861639e-01
5.791610284167794109e-01 8.117806364251861639e-01
5.791610284167794109e-01 8.131347325660122083e-01
5.798376184032476566e-01 8.131347325660122083e-01
5.811907983761840368e-01 8.131347325660122083e-01
5.832205683355886627e-01 8.131347325660122083e-01
5.832205683355886627e-01 8.138117806364252305e-01
5.859269282814614233e-01 8.138117806364252305e-01
5.859269282814614233e-01 8.144888287068381416e-01
5.872801082543978035e-01 8.144888287068381416e-01
5.872801082543978035e-01 8.151658767772511638e-01
5.886332882273341838e-01 8.151658767772511638e-01
5.886332882273341838e-01 8.158429248476641860e-01
5.899864682002706751e-01 8.158429248476641860e-01
5.899864682002706751e-01 8.185511171293161636e-01
5.913396481732070553e-01 8.185511171293161636e-01
5.913396481732070553e-01 8.192281651997291858e-01
5.920162381596751899e-01 8.192281651997291858e-01
5.920162381596751899e-01 8.199052132701422080e-01
5.926928281461434356e-01 8.199052132701422080e-01
5.926928281461434356e-01 8.205822613405552302e-01
5.940460081190798158e-01 8.205822613405552302e-01
5.940460081190798158e-01 8.212593094109681413e-01
5.953991880920161961e-01 8.212593094109681413e-01
5.953991880920161961e-01 8.226134055517941857e-01
5.967523680649526874e-01 8.226134055517941857e-01
5.967523680649526874e-01 8.246445497630331412e-01
5.981055480378890676e-01 8.246445497630331412e-01
5.981055480378890676e-01 8.266756939742722077e-01
5.987821380243572023e-01 8.266756939742722077e-01
5.987821380243572023e-01 8.293838862559241853e-01
6.001353179972936935e-01 8.293838862559241853e-01
6.001353179972936935e-01 8.300609343263372075e-01
6.014884979702300738e-01 8.300609343263372075e-01
6.014884979702300738e-01 8.320920785375761630e-01
6.021650879566982084e-01 8.320920785375761630e-01
6.021650879566982084e-01 8.341232227488151185e-01
6.035182679296345887e-01 8.341232227488151185e-01
6.035182679296345887e-01 8.348002708192281407e-01
6.048714479025710800e-01 8.348002708192281407e-01
6.048714479025710800e-01 8.354773188896411629e-01
6.062246278755074602e-01 8.354773188896411629e-01
6.062246278755074602e-01 8.381855111712931405e-01
6.069012178619755948e-01 8.381855111712931405e-01
6.069012178619755948e-01 8.388625592417061627e-01
6.096075778078484664e-01 8.388625592417061627e-01
6.102841677943166010e-01 8.388625592417061627e-01
6.116373477672530923e-01 8.388625592417061627e-01
6.116373477672530923e-01 8.395396073121191849e-01
6.163734776725304787e-01 8.395396073121191849e-01
6.163734776725304787e-01 8.408937034529451182e-01
6.177266576454668590e-01 8.408937034529451182e-01
6.177266576454668590e-01 8.415707515233581404e-01
6.190798376184032392e-01 8.415707515233581404e-01
6.190798376184032392e-01 8.422477995937711626e-01
6.197564276048714849e-01 8.422477995937711626e-01
6.197564276048714849e-01 8.429248476641841847e-01
6.204330175913396195e-01 8.429248476641841847e-01
6.204330175913396195e-01 8.442789438050101181e-01
6.217861975642759997e-01 8.442789438050101181e-01
6.224627875507442454e-01 8.442789438050101181e-01
6.224627875507442454e-01 8.449559918754231402e-01
6.238159675236806256e-01 8.449559918754231402e-01
6.238159675236806256e-01 8.463100880162491846e-01
6.251691474966170059e-01 8.463100880162491846e-01
6.251691474966170059e-01 8.469871360866622068e-01
6.258457374830852515e-01 8.469871360866622068e-01
6.258457374830852515e-01 8.483412322274881401e-01
6.265223274695534972e-01 8.483412322274881401e-01
6.278755074424898774e-01 8.483412322274881401e-01
6.285520974289580121e-01 8.483412322274881401e-01
6.299052774018945033e-01 8.483412322274881401e-01
6.319350473612990182e-01 8.483412322274881401e-01
6.319350473612990182e-01 8.490182802979011623e-01
6.346414073071718898e-01 8.490182802979011623e-01
6.346414073071718898e-01 8.496953283683141844e-01
6.353179972936400244e-01 8.496953283683141844e-01
6.353179972936400244e-01 8.503723764387270956e-01
6.366711772665764046e-01 8.503723764387270956e-01
6.366711772665764046e-01 8.510494245091401178e-01
6.373477672530446503e-01 8.510494245091401178e-01
6.373477672530446503e-01 8.517264725795531399e-01
6.380243572395128959e-01 8.517264725795531399e-01
6.380243572395128959e-01 8.524035206499661621e-01
6.387009472259810305e-01 8.524035206499661621e-01
6.400541271989174108e-01 8.524035206499661621e-01
6.407307171853856564e-01 8.524035206499661621e-01
6.420838971583220367e-01 8.524035206499661621e-01
6.420838971583220367e-01 8.530805687203791843e-01
6.454668470906630429e-01 8.530805687203791843e-01
6.468200270635994231e-01 8.530805687203791843e-01
6.481732070365359144e-01 8.530805687203791843e-01
6.481732070365359144e-01 8.557887610020311620e-01
6.495263870094722947e-01 8.557887610020311620e-01
6.495263870094722947e-01 8.578199052132701175e-01
6.502029769959404293e-01 8.578199052132701175e-01
6.515561569688768095e-01 8.578199052132701175e-01
6.542625169147496811e-01 8.578199052132701175e-01
6.542625169147496811e-01 8.598510494245091840e-01
6.562922868741543070e-01 8.598510494245091840e-01
6.562922868741543070e-01 8.605280974949220951e-01
6.596752368064953131e-01 8.605280974949220951e-01
6.596752368064953131e-01 8.612051455653351173e-01
6.630581867388363193e-01 8.612051455653351173e-01
6.630581867388363193e-01 8.625592417061611616e-01
6.644113667117726996e-01 8.625592417061611616e-01
6.644113667117726996e-01 8.639133378469870950e-01
6.664411366711772144e-01 8.639133378469870950e-01
6.664411366711772144e-01 8.652674339878131393e-01
6.684709066305818403e-01 8.652674339878131393e-01
6.684709066305818403e-01 8.679756262694651170e-01
6.691474966170500860e-01 8.679756262694651170e-01
6.691474966170500860e-01 8.686526743398781392e-01
6.711772665764547119e-01 8.686526743398781392e-01
6.711772665764547119e-01 8.706838185511170947e-01
6.732070365358592268e-01 8.706838185511170947e-01
6.732070365358592268e-01 8.740690589031820945e-01
6.745602165087957180e-01 8.740690589031820945e-01
6.745602165087957180e-01 8.747461069735951167e-01
6.752368064952638527e-01 8.747461069735951167e-01
6.752368064952638527e-01 8.754231550440081389e-01
6.786197564276048588e-01 8.754231550440081389e-01
6.786197564276048588e-01 8.767772511848340722e-01
6.799729364005412391e-01 8.767772511848340722e-01
6.820027063599458650e-01 8.767772511848340722e-01
6.820027063599458650e-01 8.774542992552470944e-01
6.833558863328822452e-01 8.774542992552470944e-01
6.867388362652232514e-01 8.774542992552470944e-01
6.867388362652232514e-01 8.781313473256601165e-01
6.880920162381596317e-01 8.781313473256601165e-01
6.901217861975642576e-01 8.781313473256601165e-01
6.901217861975642576e-01 8.794854434664861609e-01
6.907983761840325032e-01 8.794854434664861609e-01
6.935047361299052637e-01 8.794854434664861609e-01
6.935047361299052637e-01 8.821936357481381386e-01
6.948579161028416440e-01 8.821936357481381386e-01
6.962110960757780243e-01 8.821936357481381386e-01
6.962110960757780243e-01 8.835477318889640719e-01
6.968876860622462699e-01 8.835477318889640719e-01
6.989174560216508958e-01 8.835477318889640719e-01
6.995940460081190304e-01 8.835477318889640719e-01
6.995940460081190304e-01 8.849018280297901162e-01
7.009472259810555217e-01 8.849018280297901162e-01
7.050067658998646625e-01 8.849018280297901162e-01
7.063599458728010427e-01 8.849018280297901162e-01
7.090663058186739143e-01 8.849018280297901162e-01
7.090663058186739143e-01 8.862559241706161606e-01
7.104194857916102945e-01 8.862559241706161606e-01
7.104194857916102945e-01 8.869329722410290717e-01
7.124492557510149204e-01 8.869329722410290717e-01
7.124492557510149204e-01 8.889641164522681382e-01
7.138024357239513007e-01 8.889641164522681382e-01
7.138024357239513007e-01 8.896411645226811604e-01
7.158322056833559266e-01 8.896411645226811604e-01
7.171853856562923069e-01 8.896411645226811604e-01
7.171853856562923069e-01 8.903182125930940716e-01
7.178619756427604415e-01 8.903182125930940716e-01
7.178619756427604415e-01 8.909952606635070937e-01
7.192151556156969328e-01 8.909952606635070937e-01
7.205683355886333130e-01 8.909952606635070937e-01
7.212449255751014476e-01 8.909952606635070937e-01
7.212449255751014476e-01 8.923493568043331381e-01
7.225981055480379389e-01 8.923493568043331381e-01
7.239512855209743192e-01 8.923493568043331381e-01
7.253044654939106994e-01 8.923493568043331381e-01
7.253044654939106994e-01 8.943805010155720936e-01
7.259810554803789451e-01 8.943805010155720936e-01
7.259810554803789451e-01 8.950575490859851158e-01
7.286874154262517056e-01 8.950575490859851158e-01
7.300405953991880859e-01 8.950575490859851158e-01
7.307171853856563315e-01 8.950575490859851158e-01
7.307171853856563315e-01 8.977657413676370934e-01
7.320703653585927118e-01 8.977657413676370934e-01
7.334235453315290920e-01 8.977657413676370934e-01
7.334235453315290920e-01 8.984427894380501156e-01
7.341001353179973377e-01 8.984427894380501156e-01
7.354533152909337179e-01 8.984427894380501156e-01
7.361299052774018525e-01 8.984427894380501156e-01
7.361299052774018525e-01 8.997968855788760489e-01
7.368064952638700982e-01 8.997968855788760489e-01
7.368064952638700982e-01 9.004739336492890711e-01
7.374830852503383438e-01 9.004739336492890711e-01
7.388362652232747241e-01 9.004739336492890711e-01
7.395128552097428587e-01 9.004739336492890711e-01
7.395128552097428587e-01 9.011509817197020933e-01
7.428958051420838649e-01 9.011509817197020933e-01
7.428958051420838649e-01 9.018280297901151155e-01
7.449255751014884908e-01 9.018280297901151155e-01
7.449255751014884908e-01 9.031821259309410488e-01
7.456021650879567364e-01 9.031821259309410488e-01
7.456021650879567364e-01 9.038591740013540710e-01
7.476319350473612513e-01 9.038591740013540710e-01
7.489851150202977426e-01 9.038591740013540710e-01
7.489851150202977426e-01 9.045362220717670931e-01
7.503382949932341228e-01 9.045362220717670931e-01
7.510148849797022574e-01 9.045362220717670931e-01
7.523680649526387487e-01 9.045362220717670931e-01
7.523680649526387487e-01 9.052132701421801153e-01
7.537212449255751290e-01 9.052132701421801153e-01
7.557510148849797549e-01 9.052132701421801153e-01
7.564276048714478895e-01 9.052132701421801153e-01
7.564276048714478895e-01 9.058903182125931375e-01
7.591339648173206500e-01 9.058903182125931375e-01
7.591339648173206500e-01 9.072444143534190708e-01
7.604871447902571413e-01 9.072444143534190708e-01
7.611637347767252759e-01 9.072444143534190708e-01
7.611637347767252759e-01 9.079214624238320930e-01
7.625169147496616562e-01 9.079214624238320930e-01
7.625169147496616562e-01 9.092755585646581373e-01
7.638700947225981475e-01 9.092755585646581373e-01
7.645466847090662821e-01 9.092755585646581373e-01
7.645466847090662821e-01 9.106296547054840707e-01
7.652232746955345277e-01 9.106296547054840707e-01
7.652232746955345277e-01 9.119837508463101150e-01
7.658998646820026623e-01 9.119837508463101150e-01
7.658998646820026623e-01 9.126607989167231372e-01
7.665764546684709080e-01 9.126607989167231372e-01
7.665764546684709080e-01 9.133378469871360483e-01
7.692828146143436685e-01 9.133378469871360483e-01
7.706359945872801598e-01 9.133378469871360483e-01
7.706359945872801598e-01 9.140148950575490705e-01
7.726657645466846747e-01 9.140148950575490705e-01
7.740189445196210549e-01 9.140148950575490705e-01
7.746955345060893006e-01 9.140148950575490705e-01
7.746955345060893006e-01 9.146919431279620927e-01
7.753721244925575462e-01 9.146919431279620927e-01
7.753721244925575462e-01 9.153689911983751148e-01
7.767253044654939265e-01 9.153689911983751148e-01
7.794316644113666870e-01 9.153689911983751148e-01
7.794316644113666870e-01 9.174001354096140703e-01
7.807848443843030672e-01 9.174001354096140703e-01
7.807848443843030672e-01 9.194312796208530258e-01
7.814614343707713129e-01 9.194312796208530258e-01
7.834912043301759388e-01 9.194312796208530258e-01
7.848443843031123190e-01 9.194312796208530258e-01
7.861975642760486993e-01 9.194312796208530258e-01
7.868741542625169449e-01 9.194312796208530258e-01
7.868741542625169449e-01 9.201083276912660480e-01
7.882273342354533252e-01 9.201083276912660480e-01
7.882273342354533252e-01 9.228165199729180257e-01
7.889039242219215708e-01 9.228165199729180257e-01
7.889039242219215708e-01 9.234935680433310479e-01
7.902571041948579511e-01 9.234935680433310479e-01
7.922868741542624660e-01 9.234935680433310479e-01
7.922868741542624660e-01 9.241706161137440700e-01
7.949932341001353375e-01 9.241706161137440700e-01
7.970230040595399634e-01 9.241706161137440700e-01
7.990527740189444783e-01 9.241706161137440700e-01
8.017591339648173498e-01 9.241706161137440700e-01
8.037889039242219757e-01 9.241706161137440700e-01
8.037889039242219757e-01 9.255247122545701144e-01
8.058186738836264906e-01 9.255247122545701144e-01
8.058186738836264906e-01 9.262017603249830255e-01
8.078484438430311165e-01 9.262017603249830255e-01
8.078484438430311165e-01 9.268788083953960477e-01
8.092016238159674968e-01 9.268788083953960477e-01
8.098782138024357424e-01 9.268788083953960477e-01
8.098782138024357424e-01 9.275558564658090699e-01
8.112313937753721227e-01 9.275558564658090699e-01
8.112313937753721227e-01 9.282329045362220921e-01
8.125845737483085029e-01 9.282329045362220921e-01
8.139377537212448832e-01 9.282329045362220921e-01
8.139377537212448832e-01 9.295870006770480254e-01
8.146143437077131289e-01 9.295870006770480254e-01
8.146143437077131289e-01 9.302640487474610476e-01
8.152909336941813745e-01 9.302640487474610476e-01
8.166441136671177548e-01 9.302640487474610476e-01
8.207036535859268955e-01 9.302640487474610476e-01
8.207036535859268955e-01 9.309410968178740697e-01
8.227334235453315214e-01 9.309410968178740697e-01
8.227334235453315214e-01 9.322951929587001141e-01
8.261163734776725276e-01 9.322951929587001141e-01
8.261163734776725276e-01 9.329722410291130252e-01
8.267929634641407732e-01 9.329722410291130252e-01
8.267929634641407732e-01 9.343263371699390696e-01
8.281461434370771535e-01 9.343263371699390696e-01
8.281461434370771535e-01 9.350033852403520918e-01
8.288227334235452881e-01 9.350033852403520918e-01
8.288227334235452881e-01 9.356804333107651139e-01
8.301759133964817794e-01 9.356804333107651139e-01
8.301759133964817794e-01 9.377115775220040694e-01
8.349120433017591658e-01 9.377115775220040694e-01
8.349120433017591658e-01 9.383886255924170916e-01
8.362652232746955461e-01 9.383886255924170916e-01
8.362652232746955461e-01 9.390656736628301138e-01
8.382949932341001720e-01 9.390656736628301138e-01
8.396481732070365522e-01 9.390656736628301138e-01
8.396481732070365522e-01 9.410968178740690693e-01
8.410013531799729325e-01 9.410968178740690693e-01
8.410013531799729325e-01 9.438050101557210469e-01
8.423545331529093128e-01 9.438050101557210469e-01
8.430311231393775584e-01 9.438050101557210469e-01
8.430311231393775584e-01 9.444820582261340691e-01
8.443843031123139387e-01 9.444820582261340691e-01
8.443843031123139387e-01 9.465132024373730246e-01
8.457374830852503189e-01 9.465132024373730246e-01
8.457374830852503189e-01 9.492213947190250023e-01
8.470906630581866992e-01 9.492213947190250023e-01
8.484438430311231905e-01 9.492213947190250023e-01
8.497970230040595707e-01 9.492213947190250023e-01
8.511502029769959510e-01 9.492213947190250023e-01
8.511502029769959510e-01 9.498984427894380245e-01
8.518267929634640856e-01 9.498984427894380245e-01
8.518267929634640856e-01 9.512525389302640688e-01
8.525033829499323312e-01 9.512525389302640688e-01
8.525033829499323312e-01 9.519295870006770910e-01
8.531799729364005769e-01 9.519295870006770910e-01
8.531799729364005769e-01 9.526066350710900021e-01
8.538565629228687115e-01 9.526066350710900021e-01
8.538565629228687115e-01 9.553148273527420908e-01
8.558863328822733374e-01 9.553148273527420908e-01
8.558863328822733374e-01 9.559918754231550020e-01
8.592692828146143436e-01 9.559918754231550020e-01
8.592692828146143436e-01 9.573459715639810463e-01
8.626522327469553497e-01 9.573459715639810463e-01
8.640054127198917300e-01 9.573459715639810463e-01
8.714479025710419879e-01 9.573459715639810463e-01
8.714479025710419879e-01 9.580230196343940685e-01
8.721244925575101226e-01 9.580230196343940685e-01
8.721244925575101226e-01 9.587000677048070907e-01
8.734776725304465028e-01 9.587000677048070907e-01
8.734776725304465028e-01 9.593771157752200018e-01
8.741542625169147485e-01 9.593771157752200018e-01
8.741542625169147485e-01 9.614082599864590684e-01
8.748308525033829941e-01 9.614082599864590684e-01
8.761840324763193744e-01 9.614082599864590684e-01
8.775372124492557546e-01 9.614082599864590684e-01
8.775372124492557546e-01 9.634394041976980239e-01
8.782138024357240003e-01 9.634394041976980239e-01
8.795669824086603805e-01 9.634394041976980239e-01
8.795669824086603805e-01 9.641164522681110460e-01
8.809201623815967608e-01 9.641164522681110460e-01
8.815967523680650064e-01 9.641164522681110460e-01
8.815967523680650064e-01 9.647935003385240682e-01
8.836265223274695213e-01 9.647935003385240682e-01
8.836265223274695213e-01 9.654705484089369794e-01
8.843031123139377669e-01 9.654705484089369794e-01
8.856562922868741472e-01 9.654705484089369794e-01
8.856562922868741472e-01 9.661475964793500015e-01
8.870094722598105275e-01 9.661475964793500015e-01
8.870094722598105275e-01 9.668246445497630237e-01
8.876860622462787731e-01 9.668246445497630237e-01
8.876860622462787731e-01 9.675016926201760459e-01
8.883626522327469077e-01 9.675016926201760459e-01
8.883626522327469077e-01 9.681787406905890681e-01
8.890392422192151534e-01 9.681787406905890681e-01
8.890392422192151534e-01 9.688557887610019792e-01
8.903924221921515336e-01 9.688557887610019792e-01
8.917456021650879139e-01 9.688557887610019792e-01
8.917456021650879139e-01 9.695328368314150014e-01
8.930987821380244052e-01 9.695328368314150014e-01
8.951285520974289200e-01 9.695328368314150014e-01
8.951285520974289200e-01 9.702098849018280236e-01
8.958051420838971657e-01 9.702098849018280236e-01
8.958051420838971657e-01 9.708869329722410457e-01
9.046008119079838039e-01 9.708869329722410457e-01
9.046008119079838039e-01 9.715639810426540679e-01
9.052774018944519385e-01 9.715639810426540679e-01
9.052774018944519385e-01 9.722410291130669791e-01
9.059539918809201842e-01 9.722410291130669791e-01
9.059539918809201842e-01 9.729180771834800012e-01
9.073071718538565644e-01 9.729180771834800012e-01
9.086603518267929447e-01 9.729180771834800012e-01
9.100135317997293249e-01 9.729180771834800012e-01
9.100135317997293249e-01 9.735951252538930234e-01
9.106901217861975706e-01 9.735951252538930234e-01
9.106901217861975706e-01 9.742721733243060456e-01
9.140730717185385767e-01 9.742721733243060456e-01
9.140730717185385767e-01 9.756262694651319789e-01
9.154262516914749570e-01 9.756262694651319789e-01
9.181326116373477175e-01 9.756262694651319789e-01
9.181326116373477175e-01 9.763033175355450011e-01
9.188092016238159632e-01 9.763033175355450011e-01
9.188092016238159632e-01 9.769803656059580232e-01
9.194857916102842088e-01 9.769803656059580232e-01
9.194857916102842088e-01 9.776574136763710454e-01
9.208389715832205891e-01 9.776574136763710454e-01
9.208389715832205891e-01 9.790115098171969787e-01
9.215155615696887237e-01 9.790115098171969787e-01
9.228687415426252150e-01 9.790115098171969787e-01
9.235453315290933496e-01 9.790115098171969787e-01
9.235453315290933496e-01 9.803656059580230231e-01
9.242219215155615952e-01 9.803656059580230231e-01
9.269282814614343557e-01 9.803656059580230231e-01
9.269282814614343557e-01 9.817197020988490674e-01
9.276048714479026014e-01 9.817197020988490674e-01
9.276048714479026014e-01 9.823967501692619786e-01
9.282814614343707360e-01 9.823967501692619786e-01
9.282814614343707360e-01 9.830737982396750008e-01
9.296346414073072273e-01 9.830737982396750008e-01
9.316644113667117422e-01 9.830737982396750008e-01
9.316644113667117422e-01 9.837508463100880229e-01
9.336941813261163681e-01 9.837508463100880229e-01
9.336941813261163681e-01 9.844278943805010451e-01
9.357239512855209940e-01 9.844278943805010451e-01
9.357239512855209940e-01 9.851049424509140673e-01
9.364005412719891286e-01 9.851049424509140673e-01
9.364005412719891286e-01 9.857819905213269784e-01
9.384303112313937545e-01 9.857819905213269784e-01
9.384303112313937545e-01 9.864590385917400006e-01
9.391069012178620001e-01 9.864590385917400006e-01
9.404600811907983804e-01 9.864590385917400006e-01
9.411366711772666260e-01 9.864590385917400006e-01
9.411366711772666260e-01 9.871360866621530228e-01
9.424898511502030063e-01 9.871360866621530228e-01
9.424898511502030063e-01 9.878131347325660450e-01
9.479025710419485273e-01 9.878131347325660450e-01
9.479025710419485273e-01 9.884901828029789561e-01
9.499323410013531532e-01 9.884901828029789561e-01
9.499323410013531532e-01 9.891672308733919783e-01
9.526387009472260248e-01 9.891672308733919783e-01
9.526387009472260248e-01 9.898442789438050005e-01
9.539918809201624050e-01 9.898442789438050005e-01
9.566982408660351656e-01 9.898442789438050005e-01
9.580514208389715458e-01 9.898442789438050005e-01
9.587280108254397915e-01 9.898442789438050005e-01
9.600811907983761717e-01 9.898442789438050005e-01
9.600811907983761717e-01 9.905213270142180226e-01
9.621109607577807976e-01 9.905213270142180226e-01
9.621109607577807976e-01 9.911983750846310448e-01
9.648173207036535581e-01 9.911983750846310448e-01
9.675236806495264297e-01 9.911983750846310448e-01
9.675236806495264297e-01 9.918754231550439560e-01
9.682002706359945643e-01 9.918754231550439560e-01
9.682002706359945643e-01 9.925524712254569781e-01
9.695534506089309446e-01 9.925524712254569781e-01
9.695534506089309446e-01 9.932295192958700003e-01
9.722598105548038161e-01 9.932295192958700003e-01
9.722598105548038161e-01 9.939065673662830225e-01
9.729364005412719507e-01 9.939065673662830225e-01
9.742895805142084420e-01 9.939065673662830225e-01
9.763193504736129569e-01 9.939065673662830225e-01
9.763193504736129569e-01 9.945836154366960447e-01
9.776725304465493371e-01 9.945836154366960447e-01
9.803788903924222087e-01 9.945836154366960447e-01
9.803788903924222087e-01 9.952606635071089558e-01
9.817320703653585889e-01 9.952606635071089558e-01
9.817320703653585889e-01 9.966147596479350002e-01
9.824086603518268346e-01 9.966147596479350002e-01
9.824086603518268346e-01 9.972918077183480223e-01
9.851150202976995951e-01 9.972918077183480223e-01
9.884979702300406013e-01 9.972918077183480223e-01
9.912043301759133618e-01 9.972918077183480223e-01
9.918809201623816074e-01 9.972918077183480223e-01
9.932341001353179877e-01 9.972918077183480223e-01
9.939106901217862333e-01 9.972918077183480223e-01
9.952638700947226136e-01 9.972918077183480223e-01
9.952638700947226136e-01 9.986459038591739557e-01
9.966170500676589938e-01 9.986459038591739557e-01
9.966170500676589938e-01 9.993229519295869778e-01
9.972936400541272395e-01 9.993229519295869778e-01
9.972936400541272395e-01 1.000000000000000000e+00
9.986468200270636197e-01 1.000000000000000000e+00
1.000000000000000000e+00 1.000000000000000000e+00
