0.000000000000000000e+00 0.000000000000000000e+00
0.000000000000000000e+00 6.770480704129992972e-04
2.029769959404600747e-03 6.770480704129992972e-04
4.736129905277402033e-03 6.770480704129992972e-04
5.412719891745602571e-03 6.770480704129992972e-04
5.412719891745602571e-03 3.385240352064996811e-03
6.089309878213802242e-03 3.385240352064996811e-03
6.089309878213802242e-03 5.416384563303994377e-03
8.119079837618402989e-03 5.416384563303994377e-03
8.119079837618402989e-03 6.093432633716994000e-03
8.795669824086603528e-03 6.093432633716994000e-03
8.795669824086603528e-03 1.015572105619498913e-02
9.472259810554804066e-03 1.015572105619498913e-02
9.472259810554804066e-03 1.150981719702098838e-02
1.082543978349120514e-02 1.150981719702098838e-02
1.082543978349120514e-02 1.421800947867298513e-02
1.217861975642760448e-02 1.421800947867298513e-02
1.285520974289580502e-02 1.421800947867298513e-02
1.285520974289580502e-02 1.692620176032498189e-02
1.488497970230040664e-02 1.692620176032498189e-02
1.488497970230040664e-02 2.031144211238997827e-02
1.556156968876860544e-02 2.031144211238997827e-02
1.556156968876860544e-02 2.098849018280297962e-02
1.623815967523680598e-02 2.098849018280297962e-02
1.623815967523680598e-02 2.166553825321597751e-02
1.691474966170500652e-02 2.166553825321597751e-02
1.826792963464140759e-02 2.166553825321597751e-02
1.894451962110960813e-02 2.166553825321597751e-02
2.029769959404600921e-02 2.166553825321597751e-02
2.029769959404600921e-02 2.234258632362897887e-02
2.165087956698241028e-02 2.234258632362897887e-02
2.232746955345060735e-02 2.234258632362897887e-02
2.232746955345060735e-02 2.301963439404197675e-02
2.300405953991880789e-02 2.301963439404197675e-02
2.300405953991880789e-02 2.505077860528097389e-02
2.435723951285520897e-02 2.505077860528097389e-02
2.638700947225981058e-02 2.505077860528097389e-02
2.638700947225981058e-02 2.640487474610697313e-02
2.706359945872801112e-02 2.640487474610697313e-02
2.706359945872801112e-02 2.708192281651997449e-02
2.774018944519621166e-02 2.708192281651997449e-02
2.774018944519621166e-02 2.775897088693297238e-02
2.976995940460081327e-02 2.775897088693297238e-02
2.976995940460081327e-02 2.843601895734597026e-02
3.112313937753721088e-02 2.843601895734597026e-02
3.247631935047361196e-02 2.843601895734597026e-02
3.247631935047361196e-02 3.046716316858497087e-02
3.382949932341001303e-02 3.046716316858497087e-02
3.382949932341001303e-02 3.385240352064996378e-02
3.653585926928281519e-02 3.385240352064996378e-02
3.653585926928281519e-02 3.452945159106296513e-02
3.721244925575101226e-02 3.452945159106296513e-02
3.721244925575101226e-02 3.520649966147596649e-02
3.788903924221921626e-02 3.520649966147596649e-02
3.924221921515561734e-02 3.520649966147596649e-02
3.991880920162381441e-02 3.520649966147596649e-02
3.991880920162381441e-02 3.656059580230196226e-02
4.059539918809201842e-02 3.656059580230196226e-02
4.059539918809201842e-02 3.723764387271496362e-02
4.194857916102841949e-02 3.723764387271496362e-02
4.194857916102841949e-02 3.926878808395396075e-02
4.262516914749661656e-02 3.926878808395396075e-02
4.397834912043301764e-02 3.926878808395396075e-02
4.397834912043301764e-02 4.062288422477995653e-02
4.600811907983761578e-02 4.062288422477995653e-02
4.600811907983761578e-02 4.129993229519295789e-02
4.668470906630581979e-02 4.129993229519295789e-02
4.668470906630581979e-02 4.265402843601896060e-02
4.736129905277401686e-02 4.265402843601896060e-02
4.736129905277401686e-02 4.536222071767095215e-02
4.871447902571041794e-02 4.536222071767095215e-02
4.871447902571041794e-02 4.739336492890994929e-02
4.939106901217862194e-02 4.739336492890994929e-02
4.939106901217862194e-02 4.807041299932295064e-02
5.074424898511502302e-02 4.807041299932295064e-02
5.142083897158322009e-02 4.807041299932295064e-02
5.142083897158322009e-02 4.874746106973595200e-02
5.209742895805142410e-02 4.874746106973595200e-02
5.209742895805142410e-02 4.942450914014895336e-02
5.277401894451962117e-02 4.942450914014895336e-02
5.277401894451962117e-02 5.077860528097494913e-02
5.345060893098781823e-02 5.077860528097494913e-02
5.345060893098781823e-02 5.145565335138795049e-02
5.615696887686062039e-02 5.145565335138795049e-02
5.615696887686062039e-02 5.213270142180094491e-02
5.683355886332882440e-02 5.213270142180094491e-02
5.683355886332882440e-02 5.280974949221394626e-02
5.751014884979702146e-02 5.280974949221394626e-02
5.953991880920162655e-02 5.280974949221394626e-02
6.021650879566982362e-02 5.280974949221394626e-02
6.021650879566982362e-02 5.551794177386594475e-02
6.156968876860622469e-02 5.551794177386594475e-02
6.156968876860622469e-02 5.619498984427894611e-02
6.224627875507442176e-02 5.619498984427894611e-02
6.224627875507442176e-02 5.822613405551794324e-02
6.359945872801082978e-02 5.822613405551794324e-02
6.359945872801082978e-02 5.890318212593093766e-02
6.495263870094722392e-02 5.890318212593093766e-02
6.630581867388363193e-02 5.890318212593093766e-02
6.630581867388363193e-02 6.025727826675694038e-02
6.698240866035182206e-02 6.025727826675694038e-02
6.698240866035182206e-02 6.161137440758293615e-02
6.765899864682002607e-02 6.161137440758293615e-02
6.765899864682002607e-02 6.296547054840893887e-02
6.833558863328823008e-02 6.296547054840893887e-02
6.833558863328823008e-02 6.364251861882193329e-02
6.968876860622462421e-02 6.364251861882193329e-02
6.968876860622462421e-02 6.499661475964793600e-02
7.104194857916103223e-02 6.499661475964793600e-02
7.171853856562922236e-02 6.499661475964793600e-02
7.307171853856563037e-02 6.499661475964793600e-02
7.307171853856563037e-02 6.635071090047393871e-02
7.374830852503383438e-02 6.635071090047393871e-02
7.374830852503383438e-02 6.905890318212593026e-02
7.442489851150202451e-02 6.905890318212593026e-02
7.442489851150202451e-02 7.447528774542992724e-02
7.577807848443843253e-02 7.447528774542992724e-02
7.577807848443843253e-02 7.989167230873392422e-02
7.645466847090663653e-02 7.989167230873392422e-02
7.645466847090663653e-02 8.056872037914691864e-02
7.713125845737482666e-02 8.056872037914691864e-02
7.713125845737482666e-02 8.192281651997292136e-02
7.916102841677942481e-02 8.192281651997292136e-02
7.916102841677942481e-02 8.259986459038591577e-02
7.983761840324762882e-02 8.259986459038591577e-02
7.983761840324762882e-02 8.327691266079891019e-02
8.119079837618403683e-02 8.327691266079891019e-02
8.119079837618403683e-02 8.463100880162491291e-02
8.186738836265222696e-02 8.463100880162491291e-02
8.186738836265222696e-02 8.598510494245091562e-02
8.389715832205683899e-02 8.598510494245091562e-02
8.389715832205683899e-02 8.937034529451591547e-02
8.525033829499323312e-02 8.937034529451591547e-02
8.525033829499323312e-02 9.004739336492890989e-02
8.592692828146143713e-02 9.004739336492890989e-02
8.592692828146143713e-02 9.140148950575491260e-02
8.795669824086603528e-02 9.140148950575491260e-02
8.795669824086603528e-02 9.207853757616790702e-02
8.863328822733423928e-02 9.207853757616790702e-02
8.998646820027063342e-02 9.207853757616790702e-02
8.998646820027063342e-02 9.275558564658090144e-02
9.133964817320704144e-02 9.275558564658090144e-02
9.201623815967523157e-02 9.275558564658090144e-02
9.201623815967523157e-02 9.410968178740690415e-02
9.269282814614343557e-02 9.410968178740690415e-02
9.269282814614343557e-02 9.478672985781989857e-02
9.472259810554803372e-02 9.478672985781989857e-02
9.472259810554803372e-02 9.546377792823290687e-02
9.607577807848444174e-02 9.546377792823290687e-02
9.675236806495263187e-02 9.546377792823290687e-02
9.675236806495263187e-02 9.614082599864590128e-02
9.878213802435724389e-02 9.614082599864590128e-02
9.945872801082543402e-02 9.614082599864590128e-02
9.945872801082543402e-02 9.952606635071090113e-02
1.001353179972936380e-01 9.952606635071090113e-02
1.001353179972936380e-01 1.002031144211238955e-01
1.014884979702300460e-01 1.002031144211238955e-01
1.014884979702300460e-01 1.029113067027759010e-01
1.028416779431664402e-01 1.029113067027759010e-01
1.028416779431664402e-01 1.035883547731888954e-01
1.035182679296346442e-01 1.035883547731888954e-01
1.035182679296346442e-01 1.049424509140148981e-01
1.041948579161028482e-01 1.049424509140148981e-01
1.041948579161028482e-01 1.056194989844278925e-01
1.048714479025710383e-01 1.056194989844278925e-01
1.048714479025710383e-01 1.103588354773188951e-01
1.055480378890392423e-01 1.103588354773188951e-01
1.055480378890392423e-01 1.130670277589708866e-01
1.069012178619756365e-01 1.130670277589708866e-01
1.075778078484438405e-01 1.130670277589708866e-01
1.075778078484438405e-01 1.150981719702098838e-01
1.082543978349120445e-01 1.150981719702098838e-01
1.082543978349120445e-01 1.164522681110358865e-01
1.102841677943166426e-01 1.164522681110358865e-01
1.116373477672530506e-01 1.164522681110358865e-01
1.116373477672530506e-01 1.171293161814488809e-01
1.129905277401894448e-01 1.171293161814488809e-01
1.143437077131258389e-01 1.171293161814488809e-01
1.150202976995940429e-01 1.171293161814488809e-01
1.170500676589986411e-01 1.171293161814488809e-01
1.177266576454668451e-01 1.171293161814488809e-01
1.177266576454668451e-01 1.178063642518618753e-01
1.184032476319350491e-01 1.178063642518618753e-01
1.184032476319350491e-01 1.191604603926878780e-01
1.197564276048714432e-01 1.191604603926878780e-01
1.197564276048714432e-01 1.198375084631008863e-01
1.204330175913396472e-01 1.198375084631008863e-01
1.204330175913396472e-01 1.232227488151658723e-01
1.211096075778078512e-01 1.232227488151658723e-01
1.224627875507442454e-01 1.232227488151658723e-01
1.224627875507442454e-01 1.238997968855788806e-01
1.231393775372124494e-01 1.238997968855788806e-01
1.231393775372124494e-01 1.245768449559918750e-01
1.251691474966170614e-01 1.245768449559918750e-01
1.251691474966170614e-01 1.252538930264048833e-01
1.265223274695534417e-01 1.252538930264048833e-01
1.265223274695534417e-01 1.259309410968178777e-01
1.271989174560216596e-01 1.259309410968178777e-01
1.271989174560216596e-01 1.266079891672308722e-01
1.285520974289580398e-01 1.266079891672308722e-01
1.285520974289580398e-01 1.279620853080568610e-01
1.299052774018944478e-01 1.279620853080568610e-01
1.312584573748308558e-01 1.279620853080568610e-01
1.312584573748308558e-01 1.313473256601218608e-01
1.319350473612990460e-01 1.313473256601218608e-01
1.319350473612990460e-01 1.320243737305348553e-01
1.346414073071718620e-01 1.320243737305348553e-01
1.346414073071718620e-01 1.327014218009478774e-01
1.353179972936400521e-01 1.327014218009478774e-01
1.353179972936400521e-01 1.347325660121868607e-01
1.366711772665764602e-01 1.347325660121868607e-01
1.366711772665764602e-01 1.354096140825998551e-01
1.380243572395128682e-01 1.354096140825998551e-01
1.380243572395128682e-01 1.367637102234258717e-01
1.393775372124492484e-01 1.367637102234258717e-01
1.407307171853856564e-01 1.367637102234258717e-01
1.407307171853856564e-01 1.374407582938388661e-01
1.414073071718538466e-01 1.374407582938388661e-01
1.414073071718538466e-01 1.394719025050778494e-01
1.434370771312584447e-01 1.394719025050778494e-01
1.434370771312584447e-01 1.408259986459038660e-01
1.441136671177266626e-01 1.408259986459038660e-01
1.441136671177266626e-01 1.428571428571428492e-01
1.461434370771312607e-01 1.428571428571428492e-01
1.468200270635994509e-01 1.428571428571428492e-01
1.468200270635994509e-01 1.435341909275558436e-01
1.474966170500676688e-01 1.435341909275558436e-01
1.474966170500676688e-01 1.442112389979688658e-01
1.488497970230040490e-01 1.442112389979688658e-01
1.495263870094722669e-01 1.442112389979688658e-01
1.508795669824086472e-01 1.442112389979688658e-01
1.508795669824086472e-01 1.448882870683818602e-01
1.515561569688768651e-01 1.448882870683818602e-01
1.515561569688768651e-01 1.462423832092078491e-01
1.535859269282814632e-01 1.462423832092078491e-01
1.535859269282814632e-01 1.503046716316858433e-01
1.549391069012178712e-01 1.503046716316858433e-01
1.549391069012178712e-01 1.516587677725118599e-01
1.556156968876860613e-01 1.516587677725118599e-01
1.556156968876860613e-01 1.536899119837508432e-01
1.562922868741542515e-01 1.536899119837508432e-01
1.562922868741542515e-01 1.543669600541638376e-01
1.569688768606224694e-01 1.543669600541638376e-01
1.569688768606224694e-01 1.557210561949898542e-01
1.576454668470906595e-01 1.557210561949898542e-01
1.576454668470906595e-01 1.570751523358158430e-01
1.596752368064952576e-01 1.570751523358158430e-01
1.610284167794316657e-01 1.570751523358158430e-01
1.610284167794316657e-01 1.624915368991198261e-01
1.623815967523680737e-01 1.624915368991198261e-01
1.623815967523680737e-01 1.631685849695328483e-01
1.644113667117726718e-01 1.631685849695328483e-01
1.650879566982408619e-01 1.631685849695328483e-01
1.650879566982408619e-01 1.672308733920108426e-01
1.657645466847090798e-01 1.672308733920108426e-01
1.657645466847090798e-01 1.685849695328368314e-01
1.664411366711772700e-01 1.685849695328368314e-01
1.664411366711772700e-01 1.692620176032498258e-01
1.677943166441136780e-01 1.692620176032498258e-01
1.691474966170500582e-01 1.692620176032498258e-01
1.698240866035182761e-01 1.692620176032498258e-01
1.698240866035182761e-01 1.706161137440758424e-01
1.725304465493910644e-01 1.706161137440758424e-01
1.725304465493910644e-01 1.719702098849018312e-01
1.738836265223274724e-01 1.719702098849018312e-01
1.738836265223274724e-01 1.726472579553148257e-01
1.745602165087956625e-01 1.726472579553148257e-01
1.745602165087956625e-01 1.740013540961408145e-01
1.759133964817320706e-01 1.740013540961408145e-01
1.759133964817320706e-01 1.746784021665538367e-01
1.765899864682002607e-01 1.746784021665538367e-01
1.765899864682002607e-01 1.767095463777928199e-01
1.772665764546684786e-01 1.767095463777928199e-01
1.772665764546684786e-01 1.773865944482058143e-01
1.786197564276048588e-01 1.773865944482058143e-01
1.786197564276048588e-01 1.787406905890318309e-01
1.792963464140730767e-01 1.787406905890318309e-01
1.792963464140730767e-01 1.800947867298578198e-01
1.820027063599458650e-01 1.800947867298578198e-01
1.820027063599458650e-01 1.807718348002708142e-01
1.840324763193504631e-01 1.807718348002708142e-01
1.840324763193504631e-01 1.834800270819228196e-01
1.853856562922868711e-01 1.834800270819228196e-01
1.853856562922868711e-01 1.848341232227488085e-01
1.874154262516914693e-01 1.848341232227488085e-01
1.874154262516914693e-01 1.855111712931618029e-01
1.894451962110960674e-01 1.855111712931618029e-01
1.894451962110960674e-01 1.861882193635748250e-01
1.901217861975642853e-01 1.861882193635748250e-01
1.901217861975642853e-01 1.875423155044008139e-01
1.907983761840324755e-01 1.875423155044008139e-01
1.907983761840324755e-01 1.888964116452268027e-01
1.914749661705006656e-01 1.888964116452268027e-01
1.914749661705006656e-01 1.895734597156397971e-01
1.921515561569688835e-01 1.895734597156397971e-01
1.921515561569688835e-01 1.909275558564658137e-01
1.941813261163734816e-01 1.909275558564658137e-01
1.941813261163734816e-01 1.936357481381178192e-01
1.962110960757780798e-01 1.936357481381178192e-01
1.962110960757780798e-01 1.949898442789438080e-01
1.968876860622462699e-01 1.949898442789438080e-01
1.968876860622462699e-01 1.983750846310088078e-01
1.975642760487144878e-01 1.983750846310088078e-01
1.975642760487144878e-01 2.017603249830738077e-01
1.982408660351826779e-01 2.017603249830738077e-01
1.982408660351826779e-01 2.031144211238997965e-01
1.989174560216508680e-01 2.031144211238997965e-01
1.989174560216508680e-01 2.037914691943127909e-01
1.995940460081190859e-01 2.037914691943127909e-01
2.016238159675236841e-01 2.037914691943127909e-01
2.023004059539918742e-01 2.037914691943127909e-01
2.023004059539918742e-01 2.044685172647257854e-01
2.036535859269282822e-01 2.044685172647257854e-01
2.036535859269282822e-01 2.071767095463777908e-01
2.050067658998646902e-01 2.071767095463777908e-01
2.070365358592692884e-01 2.071767095463777908e-01
2.083897158322056964e-01 2.071767095463777908e-01
2.083897158322056964e-01 2.085308056872037796e-01
2.090663058186738865e-01 2.085308056872037796e-01
2.090663058186738865e-01 2.098849018280297962e-01
2.104194857916102945e-01 2.098849018280297962e-01
2.104194857916102945e-01 2.105619498984427906e-01
2.110960757780784847e-01 2.105619498984427906e-01
2.110960757780784847e-01 2.119160460392687795e-01
2.117726657645466748e-01 2.119160460392687795e-01
2.117726657645466748e-01 2.139471902505077905e-01
2.131258457374830828e-01 2.139471902505077905e-01
2.131258457374830828e-01 2.153012863913337793e-01
2.138024357239512729e-01 2.153012863913337793e-01
2.138024357239512729e-01 2.159783344617467737e-01
2.144790257104194908e-01 2.159783344617467737e-01
2.144790257104194908e-01 2.166553825321597959e-01
2.151556156968876810e-01 2.166553825321597959e-01
2.151556156968876810e-01 2.173324306025727903e-01
2.158322056833558988e-01 2.173324306025727903e-01
2.158322056833558988e-01 2.193635748138117736e-01
2.165087956698240890e-01 2.193635748138117736e-01
2.165087956698240890e-01 2.200406228842247680e-01
2.178619756427604970e-01 2.200406228842247680e-01
2.178619756427604970e-01 2.213947190250507846e-01
2.192151556156968772e-01 2.213947190250507846e-01
2.192151556156968772e-01 2.220717670954637790e-01
2.205683355886332853e-01 2.220717670954637790e-01
2.219215155615696933e-01 2.220717670954637790e-01
2.232746955345061013e-01 2.220717670954637790e-01
2.232746955345061013e-01 2.227488151658767734e-01
2.239512855209742914e-01 2.227488151658767734e-01
2.239512855209742914e-01 2.234258632362897679e-01
2.253044654939106994e-01 2.234258632362897679e-01
2.253044654939106994e-01 2.247799593771157844e-01
2.273342354533152976e-01 2.247799593771157844e-01
2.286874154262516778e-01 2.247799593771157844e-01
2.286874154262516778e-01 2.254570074475287789e-01
2.300405953991880859e-01 2.254570074475287789e-01
2.327469553450609019e-01 2.254570074475287789e-01
2.334235453315290920e-01 2.254570074475287789e-01
2.334235453315290920e-01 2.261340555179417733e-01
2.347767253044655000e-01 2.261340555179417733e-01
2.347767253044655000e-01 2.268111035883547677e-01
2.354533152909336902e-01 2.268111035883547677e-01
2.354533152909336902e-01 2.274881516587677621e-01
2.368064952638700982e-01 2.274881516587677621e-01
2.368064952638700982e-01 2.281651997291807843e-01
2.381596752368065062e-01 2.281651997291807843e-01
2.381596752368065062e-01 2.295192958700067731e-01
2.395128552097428865e-01 2.295192958700067731e-01
2.395128552097428865e-01 2.301963439404197675e-01
2.401894451962111043e-01 2.301963439404197675e-01
2.415426251691474846e-01 2.301963439404197675e-01
2.415426251691474846e-01 2.356127285037237507e-01
2.422192151556157025e-01 2.356127285037237507e-01
2.422192151556157025e-01 2.362897765741367728e-01
2.456021650879567086e-01 2.362897765741367728e-01
2.456021650879567086e-01 2.369668246445497672e-01
2.469553450608930889e-01 2.369668246445497672e-01
2.483085250338294969e-01 2.369668246445497672e-01
2.503382949932341228e-01 2.369668246445497672e-01
2.510148849797023130e-01 2.369668246445497672e-01
2.523680649526386932e-01 2.369668246445497672e-01
2.523680649526386932e-01 2.376438727149627617e-01
2.530446549391068833e-01 2.376438727149627617e-01
2.530446549391068833e-01 2.410291130670277615e-01
2.537212449255751290e-01 2.410291130670277615e-01
2.537212449255751290e-01 2.423832092078537503e-01
2.543978349120433191e-01 2.423832092078537503e-01
2.543978349120433191e-01 2.430602572782667448e-01
2.550744248985115092e-01 2.430602572782667448e-01
2.564276048714478895e-01 2.430602572782667448e-01
2.564276048714478895e-01 2.444143534190927614e-01
2.577807848443843253e-01 2.444143534190927614e-01
2.604871447902570858e-01 2.444143534190927614e-01
2.604871447902570858e-01 2.450914014895057558e-01
2.618403247631935216e-01 2.450914014895057558e-01
2.618403247631935216e-01 2.457684495599187502e-01
2.625169147496617117e-01 2.457684495599187502e-01
2.625169147496617117e-01 2.477995937711577612e-01
2.631935047361299018e-01 2.477995937711577612e-01
2.631935047361299018e-01 2.505077860528097666e-01
2.638700947225980920e-01 2.505077860528097666e-01
2.638700947225980920e-01 2.511848341232227333e-01
2.645466847090662821e-01 2.511848341232227333e-01
2.645466847090662821e-01 2.518618821936357555e-01
2.658998646820027179e-01 2.518618821936357555e-01
2.672530446549390981e-01 2.518618821936357555e-01
2.692828146143437240e-01 2.518618821936357555e-01
2.706359945872801043e-01 2.518618821936357555e-01
2.713125845737482944e-01 2.518618821936357555e-01
2.713125845737482944e-01 2.525389302640487221e-01
2.726657645466847302e-01 2.525389302640487221e-01
2.726657645466847302e-01 2.538930264048747665e-01
2.740189445196211104e-01 2.538930264048747665e-01
2.746955345060893006e-01 2.538930264048747665e-01
2.746955345060893006e-01 2.545700744752877331e-01
2.760487144790257363e-01 2.545700744752877331e-01
2.760487144790257363e-01 2.552471225457007553e-01
2.780784844384303067e-01 2.552471225457007553e-01
2.780784844384303067e-01 2.559241706161137220e-01
2.794316644113666870e-01 2.559241706161137220e-01
2.794316644113666870e-01 2.606635071090047662e-01
2.807848443843031228e-01 2.606635071090047662e-01
2.807848443843031228e-01 2.620176032498307550e-01
2.814614343707713129e-01 2.620176032498307550e-01
2.828146143437076931e-01 2.620176032498307550e-01
2.828146143437076931e-01 2.654028436018957549e-01
2.841677943166441289e-01 2.654028436018957549e-01
2.848443843031123190e-01 2.654028436018957549e-01
2.848443843031123190e-01 2.660798916723087215e-01
2.855209742895805092e-01 2.660798916723087215e-01
2.855209742895805092e-01 2.667569397427217437e-01
2.861975642760486993e-01 2.667569397427217437e-01
2.861975642760486993e-01 2.681110358835477325e-01
2.868741542625168894e-01 2.681110358835477325e-01
2.868741542625168894e-01 2.701421800947867435e-01
2.875507442489851351e-01 2.701421800947867435e-01
2.875507442489851351e-01 2.714962762356127324e-01
2.889039242219215153e-01 2.714962762356127324e-01
2.889039242219215153e-01 2.721733243060257545e-01
2.895805142083897055e-01 2.721733243060257545e-01
2.895805142083897055e-01 2.735274204468517434e-01
2.909336941813261412e-01 2.735274204468517434e-01
2.922868741542625215e-01 2.735274204468517434e-01
2.922868741542625215e-01 2.748815165876777322e-01
2.929634641407307116e-01 2.748815165876777322e-01
2.929634641407307116e-01 2.755585646580906989e-01
2.936400541271989018e-01 2.755585646580906989e-01
2.936400541271989018e-01 2.762356127285037211e-01
2.949932341001353375e-01 2.762356127285037211e-01
2.949932341001353375e-01 2.775897088693297099e-01
2.963464140730717178e-01 2.775897088693297099e-01
2.963464140730717178e-01 2.816519972918077319e-01
2.983761840324763437e-01 2.816519972918077319e-01
2.983761840324763437e-01 2.830060934326337208e-01
2.997293640054127239e-01 2.830060934326337208e-01
3.010825439783491042e-01 2.830060934326337208e-01
3.017591339648172943e-01 2.830060934326337208e-01
3.031123139377537301e-01 2.830060934326337208e-01
3.031123139377537301e-01 2.850372376438727318e-01
3.037889039242219202e-01 2.850372376438727318e-01
3.037889039242219202e-01 2.884224779959377316e-01
3.051420838971583005e-01 2.884224779959377316e-01
3.058186738836265461e-01 2.884224779959377316e-01
3.058186738836265461e-01 2.890995260663506983e-01
3.071718538565629264e-01 2.890995260663506983e-01
3.071718538565629264e-01 2.897765741367637204e-01
3.092016238159674968e-01 2.897765741367637204e-01
3.092016238159674968e-01 2.918077183480027315e-01
3.105548037889039326e-01 2.918077183480027315e-01
3.112313937753721227e-01 2.918077183480027315e-01
3.112313937753721227e-01 2.924847664184156981e-01
3.119079837618403128e-01 2.924847664184156981e-01
3.119079837618403128e-01 2.931618144888287203e-01
3.132611637347767486e-01 2.931618144888287203e-01
3.146143437077131289e-01 2.931618144888287203e-01
3.146143437077131289e-01 2.945159106296547091e-01
3.152909336941813190e-01 2.945159106296547091e-01
3.179972936400541350e-01 2.945159106296547091e-01
3.179972936400541350e-01 2.951929587000677313e-01
3.186738836265223251e-01 2.951929587000677313e-01
3.186738836265223251e-01 2.972241029113066868e-01
3.193504736129905153e-01 2.972241029113066868e-01
3.193504736129905153e-01 2.979011509817197090e-01
3.200270635994587054e-01 2.979011509817197090e-01
3.200270635994587054e-01 2.985781990521326756e-01
3.220568335588633313e-01 2.985781990521326756e-01
3.220568335588633313e-01 2.992552471225456978e-01
3.240866035182679572e-01 2.992552471225456978e-01
3.240866035182679572e-01 3.006093432633716866e-01
3.240866035182679572e-01 3.019634394041976755e-01
3.261163734776725276e-01 3.019634394041976755e-01
3.261163734776725276e-01 3.026404874746106977e-01
3.267929634641407177e-01 3.026404874746106977e-01
3.267929634641407177e-01 3.039945836154366865e-01
3.281461434370771535e-01 3.039945836154366865e-01
3.294993234100135338e-01 3.039945836154366865e-01
3.301759133964817239e-01 3.039945836154366865e-01
3.301759133964817239e-01 3.053486797562626753e-01
3.315290933694181597e-01 3.053486797562626753e-01
3.322056833558863498e-01 3.053486797562626753e-01
3.342354533152909202e-01 3.053486797562626753e-01
3.342354533152909202e-01 3.067027758970887197e-01
3.349120433017591103e-01 3.067027758970887197e-01
3.349120433017591103e-01 3.107650643195666862e-01
3.355886332882273559e-01 3.107650643195666862e-01
3.355886332882273559e-01 3.127962085308056972e-01
3.362652232746955461e-01 3.127962085308056972e-01
3.362652232746955461e-01 3.134732566012186639e-01
3.382949932341001165e-01 3.134732566012186639e-01
3.382949932341001165e-01 3.141503046716316860e-01
3.389715832205683621e-01 3.141503046716316860e-01
3.389715832205683621e-01 3.155044008124576749e-01
3.403247631935047424e-01 3.155044008124576749e-01
3.403247631935047424e-01 3.161814488828706970e-01
3.423545331529093128e-01 3.161814488828706970e-01
3.423545331529093128e-01 3.182125930941097081e-01
3.437077131258457485e-01 3.182125930941097081e-01
3.437077131258457485e-01 3.195666892349356969e-01
3.437077131258457485e-01 3.209207853757616857e-01
3.443843031123139387e-01 3.209207853757616857e-01
3.443843031123139387e-01 3.215978334461746524e-01
3.457374830852503189e-01 3.222748815165876746e-01
3.470906630581867547e-01 3.222748815165876746e-01
3.470906630581867547e-01 3.243060257278266856e-01
3.477672530446549448e-01 3.243060257278266856e-01
3.484438430311231349e-01 3.249830737982396522e-01
3.484438430311231349e-01 3.256601218686526744e-01
3.497970230040595152e-01 3.256601218686526744e-01
3.511502029769959510e-01 3.256601218686526744e-01
3.511502029769959510e-01 3.263371699390656966e-01
3.518267929634641411e-01 3.263371699390656966e-01
3.518267929634641411e-01 3.290453622207176743e-01
3.531799729364005214e-01 3.290453622207176743e-01
3.531799729364005214e-01 3.303994583615436631e-01
3.545331529093369571e-01 3.303994583615436631e-01
3.545331529093369571e-01 3.310765064319566853e-01
3.558863328822733374e-01 3.310765064319566853e-01
3.558863328822733374e-01 3.317535545023696519e-01
3.572395128552097177e-01 3.317535545023696519e-01
3.572395128552097177e-01 3.331076506431956408e-01
3.585926928281461534e-01 3.331076506431956408e-01
3.585926928281461534e-01 3.344617467840216851e-01
3.599458728010825337e-01 3.344617467840216851e-01
3.599458728010825337e-01 3.371699390656736628e-01
3.606224627875507238e-01 3.371699390656736628e-01
3.606224627875507238e-01 3.385240352064996516e-01
3.619756427604871596e-01 3.385240352064996516e-01
3.626522327469553497e-01 3.385240352064996516e-01
3.626522327469553497e-01 3.398781313473256405e-01
3.640054127198917300e-01 3.398781313473256405e-01
3.660351826792963559e-01 3.398781313473256405e-01
3.667117726657645460e-01 3.398781313473256405e-01
3.667117726657645460e-01 3.405551794177386626e-01
3.673883626522327361e-01 3.405551794177386626e-01
3.673883626522327361e-01 3.419092755585646515e-01
3.680649526387009263e-01 3.419092755585646515e-01
3.680649526387009263e-01 3.432633716993906403e-01
3.687415426251691719e-01 3.432633716993906403e-01
3.687415426251691719e-01 3.446174678402166291e-01
3.694181326116373620e-01 3.446174678402166291e-01
3.707713125845737423e-01 3.446174678402166291e-01
3.714479025710419324e-01 3.446174678402166291e-01
3.714479025710419324e-01 3.452945159106296513e-01
3.721244925575101226e-01 3.452945159106296513e-01
3.721244925575101226e-01 3.466486120514556402e-01
3.728010825439783682e-01 3.466486120514556402e-01
3.728010825439783682e-01 3.480027081922816290e-01
3.734776725304465583e-01 3.480027081922816290e-01
3.734776725304465583e-01 3.520649966147596510e-01
3.741542625169147485e-01 3.520649966147596510e-01
3.741542625169147485e-01 3.540961408259986620e-01
3.755074424898511287e-01 3.540961408259986620e-01
3.755074424898511287e-01 3.547731888964116287e-01
3.768606224627875645e-01 3.547731888964116287e-01
3.768606224627875645e-01 3.595125253893026174e-01
3.775372124492557546e-01 3.595125253893026174e-01
3.775372124492557546e-01 3.601895734597156395e-01
3.782138024357239448e-01 3.601895734597156395e-01
3.782138024357239448e-01 3.608666215301286617e-01
3.788903924221921349e-01 3.608666215301286617e-01
3.788903924221921349e-01 3.622207176709546506e-01
3.809201623815967608e-01 3.622207176709546506e-01
3.809201623815967608e-01 3.662830060934326171e-01
3.822733423545331410e-01 3.662830060934326171e-01
3.822733423545331410e-01 3.716993906567366279e-01
3.836265223274695768e-01 3.716993906567366279e-01
3.836265223274695768e-01 3.744075829383886056e-01
3.849797023004059571e-01 3.744075829383886056e-01
3.849797023004059571e-01 3.750846310088016278e-01
3.856562922868741472e-01 3.750846310088016278e-01
3.870094722598105275e-01 3.750846310088016278e-01
3.870094722598105275e-01 3.757616790792146499e-01
3.876860622462787731e-01 3.757616790792146499e-01
3.876860622462787731e-01 3.764387271496276166e-01
3.903924221921515336e-01 3.764387271496276166e-01
3.903924221921515336e-01 3.771157752200406388e-01
3.924221921515561595e-01 3.771157752200406388e-01
3.924221921515561595e-01 3.798239675016926165e-01
3.930987821380243497e-01 3.798239675016926165e-01
3.944519621109607854e-01 3.798239675016926165e-01
3.944519621109607854e-01 3.811780636425186053e-01
3.964817320703653558e-01 3.811780636425186053e-01
3.964817320703653558e-01 3.818551117129316275e-01
3.971583220568335459e-01 3.818551117129316275e-01
3.971583220568335459e-01 3.832092078537576163e-01
3.998646820027063620e-01 3.832092078537576163e-01
3.998646820027063620e-01 3.838862559241706385e-01
4.005412719891745521e-01 3.838862559241706385e-01
4.005412719891745521e-01 3.852403520649966273e-01
4.018944519621109879e-01 3.852403520649966273e-01
4.025710419485791780e-01 3.852403520649966273e-01
4.025710419485791780e-01 3.859174001354095940e-01
4.039242219215155583e-01 3.859174001354095940e-01
4.066305818673883743e-01 3.859174001354095940e-01
4.073071718538565644e-01 3.859174001354095940e-01
4.073071718538565644e-01 3.865944482058226161e-01
4.079837618403247546e-01 3.865944482058226161e-01
4.093369418132611903e-01 3.865944482058226161e-01
4.106901217861975706e-01 3.865944482058226161e-01
4.106901217861975706e-01 3.872714962762356383e-01
4.113667117726657607e-01 3.872714962762356383e-01
4.113667117726657607e-01 3.879485443466486050e-01
4.127198917456021410e-01 3.879485443466486050e-01
4.147496617050067669e-01 3.879485443466486050e-01
4.147496617050067669e-01 3.886255924170616272e-01
4.154262516914749570e-01 3.886255924170616272e-01
4.154262516914749570e-01 3.893026404874745938e-01
4.161028416779431471e-01 3.893026404874745938e-01
4.161028416779431471e-01 3.899796885578876160e-01
4.167794316644113928e-01 3.899796885578876160e-01
4.167794316644113928e-01 3.906567366283005827e-01
4.181326116373477730e-01 3.906567366283005827e-01
4.188092016238159632e-01 3.906567366283005827e-01
4.188092016238159632e-01 3.926878808395395937e-01
4.194857916102841533e-01 3.926878808395395937e-01
4.194857916102841533e-01 3.933649289099526158e-01
4.201623815967523434e-01 3.933649289099526158e-01
4.201623815967523434e-01 3.953960731211916269e-01
4.208389715832205891e-01 3.953960731211916269e-01
4.208389715832205891e-01 4.001354096140826155e-01
4.215155615696887792e-01 4.001354096140826155e-01
4.215155615696887792e-01 4.008124576844955822e-01
4.221921515561569693e-01 4.008124576844955822e-01
4.221921515561569693e-01 4.014895057549086044e-01
4.235453315290933496e-01 4.014895057549086044e-01
4.248985115020297854e-01 4.014895057549086044e-01
4.248985115020297854e-01 4.021665538253215710e-01
4.262516914749661656e-01 4.021665538253215710e-01
4.282814614343707915e-01 4.021665538253215710e-01
4.282814614343707915e-01 4.028436018957345932e-01
4.289580514208389816e-01 4.028436018957345932e-01
4.289580514208389816e-01 4.035206499661476154e-01
4.296346414073071718e-01 4.035206499661476154e-01
4.296346414073071718e-01 4.048747461069736042e-01
4.303112313937753619e-01 4.048747461069736042e-01
4.303112313937753619e-01 4.055517941773865709e-01
4.316644113667117977e-01 4.055517941773865709e-01
4.316644113667117977e-01 4.082599864590386041e-01
4.330175913396481779e-01 4.082599864590386041e-01
4.330175913396481779e-01 4.102911306702776151e-01
4.343707713125845582e-01 4.102911306702776151e-01
4.343707713125845582e-01 4.109681787406905817e-01
4.357239512855209940e-01 4.109681787406905817e-01
4.357239512855209940e-01 4.150304671631686038e-01
4.370771312584573742e-01 4.150304671631686038e-01
4.370771312584573742e-01 4.157075152335815704e-01
4.384303112313937545e-01 4.157075152335815704e-01
4.391069012178620001e-01 4.157075152335815704e-01
4.391069012178620001e-01 4.163845633039945926e-01
4.397834912043301903e-01 4.163845633039945926e-01
4.397834912043301903e-01 4.177386594448205814e-01
4.411366711772665705e-01 4.177386594448205814e-01
4.431664411366711964e-01 4.177386594448205814e-01
4.431664411366711964e-01 4.204468517264725591e-01
4.451962110960757668e-01 4.204468517264725591e-01
4.451962110960757668e-01 4.211238997968855813e-01
4.465493910690122026e-01 4.211238997968855813e-01
4.465493910690122026e-01 4.224779959377115701e-01
4.472259810554803927e-01 4.224779959377115701e-01
4.472259810554803927e-01 4.231550440081245923e-01
4.479025710419485828e-01 4.231550440081245923e-01
4.492557510148849631e-01 4.231550440081245923e-01
4.506089309878213989e-01 4.231550440081245923e-01
4.506089309878213989e-01 4.238320920785375590e-01
4.519621109607577791e-01 4.238320920785375590e-01
4.533152909336941594e-01 4.238320920785375590e-01
4.546684709066305952e-01 4.238320920785375590e-01
4.560216508795669754e-01 4.238320920785375590e-01
4.560216508795669754e-01 4.251861882193635478e-01
4.573748308525033557e-01 4.251861882193635478e-01
4.573748308525033557e-01 4.278943805010155810e-01
4.580514208389716013e-01 4.278943805010155810e-01
4.580514208389716013e-01 4.292484766418415698e-01
4.587280108254397915e-01 4.292484766418415698e-01
4.594046008119079816e-01 4.299255247122545920e-01
4.600811907983761717e-01 4.299255247122545920e-01
4.600811907983761717e-01 4.306025727826675586e-01
4.621109607577807976e-01 4.306025727826675586e-01
4.621109607577807976e-01 4.312796208530805808e-01
4.641407307171853680e-01 4.312796208530805808e-01
4.641407307171853680e-01 4.333107650643195918e-01
4.648173207036536136e-01 4.333107650643195918e-01
4.648173207036536136e-01 4.339878131347325585e-01
4.661705006765899939e-01 4.339878131347325585e-01
4.661705006765899939e-01 4.360189573459715695e-01
4.668470906630581840e-01 4.360189573459715695e-01
4.668470906630581840e-01 4.373730534867975583e-01
4.675236806495263742e-01 4.373730534867975583e-01
4.675236806495263742e-01 4.380501015572105805e-01
4.682002706359945643e-01 4.380501015572105805e-01
4.682002706359945643e-01 4.387271496276235472e-01
4.709066305818673803e-01 4.387271496276235472e-01
4.709066305818673803e-01 4.394041976980365694e-01
4.722598105548038161e-01 4.394041976980365694e-01
4.722598105548038161e-01 4.400812457684495360e-01
4.736129905277401964e-01 4.400812457684495360e-01
4.736129905277401964e-01 4.421123899796885470e-01
4.742895805142083865e-01 4.421123899796885470e-01
4.742895805142083865e-01 4.454976303317535469e-01
4.756427604871447667e-01 4.454976303317535469e-01
4.756427604871447667e-01 4.461746784021665690e-01
4.797023004059540185e-01 4.461746784021665690e-01
4.810554803788903988e-01 4.461746784021665690e-01
4.810554803788903988e-01 4.482058226134055245e-01
4.830852503382949692e-01 4.482058226134055245e-01
4.844384303112314050e-01 4.482058226134055245e-01
4.844384303112314050e-01 4.502369668246445356e-01
4.851150202976995951e-01 4.502369668246445356e-01
4.851150202976995951e-01 4.522681110358835466e-01
4.878213802435724111e-01 4.522681110358835466e-01
4.891745602165087914e-01 4.522681110358835466e-01
4.891745602165087914e-01 4.549763033175355242e-01
4.898511502029769815e-01 4.549763033175355242e-01
4.912043301759134173e-01 4.549763033175355242e-01
4.918809201623816074e-01 4.549763033175355242e-01
4.918809201623816074e-01 4.556533513879485464e-01
4.939106901217861778e-01 4.556533513879485464e-01
4.939106901217861778e-01 4.583615436696005241e-01
4.945872801082544234e-01 4.583615436696005241e-01
4.945872801082544234e-01 4.597156398104265129e-01
4.945872801082544234e-01 4.624238320920785461e-01
4.952638700947226136e-01 4.624238320920785461e-01
4.952638700947226136e-01 4.631008801624915128e-01
4.966170500676589938e-01 4.631008801624915128e-01
4.966170500676589938e-01 4.651320243737305238e-01
4.979702300405953741e-01 4.651320243737305238e-01
4.979702300405953741e-01 4.685172647257955236e-01
4.993234100135318099e-01 4.685172647257955236e-01
5.006765899864682456e-01 4.685172647257955236e-01
5.020297699594046259e-01 4.685172647257955236e-01
5.020297699594046259e-01 4.691943127962085458e-01
5.040595399188092518e-01 4.691943127962085458e-01
5.040595399188092518e-01 4.705484089370345346e-01
5.054127198917456321e-01 4.705484089370345346e-01
5.054127198917456321e-01 4.725795531482735456e-01
5.060893098782137667e-01 4.725795531482735456e-01
5.074424898511502580e-01 4.725795531482735456e-01
5.081190798376183926e-01 4.725795531482735456e-01
5.081190798376183926e-01 4.732566012186865123e-01
5.101488497970230185e-01 4.732566012186865123e-01
5.101488497970230185e-01 4.739336492890995345e-01
5.108254397834911531e-01 4.739336492890995345e-01
5.121786197564276444e-01 4.739336492890995345e-01
5.128552097428957790e-01 4.739336492890995345e-01
5.128552097428957790e-01 4.746106973595125011e-01
5.135317997293640246e-01 4.746106973595125011e-01
5.135317997293640246e-01 4.759647935003385455e-01
5.148849797023004049e-01 4.759647935003385455e-01
5.162381596752367852e-01 4.759647935003385455e-01
5.162381596752367852e-01 4.766418415707515122e-01
5.169147496617050308e-01 4.766418415707515122e-01
5.169147496617050308e-01 4.773188896411645343e-01
5.182679296346414111e-01 4.773188896411645343e-01
5.182679296346414111e-01 4.779959377115775010e-01
5.189445196211096567e-01 4.779959377115775010e-01
5.189445196211096567e-01 4.786729857819905232e-01
5.196211096075777913e-01 4.786729857819905232e-01
5.223274695534506629e-01 4.786729857819905232e-01
5.230040595399187975e-01 4.786729857819905232e-01
5.243572395128551777e-01 4.786729857819905232e-01
5.243572395128551777e-01 4.800270819228165120e-01
5.250338294993234234e-01 4.800270819228165120e-01
5.250338294993234234e-01 4.820582261340555230e-01
5.263870094722598036e-01 4.820582261340555230e-01
5.277401894451961839e-01 4.820582261340555230e-01
5.277401894451961839e-01 4.847664184157075007e-01
5.284167794316644295e-01 4.847664184157075007e-01
5.284167794316644295e-01 4.854434664861205229e-01
5.290933694181325642e-01 4.854434664861205229e-01
5.290933694181325642e-01 4.867975626269465117e-01
5.297699594046008098e-01 4.867975626269465117e-01
5.297699594046008098e-01 4.881516587677725005e-01
5.304465493910690554e-01 4.881516587677725005e-01
5.304465493910690554e-01 4.888287068381855227e-01
5.317997293640054357e-01 4.888287068381855227e-01
5.317997293640054357e-01 4.908598510494245337e-01
5.324763193504735703e-01 4.908598510494245337e-01
5.324763193504735703e-01 4.915368991198375004e-01
5.338294993234100616e-01 4.915368991198375004e-01
5.338294993234100616e-01 4.922139471902505226e-01
5.345060893098781962e-01 4.922139471902505226e-01
5.345060893098781962e-01 4.928909952606634892e-01
5.351826792963464419e-01 4.928909952606634892e-01
5.351826792963464419e-01 4.942450914014894781e-01
5.358592692828145765e-01 4.942450914014894781e-01
5.372124492557510678e-01 4.942450914014894781e-01
5.372124492557510678e-01 4.955991875423155224e-01
5.385656292286874480e-01 4.955991875423155224e-01
5.385656292286874480e-01 4.976303317535544779e-01
5.412719891745602085e-01 4.976303317535544779e-01
5.412719891745602085e-01 4.989844278943805223e-01
5.419485791610284542e-01 4.989844278943805223e-01
5.419485791610284542e-01 4.996614759647934889e-01
5.426251691474965888e-01 4.996614759647934889e-01
5.426251691474965888e-01 5.010155721056195333e-01
5.433017591339648344e-01 5.010155721056195333e-01
5.433017591339648344e-01 5.030467163168584888e-01
5.446549391069012147e-01 5.030467163168584888e-01
5.446549391069012147e-01 5.057549085985104664e-01
5.453315290933694603e-01 5.057549085985104664e-01
5.453315290933694603e-01 5.084631008801624441e-01
5.460081190798375950e-01 5.084631008801624441e-01
5.460081190798375950e-01 5.104942450914015106e-01
5.493910690121786011e-01 5.104942450914015106e-01
5.493910690121786011e-01 5.111712931618145328e-01
5.500676589986468468e-01 5.111712931618145328e-01
5.500676589986468468e-01 5.118483412322274440e-01
5.507442489851149814e-01 5.118483412322274440e-01
5.507442489851149814e-01 5.125253893026404661e-01
5.520974289580514727e-01 5.125253893026404661e-01
5.534506089309878529e-01 5.125253893026404661e-01
5.534506089309878529e-01 5.132024373730534883e-01
5.554803788903923678e-01 5.132024373730534883e-01
5.554803788903923678e-01 5.138794854434665105e-01
5.561569688768606134e-01 5.138794854434665105e-01
5.561569688768606134e-01 5.145565335138795326e-01
5.575101488497969937e-01 5.145565335138795326e-01
5.575101488497969937e-01 5.152335815842924438e-01
5.581867388362652393e-01 5.152335815842924438e-01
5.581867388362652393e-01 5.159106296547054660e-01
5.588633288227333740e-01 5.159106296547054660e-01
5.588633288227333740e-01 5.165876777251184881e-01
5.615696887686062455e-01 5.165876777251184881e-01
5.615696887686062455e-01 5.186188219363574436e-01
5.622462787550743801e-01 5.186188219363574436e-01
5.635994587280108714e-01 5.186188219363574436e-01
5.642760487144790060e-01 5.186188219363574436e-01
5.642760487144790060e-01 5.240352064996615100e-01
5.656292286874153863e-01 5.240352064996615100e-01
5.656292286874153863e-01 5.247122545700744212e-01
5.663058186738836319e-01 5.247122545700744212e-01
5.663058186738836319e-01 5.287745429925524432e-01
5.669824086603518776e-01 5.287745429925524432e-01
5.669824086603518776e-01 5.294515910629654654e-01
5.676589986468200122e-01 5.294515910629654654e-01
5.690121786197563925e-01 5.294515910629654654e-01
5.690121786197563925e-01 5.314827352742044209e-01
5.696887686062246381e-01 5.314827352742044209e-01
5.696887686062246381e-01 5.321597833446174430e-01
5.703653585926927727e-01 5.321597833446174430e-01
5.703653585926927727e-01 5.348679756262694207e-01
5.717185385656292640e-01 5.348679756262694207e-01
5.717185385656292640e-01 5.362220717670954651e-01
5.730717185385656443e-01 5.362220717670954651e-01
5.757780784844384048e-01 5.362220717670954651e-01
5.757780784844384048e-01 5.368991198375084872e-01
5.764546684709066504e-01 5.368991198375084872e-01
5.764546684709066504e-01 5.375761679079215094e-01
5.778078484438430307e-01 5.375761679079215094e-01
5.784844384303112763e-01 5.375761679079215094e-01
5.784844384303112763e-01 5.389302640487474427e-01
5.791610284167794109e-01 5.389302640487474427e-01
5.791610284167794109e-01 5.396073121191604649e-01
5.798376184032476566e-01 5.396073121191604649e-01
5.798376184032476566e-01 5.416384563303994204e-01
5.811907983761840368e-01 5.416384563303994204e-01
5.811907983761840368e-01 5.450236966824644202e-01
5.818673883626522825e-01 5.450236966824644202e-01
5.818673883626522825e-01 5.490859851049424423e-01
5.832205683355886627e-01 5.490859851049424423e-01
5.832205683355886627e-01 5.531482735274204643e-01
5.838971583220567974e-01 5.531482735274204643e-01
5.838971583220567974e-01 5.538253215978334865e-01
5.852503382949932886e-01 5.538253215978334865e-01
5.852503382949932886e-01 5.545023696682463976e-01
5.859269282814614233e-01 5.545023696682463976e-01
5.859269282814614233e-01 5.558564658090724420e-01
5.872801082543978035e-01 5.558564658090724420e-01
5.872801082543978035e-01 5.572105619498984863e-01
5.893098782138024294e-01 5.572105619498984863e-01
5.893098782138024294e-01 5.585646580907244196e-01
5.899864682002706751e-01 5.585646580907244196e-01
5.899864682002706751e-01 5.612728503723763973e-01
5.906630581867388097e-01 5.612728503723763973e-01
5.906630581867388097e-01 5.626269465132024417e-01
5.920162381596751899e-01 5.626269465132024417e-01
5.920162381596751899e-01 5.646580907244413972e-01
5.926928281461434356e-01 5.646580907244413972e-01
5.940460081190798158e-01 5.646580907244413972e-01
5.947225981055480615e-01 5.646580907244413972e-01
5.947225981055480615e-01 5.666892349356804637e-01
5.953991880920161961e-01 5.666892349356804637e-01
5.953991880920161961e-01 5.673662830060934859e-01
5.960757780784844417e-01 5.673662830060934859e-01
5.960757780784844417e-01 5.707515233581583747e-01
5.967523680649526874e-01 5.707515233581583747e-01
5.967523680649526874e-01 5.734597156398104634e-01
5.974289580514208220e-01 5.734597156398104634e-01
5.974289580514208220e-01 5.754908598510494189e-01
5.987821380243572023e-01 5.754908598510494189e-01
5.987821380243572023e-01 5.768449559918754632e-01
6.001353179972936935e-01 5.768449559918754632e-01
6.021650879566982084e-01 5.768449559918754632e-01
6.021650879566982084e-01 5.775220040622883744e-01
6.028416779431664541e-01 5.775220040622883744e-01
6.028416779431664541e-01 5.788761002031144187e-01
6.041948579161028343e-01 5.788761002031144187e-01
6.041948579161028343e-01 5.795531482735274409e-01
6.048714479025710800e-01 5.795531482735274409e-01
6.062246278755074602e-01 5.795531482735274409e-01
6.062246278755074602e-01 5.802301963439404631e-01
6.069012178619755948e-01 5.802301963439404631e-01
6.069012178619755948e-01 5.842924847664183741e-01
6.075778078484438405e-01 5.842924847664183741e-01
6.075778078484438405e-01 5.849695328368313962e-01
6.082543978349120861e-01 5.849695328368313962e-01
6.082543978349120861e-01 5.856465809072444184e-01
6.096075778078484664e-01 5.856465809072444184e-01
6.096075778078484664e-01 5.876777251184833739e-01
6.109607577807848466e-01 5.876777251184833739e-01
6.116373477672530923e-01 5.876777251184833739e-01
6.116373477672530923e-01 5.890318212593094183e-01
6.129905277401894725e-01 5.890318212593094183e-01
6.129905277401894725e-01 5.897088693297224404e-01
6.136671177266576072e-01 5.897088693297224404e-01
6.150202976995940984e-01 5.897088693297224404e-01
6.150202976995940984e-01 5.910629654705483738e-01
6.156968876860622331e-01 5.910629654705483738e-01
6.156968876860622331e-01 5.924170616113744181e-01
6.163734776725304787e-01 5.924170616113744181e-01
6.177266576454668590e-01 5.924170616113744181e-01
6.177266576454668590e-01 5.937711577522003514e-01
6.211096075778078651e-01 5.937711577522003514e-01
6.211096075778078651e-01 5.951252538930263958e-01
6.217861975642759997e-01 5.951252538930263958e-01
6.217861975642759997e-01 5.958023019634394180e-01
6.231393775372124910e-01 5.958023019634394180e-01
6.231393775372124910e-01 5.964793500338524401e-01
6.238159675236806256e-01 5.964793500338524401e-01
6.238159675236806256e-01 5.985104942450913956e-01
6.244925575101488713e-01 5.985104942450913956e-01
6.244925575101488713e-01 5.998645903859174400e-01
6.251691474966170059e-01 5.998645903859174400e-01
6.251691474966170059e-01 6.032498307379824398e-01
6.258457374830852515e-01 6.032498307379824398e-01
6.271989174560216318e-01 6.032498307379824398e-01
6.271989174560216318e-01 6.039268788083953510e-01
6.278755074424898774e-01 6.039268788083953510e-01
6.278755074424898774e-01 6.086662153012863952e-01
6.299052774018945033e-01 6.086662153012863952e-01
6.299052774018945033e-01 6.120514556533513950e-01
6.312584573748308836e-01 6.120514556533513950e-01
6.319350473612990182e-01 6.120514556533513950e-01
6.319350473612990182e-01 6.134055517941774394e-01
6.326116373477672639e-01 6.134055517941774394e-01
6.326116373477672639e-01 6.147596479350033727e-01
6.339648173207036441e-01 6.147596479350033727e-01
6.353179972936400244e-01 6.147596479350033727e-01
6.353179972936400244e-01 6.167907921462423282e-01
6.366711772665764046e-01 6.167907921462423282e-01
6.366711772665764046e-01 6.174678402166553504e-01
6.380243572395128959e-01 6.174678402166553504e-01
6.380243572395128959e-01 6.188219363574813947e-01
6.387009472259810305e-01 6.188219363574813947e-01
6.387009472259810305e-01 6.208530805687203502e-01
6.393775372124492762e-01 6.208530805687203502e-01
6.393775372124492762e-01 6.235612728503723279e-01
6.400541271989174108e-01 6.235612728503723279e-01
6.400541271989174108e-01 6.255924170616113944e-01
6.407307171853856564e-01 6.255924170616113944e-01
6.407307171853856564e-01 6.323628977657413941e-01
6.414073071718539021e-01 6.323628977657413941e-01
6.414073071718539021e-01 6.364251861882194161e-01
6.420838971583220367e-01 6.364251861882194161e-01
6.420838971583220367e-01 6.371022342586323273e-01
6.427604871447902823e-01 6.371022342586323273e-01
6.427604871447902823e-01 6.377792823290453494e-01
6.434370771312584170e-01 6.377792823290453494e-01
6.447902571041949082e-01 6.377792823290453494e-01
6.447902571041949082e-01 6.384563303994583716e-01
6.454668470906630429e-01 6.384563303994583716e-01
6.454668470906630429e-01 6.425186188219363936e-01
6.461434370771312885e-01 6.425186188219363936e-01
6.474966170500676688e-01 6.425186188219363936e-01
6.481732070365359144e-01 6.425186188219363936e-01
6.481732070365359144e-01 6.438727149627623270e-01
6.495263870094722947e-01 6.438727149627623270e-01
6.502029769959404293e-01 6.438727149627623270e-01
6.502029769959404293e-01 6.452268111035883713e-01
6.522327469553450552e-01 6.452268111035883713e-01
6.522327469553450552e-01 6.459038591740013935e-01
6.529093369418133008e-01 6.459038591740013935e-01
6.529093369418133008e-01 6.492890995260663933e-01
6.549391069012178157e-01 6.492890995260663933e-01
6.549391069012178157e-01 6.506431956668923267e-01
6.562922868741543070e-01 6.506431956668923267e-01
6.562922868741543070e-01 6.513202437373053488e-01
6.589986468200270675e-01 6.513202437373053488e-01
6.596752368064953131e-01 6.513202437373053488e-01
6.596752368064953131e-01 6.533513879485443043e-01
6.603518267929634478e-01 6.533513879485443043e-01
6.603518267929634478e-01 6.547054840893703487e-01
6.617050067658998280e-01 6.547054840893703487e-01
6.617050067658998280e-01 6.560595802301963930e-01
6.617050067658998280e-01 6.567366283006093042e-01
6.644113667117726996e-01 6.567366283006093042e-01
6.644113667117726996e-01 6.580907244414353485e-01
6.650879566982408342e-01 6.580907244414353485e-01
6.650879566982408342e-01 6.594448205822613929e-01
6.664411366711772144e-01 6.594448205822613929e-01
6.677943166441137057e-01 6.594448205822613929e-01
6.677943166441137057e-01 6.648612051455653482e-01
6.684709066305818403e-01 6.648612051455653482e-01
6.684709066305818403e-01 6.655382532159783704e-01
6.705006765899864662e-01 6.655382532159783704e-01
6.705006765899864662e-01 6.682464454976303481e-01
6.718538565629228465e-01 6.682464454976303481e-01
6.718538565629228465e-01 6.696005416384562814e-01
6.725304465493910921e-01 6.696005416384562814e-01
6.725304465493910921e-01 6.702775897088693036e-01
6.732070365358592268e-01 6.702775897088693036e-01
6.732070365358592268e-01 6.709546377792823257e-01
6.745602165087957180e-01 6.709546377792823257e-01
6.745602165087957180e-01 6.716316858496953479e-01
6.759133964817320983e-01 6.716316858496953479e-01
6.759133964817320983e-01 6.729857819905212812e-01
6.765899864682002329e-01 6.729857819905212812e-01
6.765899864682002329e-01 6.743398781313473256e-01
6.779431664411367242e-01 6.743398781313473256e-01
6.792963464140731045e-01 6.743398781313473256e-01
6.792963464140731045e-01 6.756939742721733699e-01
6.799729364005412391e-01 6.756939742721733699e-01
6.799729364005412391e-01 6.784021665538253476e-01
6.813261163734776193e-01 6.784021665538253476e-01
6.813261163734776193e-01 6.811103588354773253e-01
6.820027063599458650e-01 6.811103588354773253e-01
6.820027063599458650e-01 6.817874069058903475e-01
6.826792963464141106e-01 6.817874069058903475e-01
6.826792963464141106e-01 6.831415030467162808e-01
6.840324763193504909e-01 6.831415030467162808e-01
6.840324763193504909e-01 6.838185511171293030e-01
6.853856562922868711e-01 6.838185511171293030e-01
6.860622462787551168e-01 6.838185511171293030e-01
6.874154262516914971e-01 6.838185511171293030e-01
6.874154262516914971e-01 6.858496953283683695e-01
6.887686062246278773e-01 6.858496953283683695e-01
6.894451962110961230e-01 6.858496953283683695e-01
6.894451962110961230e-01 6.865267433987812806e-01
6.907983761840325032e-01 6.865267433987812806e-01
6.907983761840325032e-01 6.905890318212593026e-01
6.914749661705006378e-01 6.905890318212593026e-01
6.914749661705006378e-01 6.912660798916723248e-01
6.921515561569688835e-01 6.912660798916723248e-01
6.921515561569688835e-01 6.926201760324982581e-01
6.928281461434371291e-01 6.926201760324982581e-01
6.928281461434371291e-01 6.939742721733243025e-01
6.955345060893098896e-01 6.939742721733243025e-01
6.955345060893098896e-01 6.946513202437373247e-01
6.962110960757780243e-01 6.946513202437373247e-01
6.962110960757780243e-01 6.953283683141503468e-01
6.968876860622462699e-01 6.953283683141503468e-01
6.968876860622462699e-01 6.980365605958023245e-01
6.975642760487145155e-01 6.980365605958023245e-01
6.975642760487145155e-01 6.987136086662153467e-01
6.995940460081190304e-01 6.987136086662153467e-01
6.995940460081190304e-01 6.993906567366282578e-01
7.016238159675236563e-01 6.993906567366282578e-01
7.016238159675236563e-01 7.034529451591062799e-01
7.023004059539919020e-01 7.034529451591062799e-01
7.023004059539919020e-01 7.041299932295193020e-01
7.029769959404600366e-01 7.041299932295193020e-01
7.029769959404600366e-01 7.048070412999323242e-01
7.070365358592692884e-01 7.048070412999323242e-01
7.077131258457375340e-01 7.048070412999323242e-01
7.077131258457375340e-01 7.068381855111712797e-01
7.090663058186739143e-01 7.068381855111712797e-01
7.090663058186739143e-01 7.081922816519973241e-01
7.097428958051420489e-01 7.081922816519973241e-01
7.097428958051420489e-01 7.122545700744752351e-01
7.110960757780784292e-01 7.122545700744752351e-01
7.124492557510149204e-01 7.122545700744752351e-01
7.144790257104194353e-01 7.122545700744752351e-01
7.144790257104194353e-01 7.129316181448882572e-01
7.158322056833559266e-01 7.129316181448882572e-01
7.165087956698240612e-01 7.129316181448882572e-01
7.178619756427604415e-01 7.129316181448882572e-01
7.185385656292286871e-01 7.129316181448882572e-01
7.185385656292286871e-01 7.136086662153012794e-01
7.192151556156969328e-01 7.136086662153012794e-01
7.192151556156969328e-01 7.169939065673662792e-01
7.198917456021650674e-01 7.169939065673662792e-01
7.198917456021650674e-01 7.183480027081923236e-01
7.205683355886333130e-01 7.183480027081923236e-01
7.205683355886333130e-01 7.190250507786052347e-01
7.219215155615696933e-01 7.190250507786052347e-01
7.225981055480379389e-01 7.190250507786052347e-01
7.225981055480379389e-01 7.203791469194312791e-01
7.239512855209743192e-01 7.203791469194312791e-01
7.239512855209743192e-01 7.210561949898443013e-01
7.246278755074424538e-01 7.210561949898443013e-01
7.246278755074424538e-01 7.244414353419093011e-01
7.259810554803789451e-01 7.244414353419093011e-01
7.259810554803789451e-01 7.264725795531482566e-01
7.266576454668470797e-01 7.264725795531482566e-01
7.280108254397834600e-01 7.264725795531482566e-01
7.280108254397834600e-01 7.271496276235612788e-01
7.293640054127198402e-01 7.271496276235612788e-01
7.293640054127198402e-01 7.278266756939743010e-01
7.300405953991880859e-01 7.278266756939743010e-01
7.300405953991880859e-01 7.285037237643873231e-01
7.307171853856563315e-01 7.285037237643873231e-01
7.307171853856563315e-01 7.298578199052132565e-01
7.320703653585927118e-01 7.298578199052132565e-01
7.327469553450608464e-01 7.298578199052132565e-01
7.327469553450608464e-01 7.305348679756262786e-01
7.341001353179973377e-01 7.305348679756262786e-01
7.341001353179973377e-01 7.318889641164523230e-01
7.368064952638700982e-01 7.318889641164523230e-01
7.368064952638700982e-01 7.339201083276912785e-01
7.374830852503383438e-01 7.339201083276912785e-01
7.374830852503383438e-01 7.345971563981043007e-01
7.388362652232747241e-01 7.345971563981043007e-01
7.422192151556157302e-01 7.345971563981043007e-01
7.435723951285521105e-01 7.345971563981043007e-01
7.435723951285521105e-01 7.373053486797562783e-01
7.442489851150202451e-01 7.373053486797562783e-01
7.442489851150202451e-01 7.413676371022343004e-01
7.449255751014884908e-01 7.413676371022343004e-01
7.449255751014884908e-01 7.420446851726472115e-01
7.483085250338294969e-01 7.420446851726472115e-01
7.483085250338294969e-01 7.427217332430602337e-01
7.496617050067658772e-01 7.427217332430602337e-01
7.496617050067658772e-01 7.440758293838862780e-01
7.503382949932341228e-01 7.440758293838862780e-01
7.503382949932341228e-01 7.447528774542993002e-01
7.510148849797022574e-01 7.447528774542993002e-01
7.510148849797022574e-01 7.454299255247122113e-01
7.523680649526387487e-01 7.454299255247122113e-01
7.523680649526387487e-01 7.481381178063643000e-01
7.537212449255751290e-01 7.481381178063643000e-01
7.537212449255751290e-01 7.494922139471902334e-01
7.557510148849797549e-01 7.494922139471902334e-01
7.557510148849797549e-01 7.522004062288422110e-01
7.564276048714478895e-01 7.522004062288422110e-01
7.564276048714478895e-01 7.528774542992552332e-01
7.577807848443842698e-01 7.528774542992552332e-01
7.577807848443842698e-01 7.535545023696682554e-01
7.598105548037888957e-01 7.535545023696682554e-01
7.598105548037888957e-01 7.562626946513202331e-01
7.604871447902571413e-01 7.562626946513202331e-01
7.604871447902571413e-01 7.582938388625591886e-01
7.611637347767252759e-01 7.582938388625591886e-01
7.611637347767252759e-01 7.596479350033852329e-01
7.625169147496616562e-01 7.596479350033852329e-01
7.625169147496616562e-01 7.603249830737982551e-01
7.631935047361299018e-01 7.603249830737982551e-01
7.631935047361299018e-01 7.623561272850372106e-01
7.645466847090662821e-01 7.623561272850372106e-01
7.672530446549391536e-01 7.623561272850372106e-01
7.672530446549391536e-01 7.630331753554502328e-01
7.679296346414072882e-01 7.630331753554502328e-01
7.679296346414072882e-01 7.643872714962762771e-01
7.686062246278755339e-01 7.643872714962762771e-01
7.699594046008119141e-01 7.643872714962762771e-01
7.706359945872801598e-01 7.643872714962762771e-01
7.706359945872801598e-01 7.650643195666891883e-01
7.713125845737482944e-01 7.650643195666891883e-01
7.713125845737482944e-01 7.670954637779282548e-01
7.733423545331529203e-01 7.670954637779282548e-01
7.733423545331529203e-01 7.677725118483412770e-01
7.740189445196210549e-01 7.677725118483412770e-01
7.740189445196210549e-01 7.691266079891672103e-01
7.753721244925575462e-01 7.691266079891672103e-01
7.753721244925575462e-01 7.704807041299932546e-01
7.760487144790256808e-01 7.704807041299932546e-01
7.760487144790256808e-01 7.731888964116452323e-01
7.767253044654939265e-01 7.731888964116452323e-01
7.767253044654939265e-01 7.758970886932972100e-01
7.774018944519620611e-01 7.758970886932972100e-01
7.774018944519620611e-01 7.765741367637102321e-01
7.780784844384303067e-01 7.765741367637102321e-01
7.780784844384303067e-01 7.819905213270141875e-01
7.794316644113666870e-01 7.819905213270141875e-01
7.794316644113666870e-01 7.840216655382532540e-01
7.807848443843030672e-01 7.840216655382532540e-01
7.807848443843030672e-01 7.846987136086661652e-01
7.814614343707713129e-01 7.846987136086661652e-01
7.814614343707713129e-01 7.867298578199052317e-01
7.821380243572395585e-01 7.867298578199052317e-01
7.821380243572395585e-01 7.880839539607311650e-01
7.841677943166440734e-01 7.880839539607311650e-01
7.841677943166440734e-01 7.894380501015572094e-01
7.848443843031123190e-01 7.894380501015572094e-01
7.848443843031123190e-01 7.901150981719702315e-01
7.861975642760486993e-01 7.901150981719702315e-01
7.861975642760486993e-01 7.928232904536222092e-01
7.868741542625169449e-01 7.928232904536222092e-01
7.868741542625169449e-01 7.935003385240352314e-01
7.882273342354533252e-01 7.935003385240352314e-01
7.882273342354533252e-01 7.948544346648611647e-01
7.889039242219215708e-01 7.948544346648611647e-01
7.889039242219215708e-01 7.955314827352741869e-01
7.895805142083897055e-01 7.955314827352741869e-01
7.895805142083897055e-01 7.962085308056872091e-01
7.909336941813260857e-01 7.962085308056872091e-01
7.909336941813260857e-01 7.968855788761002312e-01
7.922868741542624660e-01 7.968855788761002312e-01
7.922868741542624660e-01 7.975626269465132534e-01
7.943166441136670919e-01 7.975626269465132534e-01
7.943166441136670919e-01 7.995937711577522089e-01
7.949932341001353375e-01 7.995937711577522089e-01
7.949932341001353375e-01 8.029790115098172087e-01
7.956698240866034721e-01 8.029790115098172087e-01
7.956698240866034721e-01 8.036560595802302309e-01
7.970230040595399634e-01 8.036560595802302309e-01
7.970230040595399634e-01 8.050101557210561642e-01
7.976995940460080980e-01 8.050101557210561642e-01
7.976995940460080980e-01 8.077183480027081419e-01
7.990527740189444783e-01 8.077183480027081419e-01
7.990527740189444783e-01 8.117806364251861639e-01
7.997293640054127239e-01 8.117806364251861639e-01
8.010825439783491042e-01 8.117806364251861639e-01
8.010825439783491042e-01 8.124576844955991861e-01
8.024357239512854845e-01 8.124576844955991861e-01
8.024357239512854845e-01 8.131347325660122083e-01
8.044654939106901104e-01 8.131347325660122083e-01
8.044654939106901104e-01 8.138117806364252305e-01
8.051420838971583560e-01 8.138117806364252305e-01
8.051420838971583560e-01 8.144888287068381416e-01
8.064952638700947363e-01 8.144888287068381416e-01
8.064952638700947363e-01 8.165199729180772081e-01
8.071718538565628709e-01 8.165199729180772081e-01
8.071718538565628709e-01 8.171970209884902303e-01
8.078484438430311165e-01 8.171970209884902303e-01
8.078484438430311165e-01 8.185511171293161636e-01
8.085250338294993622e-01 8.185511171293161636e-01
8.085250338294993622e-01 8.199052132701422080e-01
8.098782138024357424e-01 8.199052132701422080e-01
8.098782138024357424e-01 8.212593094109681413e-01
8.105548037889038770e-01 8.212593094109681413e-01
8.105548037889038770e-01 8.219363574813811635e-01
8.119079837618403683e-01 8.219363574813811635e-01
8.119079837618403683e-01 8.226134055517941857e-01
8.132611637347767486e-01 8.226134055517941857e-01
8.139377537212448832e-01 8.226134055517941857e-01
8.139377537212448832e-01 8.232904536222072078e-01
8.159675236806495091e-01 8.232904536222072078e-01
8.159675236806495091e-01 8.259986459038591855e-01
8.166441136671177548e-01 8.259986459038591855e-01
8.179972936400541350e-01 8.259986459038591855e-01
8.179972936400541350e-01 8.266756939742722077e-01
8.193504736129905153e-01 8.266756939742722077e-01
8.207036535859268955e-01 8.266756939742722077e-01
8.213802435723951412e-01 8.266756939742722077e-01
8.227334235453315214e-01 8.266756939742722077e-01
8.227334235453315214e-01 8.273527420446851188e-01
8.234100135317997671e-01 8.273527420446851188e-01
8.247631935047361473e-01 8.273527420446851188e-01
8.247631935047361473e-01 8.280297901150981410e-01
8.274695534506089079e-01 8.280297901150981410e-01
8.274695534506089079e-01 8.287068381855111632e-01
8.281461434370771535e-01 8.287068381855111632e-01
8.281461434370771535e-01 8.300609343263372075e-01
8.294993234100135338e-01 8.300609343263372075e-01
8.294993234100135338e-01 8.341232227488151185e-01
8.301759133964817794e-01 8.341232227488151185e-01
8.301759133964817794e-01 8.348002708192281407e-01
8.328822733423545399e-01 8.348002708192281407e-01
8.328822733423545399e-01 8.381855111712931405e-01
8.335588633288227856e-01 8.381855111712931405e-01
8.335588633288227856e-01 8.395396073121191849e-01
8.355886332882273004e-01 8.395396073121191849e-01
8.355886332882273004e-01 8.402166553825322071e-01
8.362652232746955461e-01 8.402166553825322071e-01
8.376184032476319263e-01 8.402166553825322071e-01
8.376184032476319263e-01 8.415707515233581404e-01
8.389715832205683066e-01 8.415707515233581404e-01
8.389715832205683066e-01 8.442789438050101181e-01
8.416779431664411781e-01 8.442789438050101181e-01
8.416779431664411781e-01 8.449559918754231402e-01
8.423545331529093128e-01 8.449559918754231402e-01
8.423545331529093128e-01 8.496953283683141844e-01
8.430311231393775584e-01 8.496953283683141844e-01
8.450608930987821843e-01 8.496953283683141844e-01
8.457374830852503189e-01 8.496953283683141844e-01
8.457374830852503189e-01 8.510494245091401178e-01
8.511502029769959510e-01 8.510494245091401178e-01
8.511502029769959510e-01 8.517264725795531399e-01
8.525033829499323312e-01 8.517264725795531399e-01
8.525033829499323312e-01 8.544346648612051176e-01
8.531799729364005769e-01 8.544346648612051176e-01
8.531799729364005769e-01 8.551117129316181398e-01
8.545331529093369571e-01 8.551117129316181398e-01
8.545331529093369571e-01 8.571428571428570953e-01
8.552097428958050918e-01 8.571428571428570953e-01
8.552097428958050918e-01 8.578199052132701175e-01
8.558863328822733374e-01 8.578199052132701175e-01
8.558863328822733374e-01 8.584969532836831396e-01
8.572395128552097177e-01 8.584969532836831396e-01
8.572395128552097177e-01 8.591740013540961618e-01
8.585926928281460979e-01 8.591740013540961618e-01
8.592692828146143436e-01 8.591740013540961618e-01
8.592692828146143436e-01 8.598510494245091840e-01
8.606224627875507238e-01 8.598510494245091840e-01
8.612990527740189695e-01 8.598510494245091840e-01
8.612990527740189695e-01 8.605280974949220951e-01
8.619756427604871041e-01 8.605280974949220951e-01
8.619756427604871041e-01 8.618821936357481395e-01
8.640054127198917300e-01 8.618821936357481395e-01
8.640054127198917300e-01 8.632362897765741838e-01
8.646820027063599756e-01 8.632362897765741838e-01
8.646820027063599756e-01 8.666215301286391837e-01
8.660351826792963559e-01 8.666215301286391837e-01
8.660351826792963559e-01 8.679756262694651170e-01
8.667117726657646015e-01 8.679756262694651170e-01
8.667117726657646015e-01 8.686526743398781392e-01
8.680649526387009818e-01 8.686526743398781392e-01
8.694181326116373620e-01 8.686526743398781392e-01
8.694181326116373620e-01 8.700067704807041835e-01
8.700947225981054967e-01 8.700067704807041835e-01
8.721244925575101226e-01 8.700067704807041835e-01
8.734776725304465028e-01 8.700067704807041835e-01
8.734776725304465028e-01 8.727149627623561612e-01
8.741542625169147485e-01 8.727149627623561612e-01
8.741542625169147485e-01 8.733920108327690723e-01
8.761840324763193744e-01 8.733920108327690723e-01
8.761840324763193744e-01 8.740690589031820945e-01
8.775372124492557546e-01 8.740690589031820945e-01
8.788903924221921349e-01 8.740690589031820945e-01
8.795669824086603805e-01 8.740690589031820945e-01
8.795669824086603805e-01 8.747461069735951167e-01
8.809201623815967608e-01 8.747461069735951167e-01
8.809201623815967608e-01 8.754231550440081389e-01
8.815967523680650064e-01 8.754231550440081389e-01
8.815967523680650064e-01 8.767772511848340722e-01
8.829499323410013867e-01 8.767772511848340722e-01
8.829499323410013867e-01 8.774542992552470944e-01
8.836265223274695213e-01 8.774542992552470944e-01
8.836265223274695213e-01 8.781313473256601165e-01
8.849797023004059016e-01 8.781313473256601165e-01
8.863328822733423928e-01 8.781313473256601165e-01
8.863328822733423928e-01 8.794854434664861609e-01
8.870094722598105275e-01 8.794854434664861609e-01
8.870094722598105275e-01 8.808395396073120942e-01
8.876860622462787731e-01 8.808395396073120942e-01
8.876860622462787731e-01 8.815165876777251164e-01
8.890392422192151534e-01 8.815165876777251164e-01
8.890392422192151534e-01 8.828706838185511607e-01
8.903924221921515336e-01 8.828706838185511607e-01
8.917456021650879139e-01 8.828706838185511607e-01
8.944519621109607854e-01 8.828706838185511607e-01
8.944519621109607854e-01 8.835477318889640719e-01
8.951285520974289200e-01 8.835477318889640719e-01
8.971583220568335459e-01 8.835477318889640719e-01
8.985115020297699262e-01 8.835477318889640719e-01
8.985115020297699262e-01 8.842247799593770941e-01
8.991880920162381718e-01 8.842247799593770941e-01
8.991880920162381718e-01 8.849018280297901162e-01
9.005412719891745521e-01 8.849018280297901162e-01
9.005412719891745521e-01 8.862559241706161606e-01
9.018944519621109324e-01 8.862559241706161606e-01
9.039242219215155583e-01 8.862559241706161606e-01
9.039242219215155583e-01 8.889641164522681382e-01
9.046008119079838039e-01 8.889641164522681382e-01
9.046008119079838039e-01 8.896411645226811604e-01
9.052774018944519385e-01 8.896411645226811604e-01
9.052774018944519385e-01 8.916723087339201159e-01
9.059539918809201842e-01 8.916723087339201159e-01
9.059539918809201842e-01 8.937034529451590714e-01
9.066305818673883188e-01 8.937034529451590714e-01
9.066305818673883188e-01 8.950575490859851158e-01
9.073071718538565644e-01 8.950575490859851158e-01
9.073071718538565644e-01 8.964116452268110491e-01
9.093369418132611903e-01 8.964116452268110491e-01
9.093369418132611903e-01 9.004739336492890711e-01
9.100135317997293249e-01 9.004739336492890711e-01
9.100135317997293249e-01 9.052132701421801153e-01
9.113667117726658162e-01 9.052132701421801153e-01
9.113667117726658162e-01 9.058903182125931375e-01
9.120433017591339508e-01 9.058903182125931375e-01
9.120433017591339508e-01 9.072444143534190708e-01
9.127198917456021965e-01 9.072444143534190708e-01
9.127198917456021965e-01 9.092755585646581373e-01
9.154262516914749570e-01 9.092755585646581373e-01
9.154262516914749570e-01 9.099526066350710485e-01
9.161028416779432026e-01 9.099526066350710485e-01
9.161028416779432026e-01 9.113067027758970928e-01
9.181326116373477175e-01 9.113067027758970928e-01
9.181326116373477175e-01 9.133378469871360483e-01
9.215155615696887237e-01 9.133378469871360483e-01
9.215155615696887237e-01 9.146919431279620927e-01
9.221921515561569693e-01 9.146919431279620927e-01
9.221921515561569693e-01 9.174001354096140703e-01
9.228687415426252150e-01 9.174001354096140703e-01
9.242219215155615952e-01 9.174001354096140703e-01
9.248985115020297298e-01 9.174001354096140703e-01
9.248985115020297298e-01 9.180771834800270925e-01
9.255751014884979755e-01 9.180771834800270925e-01
9.255751014884979755e-01 9.207853757616790702e-01
9.262516914749662211e-01 9.207853757616790702e-01
9.262516914749662211e-01 9.234935680433310479e-01
9.269282814614343557e-01 9.234935680433310479e-01
9.269282814614343557e-01 9.255247122545701144e-01
9.282814614343707360e-01 9.255247122545701144e-01
9.282814614343707360e-01 9.268788083953960477e-01
9.316644113667117422e-01 9.268788083953960477e-01
9.316644113667117422e-01 9.275558564658090699e-01
9.323410013531799878e-01 9.275558564658090699e-01
9.323410013531799878e-01 9.282329045362220921e-01
9.350473612990527483e-01 9.282329045362220921e-01
9.370771312584573742e-01 9.282329045362220921e-01
9.370771312584573742e-01 9.289099526066351142e-01
9.384303112313937545e-01 9.289099526066351142e-01
9.384303112313937545e-01 9.295870006770480254e-01
9.397834912043301347e-01 9.295870006770480254e-01
9.397834912043301347e-01 9.302640487474610476e-01
9.411366711772666260e-01 9.302640487474610476e-01
9.424898511502030063e-01 9.302640487474610476e-01
9.438430311231393866e-01 9.302640487474610476e-01
9.438430311231393866e-01 9.316181448882870919e-01
9.445196211096076322e-01 9.316181448882870919e-01
9.445196211096076322e-01 9.322951929587001141e-01
9.451962110960757668e-01 9.322951929587001141e-01
9.451962110960757668e-01 9.336492890995260474e-01
9.465493910690121471e-01 9.336492890995260474e-01
9.465493910690121471e-01 9.350033852403520918e-01
9.472259810554803927e-01 9.350033852403520918e-01
9.472259810554803927e-01 9.356804333107651139e-01
9.479025710419485273e-01 9.356804333107651139e-01
9.479025710419485273e-01 9.370345294515910473e-01
9.485791610284167730e-01 9.370345294515910473e-01
9.499323410013531532e-01 9.370345294515910473e-01
9.499323410013531532e-01 9.397427217332430249e-01
9.519621109607577791e-01 9.397427217332430249e-01
9.519621109607577791e-01 9.410968178740690693e-01
9.526387009472260248e-01 9.410968178740690693e-01
9.526387009472260248e-01 9.424509140148950026e-01
9.533152909336941594e-01 9.424509140148950026e-01
9.533152909336941594e-01 9.431279620853080248e-01
9.539918809201624050e-01 9.431279620853080248e-01
9.553450608930987853e-01 9.431279620853080248e-01
9.553450608930987853e-01 9.438050101557210469e-01
9.566982408660351656e-01 9.438050101557210469e-01
9.566982408660351656e-01 9.451591062965470913e-01
9.566982408660351656e-01 9.471902505077860468e-01
9.580514208389715458e-01 9.471902505077860468e-01
9.580514208389715458e-01 9.485443466486120911e-01
9.594046008119080371e-01 9.485443466486120911e-01
9.594046008119080371e-01 9.492213947190250023e-01
9.614343707713125520e-01 9.492213947190250023e-01
9.614343707713125520e-01 9.519295870006770910e-01
9.621109607577807976e-01 9.519295870006770910e-01
9.621109607577807976e-01 9.553148273527420908e-01
9.627875507442489322e-01 9.553148273527420908e-01
9.648173207036535581e-01 9.553148273527420908e-01
9.648173207036535581e-01 9.566689234935680242e-01
9.661705006765899384e-01 9.566689234935680242e-01
9.661705006765899384e-01 9.573459715639810463e-01
9.668470906630581840e-01 9.573459715639810463e-01
9.682002706359945643e-01 9.573459715639810463e-01
9.695534506089309446e-01 9.573459715639810463e-01
9.709066305818674358e-01 9.573459715639810463e-01
9.715832205683355705e-01 9.573459715639810463e-01
9.715832205683355705e-01 9.587000677048070907e-01
9.722598105548038161e-01 9.587000677048070907e-01
9.722598105548038161e-01 9.607312119160460462e-01
9.736129905277401964e-01 9.607312119160460462e-01
9.736129905277401964e-01 9.614082599864590684e-01
9.742895805142084420e-01 9.614082599864590684e-01
9.742895805142084420e-01 9.620853080568720905e-01
9.749661705006765766e-01 9.620853080568720905e-01
9.749661705006765766e-01 9.627623561272850017e-01
9.756427604871448223e-01 9.627623561272850017e-01
9.756427604871448223e-01 9.675016926201760459e-01
9.769959404600812025e-01 9.675016926201760459e-01
9.769959404600812025e-01 9.695328368314150014e-01
9.797023004059539630e-01 9.695328368314150014e-01
9.797023004059539630e-01 9.708869329722410457e-01
9.810554803788903433e-01 9.708869329722410457e-01
9.810554803788903433e-01 9.715639810426540679e-01
9.824086603518268346e-01 9.715639810426540679e-01
9.837618403247632148e-01 9.715639810426540679e-01
9.844384303112313495e-01 9.715639810426540679e-01
9.844384303112313495e-01 9.763033175355450011e-01
9.851150202976995951e-01 9.763033175355450011e-01
9.851150202976995951e-01 9.776574136763710454e-01
9.857916102841678407e-01 9.776574136763710454e-01
9.857916102841678407e-01 9.783344617467840676e-01
9.864682002706359754e-01 9.783344617467840676e-01
9.864682002706359754e-01 9.796885578876100009e-01
9.878213802435723556e-01 9.796885578876100009e-01
9.878213802435723556e-01 9.823967501692619786e-01
9.891745602165088469e-01 9.823967501692619786e-01
9.891745602165088469e-01 9.844278943805010451e-01
9.898511502029769815e-01 9.844278943805010451e-01
9.898511502029769815e-01 9.857819905213269784e-01
9.912043301759133618e-01 9.857819905213269784e-01
9.912043301759133618e-01 9.878131347325660450e-01
9.918809201623816074e-01 9.878131347325660450e-01
9.918809201623816074e-01 9.898442789438050005e-01
9.932341001353179877e-01 9.898442789438050005e-01
9.939106901217862333e-01 9.898442789438050005e-01
9.939106901217862333e-01 9.925524712254569781e-01
9.952638700947226136e-01 9.925524712254569781e-01
9.959404600811907482e-01 9.925524712254569781e-01
9.959404600811907482e-01 9.945836154366960447e-01
9.966170500676589938e-01 9.945836154366960447e-01
9.966170500676589938e-01 9.952606635071089558e-01
9.972936400541272395e-01 9.952606635071089558e-01
9.972936400541272395e-01 9.966147596479350002e-01
9.986468200270636197e-01 9.966147596479350002e-01
9.986468200270636197e-01 9.972918077183480223e-01
1.000000000000000000e+00 9.972918077183480223e-01
1.000000000000000000e+00 1.000000000000000000e+00
