0.000000000000000000e+00 0.000000000000000000e+00
0.000000000000000000e+00 6.770480704129992972e-04
1.353179972936400643e-03 6.770480704129992972e-04
1.353179972936400643e-03 4.062288422477996000e-03
2.706359945872801286e-03 4.062288422477996000e-03
2.706359945872801286e-03 6.093432633716994000e-03
4.059539918809201495e-03 6.093432633716994000e-03
4.059539918809201495e-03 6.770480704129993622e-03
4.736129905277402033e-03 6.770480704129993622e-03
4.736129905277402033e-03 8.124576844955992000e-03
5.412719891745602571e-03 8.124576844955992000e-03
8.119079837618402989e-03 8.124576844955992000e-03
8.795669824086603528e-03 8.124576844955992000e-03
8.795669824086603528e-03 9.478672985781991245e-03
1.082543978349120514e-02 9.478672985781991245e-03
1.082543978349120514e-02 1.218686526743398800e-02
1.150202976995940395e-02 1.218686526743398800e-02
1.150202976995940395e-02 1.489505754908598475e-02
1.285520974289580502e-02 1.489505754908598475e-02
1.285520974289580502e-02 1.557210561949898438e-02
1.420838971583220610e-02 1.557210561949898438e-02
1.420838971583220610e-02 1.624915368991198400e-02
1.556156968876860544e-02 1.624915368991198400e-02
1.556156968876860544e-02 1.828029790115098113e-02
1.691474966170500652e-02 1.828029790115098113e-02
1.691474966170500652e-02 1.963439404197698038e-02
1.826792963464140759e-02 1.963439404197698038e-02
1.962110960757780867e-02 1.963439404197698038e-02
1.962110960757780867e-02 2.505077860528097389e-02
2.029769959404600921e-02 2.505077860528097389e-02
2.029769959404600921e-02 2.640487474610697313e-02
2.165087956698241028e-02 2.640487474610697313e-02
2.165087956698241028e-02 2.708192281651997449e-02
2.300405953991880789e-02 2.708192281651997449e-02
2.368064952638700843e-02 2.708192281651997449e-02
2.368064952638700843e-02 2.775897088693297238e-02
2.435723951285520897e-02 2.775897088693297238e-02
2.435723951285520897e-02 2.911306702775897162e-02
2.503382949932340951e-02 2.911306702775897162e-02
2.503382949932340951e-02 2.979011509817196951e-02
2.638700947225981058e-02 2.979011509817196951e-02
2.638700947225981058e-02 3.182125930941096664e-02
2.774018944519621166e-02 3.182125930941096664e-02
2.841677943166441220e-02 3.182125930941096664e-02
2.841677943166441220e-02 3.249830737982396800e-02
3.044654939106901381e-02 3.249830737982396800e-02
3.044654939106901381e-02 3.452945159106296513e-02
3.112313937753721088e-02 3.452945159106296513e-02
3.112313937753721088e-02 3.520649966147596649e-02
3.247631935047361196e-02 3.520649966147596649e-02
3.247631935047361196e-02 3.656059580230196226e-02
3.315290933694181597e-02 3.656059580230196226e-02
3.450608930987821704e-02 3.656059580230196226e-02
3.518267929634641411e-02 3.656059580230196226e-02
3.518267929634641411e-02 3.723764387271496362e-02
3.585926928281461118e-02 3.723764387271496362e-02
3.585926928281461118e-02 3.791469194312796498e-02
3.653585926928281519e-02 3.791469194312796498e-02
3.653585926928281519e-02 3.994583615436696211e-02
3.788903924221921626e-02 3.994583615436696211e-02
3.856562922868741333e-02 3.994583615436696211e-02
3.856562922868741333e-02 4.129993229519295789e-02
3.924221921515561734e-02 4.129993229519295789e-02
3.924221921515561734e-02 4.468517264725795773e-02
3.991880920162381441e-02 4.468517264725795773e-02
3.991880920162381441e-02 4.603926878808395351e-02
4.059539918809201842e-02 4.603926878808395351e-02
4.059539918809201842e-02 4.671631685849695487e-02
4.194857916102841949e-02 4.671631685849695487e-02
4.262516914749661656e-02 4.671631685849695487e-02
4.262516914749661656e-02 4.807041299932295064e-02
4.330175913396482057e-02 4.807041299932295064e-02
4.330175913396482057e-02 5.280974949221394626e-02
4.465493910690121471e-02 5.280974949221394626e-02
4.600811907983761578e-02 5.280974949221394626e-02
4.736129905277401686e-02 5.280974949221394626e-02
4.736129905277401686e-02 5.348679756262694762e-02
4.871447902571041794e-02 5.348679756262694762e-02
5.006765899864681901e-02 5.348679756262694762e-02
5.006765899864681901e-02 5.416384563303994898e-02
5.277401894451962117e-02 5.416384563303994898e-02
5.277401894451962117e-02 5.484089370345294340e-02
5.412719891745602224e-02 5.484089370345294340e-02
5.412719891745602224e-02 5.551794177386594475e-02
5.548037889039242332e-02 5.551794177386594475e-02
5.548037889039242332e-02 5.687203791469194053e-02
5.818673883626522547e-02 5.687203791469194053e-02
5.886332882273342254e-02 5.687203791469194053e-02
6.021650879566982362e-02 5.687203791469194053e-02
6.021650879566982362e-02 5.822613405551794324e-02
6.089309878213802762e-02 5.822613405551794324e-02
6.089309878213802762e-02 5.890318212593093766e-02
6.156968876860622469e-02 5.890318212593093766e-02
6.156968876860622469e-02 6.093432633716994173e-02
6.224627875507442176e-02 6.093432633716994173e-02
6.224627875507442176e-02 6.161137440758293615e-02
6.292286874154262577e-02 6.161137440758293615e-02
6.292286874154262577e-02 6.228842247799593751e-02
6.359945872801082978e-02 6.228842247799593751e-02
6.495263870094722392e-02 6.228842247799593751e-02
6.495263870094722392e-02 6.702775897088693313e-02
6.562922868741542792e-02 6.702775897088693313e-02
6.562922868741542792e-02 6.838185511171293585e-02
6.630581867388363193e-02 6.838185511171293585e-02
6.630581867388363193e-02 7.109004739336492740e-02
6.833558863328823008e-02 7.109004739336492740e-02
6.833558863328823008e-02 7.176709546377792182e-02
6.968876860622462421e-02 7.176709546377792182e-02
6.968876860622462421e-02 7.447528774542992724e-02
7.036535859269282822e-02 7.447528774542992724e-02
7.036535859269282822e-02 7.515233581584292166e-02
7.171853856562922236e-02 7.515233581584292166e-02
7.239512855209742637e-02 7.515233581584292166e-02
7.239512855209742637e-02 7.650643195666892438e-02
7.307171853856563037e-02 7.650643195666892438e-02
7.307171853856563037e-02 7.921462423832091593e-02
7.577807848443843253e-02 7.921462423832091593e-02
7.577807848443843253e-02 7.989167230873392422e-02
7.645466847090663653e-02 7.989167230873392422e-02
7.848443843031123468e-02 7.989167230873392422e-02
7.848443843031123468e-02 8.124576844955991306e-02
7.916102841677942481e-02 8.124576844955991306e-02
7.916102841677942481e-02 8.259986459038591577e-02
7.983761840324762882e-02 8.259986459038591577e-02
7.983761840324762882e-02 8.395396073121191849e-02
8.051420838971583283e-02 8.395396073121191849e-02
8.051420838971583283e-02 8.530805687203792120e-02
8.119079837618403683e-02 8.530805687203792120e-02
8.119079837618403683e-02 8.598510494245091562e-02
8.186738836265222696e-02 8.598510494245091562e-02
8.186738836265222696e-02 8.666215301286391004e-02
8.322056833558863498e-02 8.666215301286391004e-02
8.322056833558863498e-02 8.869329722410290717e-02
8.525033829499323312e-02 8.869329722410290717e-02
8.525033829499323312e-02 9.072444143534190431e-02
8.660351826792964114e-02 9.072444143534190431e-02
8.660351826792964114e-02 9.275558564658090144e-02
8.795669824086603528e-02 9.275558564658090144e-02
9.133964817320704144e-02 9.275558564658090144e-02
9.133964817320704144e-02 9.546377792823290687e-02
9.201623815967523157e-02 9.546377792823290687e-02
9.472259810554803372e-02 9.546377792823290687e-02
9.539918809201623773e-02 9.546377792823290687e-02
9.539918809201623773e-02 9.614082599864590128e-02
9.675236806495263187e-02 9.614082599864590128e-02
9.675236806495263187e-02 9.817197020988489842e-02
9.742895805142083587e-02 9.817197020988489842e-02
9.742895805142083587e-02 9.952606635071090113e-02
9.810554803788903988e-02 9.952606635071090113e-02
9.945872801082543402e-02 9.952606635071090113e-02
9.945872801082543402e-02 1.008801624915369038e-01
1.001353179972936380e-01 1.008801624915369038e-01
1.028416779431664402e-01 1.008801624915369038e-01
1.035182679296346442e-01 1.008801624915369038e-01
1.035182679296346442e-01 1.029113067027759010e-01
1.041948579161028482e-01 1.029113067027759010e-01
1.041948579161028482e-01 1.062965470548408869e-01
1.048714479025710383e-01 1.062965470548408869e-01
1.048714479025710383e-01 1.083276912660798980e-01
1.055480378890392423e-01 1.083276912660798980e-01
1.055480378890392423e-01 1.090047393364928924e-01
1.069012178619756365e-01 1.090047393364928924e-01
1.069012178619756365e-01 1.110358835477318895e-01
1.075778078484438405e-01 1.110358835477318895e-01
1.075778078484438405e-01 1.144211238997968894e-01
1.102841677943166426e-01 1.144211238997968894e-01
1.116373477672530506e-01 1.144211238997968894e-01
1.116373477672530506e-01 1.157752200406228782e-01
1.123139377537212408e-01 1.157752200406228782e-01
1.123139377537212408e-01 1.164522681110358865e-01
1.136671177266576488e-01 1.164522681110358865e-01
1.136671177266576488e-01 1.191604603926878780e-01
1.150202976995940429e-01 1.191604603926878780e-01
1.150202976995940429e-01 1.225457007447528779e-01
1.163734776725304509e-01 1.225457007447528779e-01
1.163734776725304509e-01 1.238997968855788806e-01
1.170500676589986411e-01 1.238997968855788806e-01
1.170500676589986411e-01 1.266079891672308722e-01
1.184032476319350491e-01 1.266079891672308722e-01
1.184032476319350491e-01 1.272850372376438666e-01
1.197564276048714432e-01 1.272850372376438666e-01
1.197564276048714432e-01 1.299932295192958720e-01
1.204330175913396472e-01 1.299932295192958720e-01
1.204330175913396472e-01 1.313473256601218608e-01
1.217861975642760552e-01 1.313473256601218608e-01
1.217861975642760552e-01 1.340555179417738663e-01
1.224627875507442454e-01 1.340555179417738663e-01
1.224627875507442454e-01 1.347325660121868607e-01
1.238159675236806534e-01 1.347325660121868607e-01
1.238159675236806534e-01 1.374407582938388661e-01
1.244925575101488435e-01 1.374407582938388661e-01
1.244925575101488435e-01 1.387948544346648549e-01
1.265223274695534417e-01 1.387948544346648549e-01
1.265223274695534417e-01 1.435341909275558436e-01
1.285520974289580398e-01 1.435341909275558436e-01
1.285520974289580398e-01 1.448882870683818602e-01
1.299052774018944478e-01 1.448882870683818602e-01
1.305818673883626657e-01 1.448882870683818602e-01
1.305818673883626657e-01 1.496276235612728489e-01
1.319350473612990460e-01 1.496276235612728489e-01
1.326116373477672639e-01 1.496276235612728489e-01
1.326116373477672639e-01 1.503046716316858433e-01
1.339648173207036441e-01 1.503046716316858433e-01
1.339648173207036441e-01 1.516587677725118599e-01
1.353179972936400521e-01 1.516587677725118599e-01
1.353179972936400521e-01 1.530128639133378488e-01
1.366711772665764602e-01 1.530128639133378488e-01
1.366711772665764602e-01 1.536899119837508432e-01
1.373477672530446503e-01 1.536899119837508432e-01
1.387009472259810583e-01 1.536899119837508432e-01
1.387009472259810583e-01 1.557210561949898542e-01
1.400541271989174663e-01 1.557210561949898542e-01
1.407307171853856564e-01 1.557210561949898542e-01
1.407307171853856564e-01 1.570751523358158430e-01
1.420838971583220645e-01 1.570751523358158430e-01
1.420838971583220645e-01 1.591062965470548540e-01
1.427604871447902546e-01 1.591062965470548540e-01
1.427604871447902546e-01 1.604603926878808429e-01
1.447902571041948527e-01 1.604603926878808429e-01
1.447902571041948527e-01 1.611374407582938373e-01
1.454668470906630706e-01 1.611374407582938373e-01
1.454668470906630706e-01 1.618144888287068317e-01
1.461434370771312607e-01 1.618144888287068317e-01
1.461434370771312607e-01 1.624915368991198261e-01
1.468200270635994509e-01 1.624915368991198261e-01
1.468200270635994509e-01 1.638456330399458427e-01
1.474966170500676688e-01 1.638456330399458427e-01
1.502029769959404570e-01 1.638456330399458427e-01
1.508795669824086472e-01 1.638456330399458427e-01
1.508795669824086472e-01 1.645226811103588371e-01
1.522327469553450552e-01 1.645226811103588371e-01
1.522327469553450552e-01 1.651997291807718315e-01
1.529093369418132731e-01 1.651997291807718315e-01
1.529093369418132731e-01 1.658767772511848260e-01
1.535859269282814632e-01 1.658767772511848260e-01
1.535859269282814632e-01 1.665538253215978204e-01
1.549391069012178712e-01 1.665538253215978204e-01
1.556156968876860613e-01 1.665538253215978204e-01
1.556156968876860613e-01 1.685849695328368314e-01
1.569688768606224694e-01 1.685849695328368314e-01
1.569688768606224694e-01 1.706161137440758424e-01
1.576454668470906595e-01 1.706161137440758424e-01
1.576454668470906595e-01 1.712931618144888368e-01
1.589986468200270675e-01 1.712931618144888368e-01
1.589986468200270675e-01 1.719702098849018312e-01
1.596752368064952576e-01 1.719702098849018312e-01
1.596752368064952576e-01 1.733243060257278201e-01
1.610284167794316657e-01 1.733243060257278201e-01
1.610284167794316657e-01 1.740013540961408145e-01
1.617050067658998558e-01 1.740013540961408145e-01
1.617050067658998558e-01 1.753554502369668311e-01
1.630581867388362638e-01 1.753554502369668311e-01
1.644113667117726718e-01 1.753554502369668311e-01
1.644113667117726718e-01 1.794177386594448254e-01
1.650879566982408619e-01 1.794177386594448254e-01
1.650879566982408619e-01 1.800947867298578198e-01
1.664411366711772700e-01 1.800947867298578198e-01
1.671177266576454601e-01 1.800947867298578198e-01
1.671177266576454601e-01 1.814488828706838086e-01
1.677943166441136780e-01 1.814488828706838086e-01
1.677943166441136780e-01 1.821259309410968308e-01
1.684709066305818681e-01 1.821259309410968308e-01
1.684709066305818681e-01 1.834800270819228196e-01
1.691474966170500582e-01 1.834800270819228196e-01
1.705006765899864662e-01 1.834800270819228196e-01
1.705006765899864662e-01 1.841570751523358140e-01
1.718538565629228743e-01 1.841570751523358140e-01
1.718538565629228743e-01 1.868652674339878195e-01
1.732070365358592823e-01 1.868652674339878195e-01
1.732070365358592823e-01 1.902505077860528193e-01
1.745602165087956625e-01 1.902505077860528193e-01
1.745602165087956625e-01 1.922816519972918026e-01
1.752368064952638804e-01 1.922816519972918026e-01
1.752368064952638804e-01 1.929587000677047970e-01
1.759133964817320706e-01 1.929587000677047970e-01
1.759133964817320706e-01 1.956668923493568024e-01
1.779431664411366687e-01 1.956668923493568024e-01
1.779431664411366687e-01 2.024373730534868021e-01
1.792963464140730767e-01 2.024373730534868021e-01
1.792963464140730767e-01 2.044685172647257854e-01
1.820027063599458650e-01 2.044685172647257854e-01
1.826792963464140829e-01 2.044685172647257854e-01
1.826792963464140829e-01 2.058226134055518020e-01
1.833558863328822730e-01 2.058226134055518020e-01
1.847090663058186810e-01 2.058226134055518020e-01
1.847090663058186810e-01 2.064996614759647964e-01
1.860622462787550613e-01 2.064996614759647964e-01
1.860622462787550613e-01 2.071767095463777908e-01
1.867388362652232792e-01 2.071767095463777908e-01
1.880920162381596872e-01 2.071767095463777908e-01
1.880920162381596872e-01 2.085308056872037796e-01
1.901217861975642853e-01 2.085308056872037796e-01
1.928281461434370736e-01 2.085308056872037796e-01
1.948579161028416717e-01 2.085308056872037796e-01
1.948579161028416717e-01 2.092078537576168018e-01
1.955345060893098896e-01 2.092078537576168018e-01
1.955345060893098896e-01 2.119160460392687795e-01
1.968876860622462699e-01 2.119160460392687795e-01
1.968876860622462699e-01 2.153012863913337793e-01
1.975642760487144878e-01 2.153012863913337793e-01
1.975642760487144878e-01 2.166553825321597959e-01
1.982408660351826779e-01 2.166553825321597959e-01
1.982408660351826779e-01 2.180094786729857848e-01
1.995940460081190859e-01 2.180094786729857848e-01
1.995940460081190859e-01 2.200406228842247680e-01
2.002706359945872761e-01 2.200406228842247680e-01
2.002706359945872761e-01 2.207176709546377902e-01
2.016238159675236841e-01 2.207176709546377902e-01
2.016238159675236841e-01 2.213947190250507846e-01
2.023004059539918742e-01 2.213947190250507846e-01
2.023004059539918742e-01 2.220717670954637790e-01
2.043301759133964723e-01 2.220717670954637790e-01
2.043301759133964723e-01 2.241029113067027623e-01
2.050067658998646902e-01 2.241029113067027623e-01
2.050067658998646902e-01 2.268111035883547677e-01
2.056833558863328804e-01 2.268111035883547677e-01
2.056833558863328804e-01 2.288422477995937787e-01
2.063599458728010705e-01 2.288422477995937787e-01
2.063599458728010705e-01 2.301963439404197675e-01
2.070365358592692884e-01 2.301963439404197675e-01
2.070365358592692884e-01 2.308733920108327620e-01
2.077131258457374785e-01 2.308733920108327620e-01
2.077131258457374785e-01 2.322274881516587786e-01
2.090663058186738865e-01 2.322274881516587786e-01
2.097428958051420766e-01 2.322274881516587786e-01
2.097428958051420766e-01 2.329045362220717730e-01
2.104194857916102945e-01 2.329045362220717730e-01
2.104194857916102945e-01 2.342586323628977618e-01
2.110960757780784847e-01 2.342586323628977618e-01
2.110960757780784847e-01 2.356127285037237507e-01
2.131258457374830828e-01 2.356127285037237507e-01
2.131258457374830828e-01 2.362897765741367728e-01
2.144790257104194908e-01 2.362897765741367728e-01
2.151556156968876810e-01 2.362897765741367728e-01
2.151556156968876810e-01 2.403520649966147671e-01
2.158322056833558988e-01 2.403520649966147671e-01
2.158322056833558988e-01 2.437373053486797669e-01
2.171853856562922791e-01 2.437373053486797669e-01
2.171853856562922791e-01 2.444143534190927614e-01
2.178619756427604970e-01 2.444143534190927614e-01
2.178619756427604970e-01 2.450914014895057558e-01
2.192151556156968772e-01 2.450914014895057558e-01
2.192151556156968772e-01 2.457684495599187502e-01
2.198917456021650951e-01 2.457684495599187502e-01
2.198917456021650951e-01 2.471225457007447390e-01
2.212449255751014754e-01 2.471225457007447390e-01
2.212449255751014754e-01 2.484766418415707556e-01
2.219215155615696933e-01 2.484766418415707556e-01
2.219215155615696933e-01 2.491536899119837500e-01
2.225981055480378834e-01 2.491536899119837500e-01
2.225981055480378834e-01 2.505077860528097666e-01
2.232746955345061013e-01 2.505077860528097666e-01
2.232746955345061013e-01 2.511848341232227333e-01
2.246278755074424816e-01 2.511848341232227333e-01
2.246278755074424816e-01 2.518618821936357555e-01
2.259810554803788896e-01 2.518618821936357555e-01
2.259810554803788896e-01 2.525389302640487221e-01
2.266576454668470797e-01 2.525389302640487221e-01
2.266576454668470797e-01 2.552471225457007553e-01
2.280108254397834877e-01 2.552471225457007553e-01
2.286874154262516778e-01 2.552471225457007553e-01
2.286874154262516778e-01 2.572782667569397663e-01
2.293640054127198957e-01 2.572782667569397663e-01
2.307171853856563037e-01 2.572782667569397663e-01
2.313937753721244939e-01 2.572782667569397663e-01
2.341001353179972821e-01 2.572782667569397663e-01
2.354533152909336902e-01 2.572782667569397663e-01
2.354533152909336902e-01 2.579553148273527330e-01
2.368064952638700982e-01 2.579553148273527330e-01
2.374830852503382883e-01 2.579553148273527330e-01
2.374830852503382883e-01 2.606635071090047662e-01
2.401894451962111043e-01 2.606635071090047662e-01
2.401894451962111043e-01 2.613405551794177328e-01
2.408660351826792945e-01 2.613405551794177328e-01
2.408660351826792945e-01 2.633716993906567438e-01
2.428958051420838926e-01 2.633716993906567438e-01
2.428958051420838926e-01 2.640487474610697105e-01
2.435723951285521105e-01 2.640487474610697105e-01
2.435723951285521105e-01 2.654028436018957549e-01
2.442489851150203006e-01 2.654028436018957549e-01
2.442489851150203006e-01 2.660798916723087215e-01
2.462787550744248988e-01 2.660798916723087215e-01
2.469553450608930889e-01 2.660798916723087215e-01
2.469553450608930889e-01 2.667569397427217437e-01
2.476319350473613068e-01 2.667569397427217437e-01
2.476319350473613068e-01 2.674339878131347104e-01
2.503382949932341228e-01 2.674339878131347104e-01
2.510148849797023130e-01 2.674339878131347104e-01
2.510148849797023130e-01 2.687880839539607547e-01
2.523680649526386932e-01 2.687880839539607547e-01
2.523680649526386932e-01 2.701421800947867435e-01
2.543978349120433191e-01 2.701421800947867435e-01
2.557510148849796994e-01 2.701421800947867435e-01
2.557510148849796994e-01 2.721733243060257545e-01
2.571041948579160796e-01 2.721733243060257545e-01
2.584573748308525154e-01 2.721733243060257545e-01
2.584573748308525154e-01 2.728503723764387212e-01
2.591339648173207055e-01 2.728503723764387212e-01
2.591339648173207055e-01 2.735274204468517434e-01
2.604871447902570858e-01 2.735274204468517434e-01
2.604871447902570858e-01 2.742044685172647100e-01
2.611637347767253314e-01 2.742044685172647100e-01
2.611637347767253314e-01 2.755585646580906989e-01
2.618403247631935216e-01 2.755585646580906989e-01
2.618403247631935216e-01 2.762356127285037211e-01
2.625169147496617117e-01 2.762356127285037211e-01
2.625169147496617117e-01 2.796208530805687209e-01
2.638700947225980920e-01 2.796208530805687209e-01
2.638700947225980920e-01 2.809749492213947097e-01
2.658998646820027179e-01 2.809749492213947097e-01
2.672530446549390981e-01 2.809749492213947097e-01
2.672530446549390981e-01 2.823290453622206986e-01
2.679296346414072882e-01 2.823290453622206986e-01
2.679296346414072882e-01 2.863913337846987206e-01
2.686062246278755339e-01 2.863913337846987206e-01
2.699594046008119141e-01 2.863913337846987206e-01
2.706359945872801043e-01 2.863913337846987206e-01
2.706359945872801043e-01 2.884224779959377316e-01
2.713125845737482944e-01 2.884224779959377316e-01
2.713125845737482944e-01 2.890995260663506983e-01
2.726657645466847302e-01 2.890995260663506983e-01
2.726657645466847302e-01 2.897765741367637204e-01
2.733423545331529203e-01 2.897765741367637204e-01
2.733423545331529203e-01 2.904536222071766871e-01
2.740189445196211104e-01 2.904536222071766871e-01
2.740189445196211104e-01 2.918077183480027315e-01
2.746955345060893006e-01 2.918077183480027315e-01
2.746955345060893006e-01 2.938388625592416870e-01
2.760487144790257363e-01 2.938388625592416870e-01
2.760487144790257363e-01 2.958700067704806980e-01
2.774018944519621166e-01 2.958700067704806980e-01
2.787550744248984969e-01 2.958700067704806980e-01
2.801082543978349326e-01 2.958700067704806980e-01
2.801082543978349326e-01 2.972241029113066868e-01
2.814614343707713129e-01 2.972241029113066868e-01
2.814614343707713129e-01 2.979011509817197090e-01
2.828146143437076931e-01 2.979011509817197090e-01
2.828146143437076931e-01 3.012863913337847088e-01
2.834912043301759388e-01 3.012863913337847088e-01
2.834912043301759388e-01 3.019634394041976755e-01
2.848443843031123190e-01 3.019634394041976755e-01
2.848443843031123190e-01 3.053486797562626753e-01
2.875507442489851351e-01 3.053486797562626753e-01
2.875507442489851351e-01 3.080568720379147085e-01
2.882273342354533252e-01 3.080568720379147085e-01
2.882273342354533252e-01 3.087339201083276752e-01
2.889039242219215153e-01 3.087339201083276752e-01
2.889039242219215153e-01 3.107650643195666862e-01
2.895805142083897055e-01 3.107650643195666862e-01
2.936400541271989018e-01 3.107650643195666862e-01
2.943166441136670919e-01 3.107650643195666862e-01
2.943166441136670919e-01 3.121191604603926750e-01
2.956698240866035277e-01 3.121191604603926750e-01
2.956698240866035277e-01 3.141503046716316860e-01
2.963464140730717178e-01 3.141503046716316860e-01
2.963464140730717178e-01 3.148273527420447082e-01
2.970230040595399079e-01 3.148273527420447082e-01
2.970230040595399079e-01 3.155044008124576749e-01
2.983761840324763437e-01 3.155044008124576749e-01
2.983761840324763437e-01 3.161814488828706970e-01
2.990527740189445338e-01 3.161814488828706970e-01
2.990527740189445338e-01 3.188896411645226747e-01
2.997293640054127239e-01 3.188896411645226747e-01
2.997293640054127239e-01 3.209207853757616857e-01
3.010825439783491042e-01 3.209207853757616857e-01
3.010825439783491042e-01 3.222748815165876746e-01
3.024357239512855400e-01 3.222748815165876746e-01
3.024357239512855400e-01 3.236289776574136634e-01
3.031123139377537301e-01 3.236289776574136634e-01
3.031123139377537301e-01 3.256601218686526744e-01
3.037889039242219202e-01 3.256601218686526744e-01
3.037889039242219202e-01 3.263371699390656966e-01
3.044654939106901104e-01 3.263371699390656966e-01
3.044654939106901104e-01 3.270142180094786633e-01
3.058186738836265461e-01 3.270142180094786633e-01
3.071718538565629264e-01 3.270142180094786633e-01
3.071718538565629264e-01 3.276912660798916854e-01
3.078484438430311165e-01 3.276912660798916854e-01
3.078484438430311165e-01 3.310765064319566853e-01
3.092016238159674968e-01 3.310765064319566853e-01
3.098782138024357424e-01 3.310765064319566853e-01
3.098782138024357424e-01 3.331076506431956408e-01
3.132611637347767486e-01 3.331076506431956408e-01
3.132611637347767486e-01 3.337846987136086629e-01
3.139377537212449387e-01 3.337846987136086629e-01
3.139377537212449387e-01 3.344617467840216851e-01
3.159675236806495091e-01 3.344617467840216851e-01
3.159675236806495091e-01 3.351387948544346518e-01
3.173207036535859449e-01 3.351387948544346518e-01
3.173207036535859449e-01 3.358158429248476740e-01
3.179972936400541350e-01 3.358158429248476740e-01
3.179972936400541350e-01 3.378469871360866850e-01
3.186738836265223251e-01 3.378469871360866850e-01
3.186738836265223251e-01 3.392010832769126738e-01
3.193504736129905153e-01 3.392010832769126738e-01
3.193504736129905153e-01 3.419092755585646515e-01
3.200270635994587054e-01 3.419092755585646515e-01
3.200270635994587054e-01 3.425863236289776736e-01
3.207036535859269510e-01 3.425863236289776736e-01
3.207036535859269510e-01 3.439404197698036625e-01
3.213802435723951412e-01 3.439404197698036625e-01
3.213802435723951412e-01 3.446174678402166291e-01
3.220568335588633313e-01 3.446174678402166291e-01
3.220568335588633313e-01 3.452945159106296513e-01
3.227334235453315214e-01 3.452945159106296513e-01
3.227334235453315214e-01 3.466486120514556402e-01
3.240866035182679572e-01 3.466486120514556402e-01
3.254397834912043375e-01 3.466486120514556402e-01
3.254397834912043375e-01 3.486797562626946512e-01
3.261163734776725276e-01 3.486797562626946512e-01
3.261163734776725276e-01 3.493568043331076733e-01
3.267929634641407177e-01 3.493568043331076733e-01
3.267929634641407177e-01 3.500338524035206400e-01
3.281461434370771535e-01 3.500338524035206400e-01
3.288227334235453436e-01 3.500338524035206400e-01
3.288227334235453436e-01 3.513879485443466288e-01
3.301759133964817239e-01 3.513879485443466288e-01
3.301759133964817239e-01 3.520649966147596510e-01
3.308525033829499140e-01 3.520649966147596510e-01
3.322056833558863498e-01 3.520649966147596510e-01
3.322056833558863498e-01 3.561272850372376175e-01
3.335588633288227300e-01 3.561272850372376175e-01
3.342354533152909202e-01 3.561272850372376175e-01
3.342354533152909202e-01 3.568043331076506397e-01
3.349120433017591103e-01 3.568043331076506397e-01
3.349120433017591103e-01 3.595125253893026174e-01
3.355886332882273559e-01 3.595125253893026174e-01
3.355886332882273559e-01 3.608666215301286617e-01
3.362652232746955461e-01 3.608666215301286617e-01
3.362652232746955461e-01 3.628977657413676172e-01
3.369418132611637362e-01 3.628977657413676172e-01
3.369418132611637362e-01 3.642518618821936616e-01
3.382949932341001165e-01 3.642518618821936616e-01
3.382949932341001165e-01 3.649289099526066282e-01
3.389715832205683621e-01 3.649289099526066282e-01
3.416779431664411226e-01 3.649289099526066282e-01
3.416779431664411226e-01 3.656059580230196504e-01
3.423545331529093128e-01 3.656059580230196504e-01
3.423545331529093128e-01 3.662830060934326171e-01
3.437077131258457485e-01 3.662830060934326171e-01
3.437077131258457485e-01 3.703452945159106391e-01
3.443843031123139387e-01 3.703452945159106391e-01
3.443843031123139387e-01 3.730534867975626168e-01
3.464140730717185646e-01 3.730534867975626168e-01
3.464140730717185646e-01 3.750846310088016278e-01
3.477672530446549448e-01 3.750846310088016278e-01
3.477672530446549448e-01 3.757616790792146499e-01
3.491204330175913251e-01 3.757616790792146499e-01
3.491204330175913251e-01 3.764387271496276166e-01
3.511502029769959510e-01 3.764387271496276166e-01
3.525033829499323312e-01 3.764387271496276166e-01
3.525033829499323312e-01 3.791469194312795943e-01
3.531799729364005214e-01 3.791469194312795943e-01
3.531799729364005214e-01 3.798239675016926165e-01
3.538565629228687670e-01 3.798239675016926165e-01
3.538565629228687670e-01 3.886255924170616272e-01
3.545331529093369571e-01 3.886255924170616272e-01
3.545331529093369571e-01 3.913337846987136048e-01
3.552097428958051473e-01 3.913337846987136048e-01
3.552097428958051473e-01 3.926878808395395937e-01
3.565629228687415275e-01 3.926878808395395937e-01
3.565629228687415275e-01 3.933649289099526158e-01
3.579161028416779633e-01 3.933649289099526158e-01
3.606224627875507238e-01 3.933649289099526158e-01
3.612990527740189695e-01 3.933649289099526158e-01
3.612990527740189695e-01 3.940419769803655825e-01
3.633288227334235398e-01 3.940419769803655825e-01
3.646820027063599201e-01 3.940419769803655825e-01
3.646820027063599201e-01 3.987813134732566267e-01
3.653585926928281657e-01 3.987813134732566267e-01
3.653585926928281657e-01 3.994583615436695934e-01
3.673883626522327361e-01 3.994583615436695934e-01
3.680649526387009263e-01 3.994583615436695934e-01
3.680649526387009263e-01 4.008124576844955822e-01
3.694181326116373620e-01 4.008124576844955822e-01
3.694181326116373620e-01 4.014895057549086044e-01
3.721244925575101226e-01 4.014895057549086044e-01
3.721244925575101226e-01 4.055517941773865709e-01
3.728010825439783682e-01 4.055517941773865709e-01
3.728010825439783682e-01 4.102911306702776151e-01
3.755074424898511287e-01 4.102911306702776151e-01
3.768606224627875645e-01 4.102911306702776151e-01
3.768606224627875645e-01 4.116452268111036039e-01
3.782138024357239448e-01 4.116452268111036039e-01
3.782138024357239448e-01 4.163845633039945926e-01
3.788903924221921349e-01 4.163845633039945926e-01
3.788903924221921349e-01 4.170616113744075593e-01
3.795669824086603250e-01 4.170616113744075593e-01
3.795669824086603250e-01 4.197698036560595924e-01
3.815967523680649509e-01 4.197698036560595924e-01
3.836265223274695768e-01 4.197698036560595924e-01
3.836265223274695768e-01 4.218009478672986035e-01
3.863328822733423373e-01 4.218009478672986035e-01
3.863328822733423373e-01 4.224779959377115701e-01
3.876860622462787731e-01 4.224779959377115701e-01
3.890392422192151534e-01 4.224779959377115701e-01
3.903924221921515336e-01 4.224779959377115701e-01
3.903924221921515336e-01 4.292484766418415698e-01
3.910690121786197793e-01 4.292484766418415698e-01
3.910690121786197793e-01 4.299255247122545920e-01
3.917456021650879694e-01 4.299255247122545920e-01
3.917456021650879694e-01 4.306025727826675586e-01
3.930987821380243497e-01 4.306025727826675586e-01
3.930987821380243497e-01 4.326337169939065697e-01
3.937753721244925398e-01 4.326337169939065697e-01
3.937753721244925398e-01 4.333107650643195918e-01
3.944519621109607854e-01 4.333107650643195918e-01
3.944519621109607854e-01 4.339878131347325585e-01
3.951285520974289756e-01 4.339878131347325585e-01
3.951285520974289756e-01 4.346648612051455807e-01
3.964817320703653558e-01 4.346648612051455807e-01
3.964817320703653558e-01 4.360189573459715695e-01
3.971583220568335459e-01 4.360189573459715695e-01
3.971583220568335459e-01 4.366960054163845362e-01
3.978349120433017361e-01 4.366960054163845362e-01
3.978349120433017361e-01 4.394041976980365694e-01
3.991880920162381718e-01 4.394041976980365694e-01
3.991880920162381718e-01 4.400812457684495360e-01
3.998646820027063620e-01 4.400812457684495360e-01
3.998646820027063620e-01 4.427894380501015692e-01
4.012178619756427422e-01 4.427894380501015692e-01
4.012178619756427422e-01 4.434664861205145359e-01
4.018944519621109879e-01 4.434664861205145359e-01
4.018944519621109879e-01 4.468517264725795357e-01
4.032476319350473681e-01 4.468517264725795357e-01
4.032476319350473681e-01 4.475287745429925579e-01
4.039242219215155583e-01 4.475287745429925579e-01
4.052774018944519385e-01 4.475287745429925579e-01
4.066305818673883743e-01 4.475287745429925579e-01
4.066305818673883743e-01 4.495599187542315689e-01
4.073071718538565644e-01 4.495599187542315689e-01
4.073071718538565644e-01 4.502369668246445356e-01
4.086603518267929447e-01 4.502369668246445356e-01
4.086603518267929447e-01 4.509140148950575577e-01
4.100135317997293805e-01 4.509140148950575577e-01
4.100135317997293805e-01 4.515910629654705244e-01
4.106901217861975706e-01 4.515910629654705244e-01
4.106901217861975706e-01 4.529451591062965687e-01
4.113667117726657607e-01 4.529451591062965687e-01
4.113667117726657607e-01 4.536222071767095354e-01
4.140730717185385767e-01 4.536222071767095354e-01
4.140730717185385767e-01 4.549763033175355242e-01
4.147496617050067669e-01 4.549763033175355242e-01
4.167794316644113928e-01 4.549763033175355242e-01
4.181326116373477730e-01 4.549763033175355242e-01
4.181326116373477730e-01 4.556533513879485464e-01
4.188092016238159632e-01 4.556533513879485464e-01
4.188092016238159632e-01 4.576844955991875574e-01
4.201623815967523434e-01 4.576844955991875574e-01
4.201623815967523434e-01 4.597156398104265129e-01
4.208389715832205891e-01 4.597156398104265129e-01
4.221921515561569693e-01 4.597156398104265129e-01
4.221921515561569693e-01 4.603926878808395351e-01
4.235453315290933496e-01 4.603926878808395351e-01
4.235453315290933496e-01 4.610697359512525573e-01
4.242219215155615952e-01 4.610697359512525573e-01
4.255751014884979755e-01 4.610697359512525573e-01
4.255751014884979755e-01 4.624238320920785461e-01
4.262516914749661656e-01 4.624238320920785461e-01
4.262516914749661656e-01 4.631008801624915128e-01
4.269282814614343557e-01 4.631008801624915128e-01
4.282814614343707915e-01 4.631008801624915128e-01
4.282814614343707915e-01 4.637779282329045349e-01
4.289580514208389816e-01 4.637779282329045349e-01
4.289580514208389816e-01 4.658090724441435460e-01
4.303112313937753619e-01 4.658090724441435460e-01
4.303112313937753619e-01 4.664861205145565126e-01
4.309878213802435520e-01 4.664861205145565126e-01
4.323410013531799878e-01 4.664861205145565126e-01
4.330175913396481779e-01 4.664861205145565126e-01
4.330175913396481779e-01 4.685172647257955236e-01
4.350473612990527483e-01 4.685172647257955236e-01
4.350473612990527483e-01 4.725795531482735456e-01
4.364005412719891841e-01 4.725795531482735456e-01
4.364005412719891841e-01 4.739336492890995345e-01
4.384303112313937545e-01 4.739336492890995345e-01
4.384303112313937545e-01 4.752877454299255233e-01
4.391069012178620001e-01 4.752877454299255233e-01
4.391069012178620001e-01 4.759647935003385455e-01
4.397834912043301903e-01 4.759647935003385455e-01
4.397834912043301903e-01 4.773188896411645343e-01
4.404600811907983804e-01 4.773188896411645343e-01
4.404600811907983804e-01 4.786729857819905232e-01
4.411366711772665705e-01 4.786729857819905232e-01
4.411366711772665705e-01 4.793500338524035453e-01
4.424898511502029508e-01 4.793500338524035453e-01
4.424898511502029508e-01 4.807041299932295342e-01
4.438430311231393866e-01 4.807041299932295342e-01
4.438430311231393866e-01 4.820582261340555230e-01
4.445196211096075767e-01 4.820582261340555230e-01
4.445196211096075767e-01 4.827352742044684897e-01
4.458728010825439569e-01 4.827352742044684897e-01
4.458728010825439569e-01 4.847664184157075007e-01
4.472259810554803927e-01 4.847664184157075007e-01
4.472259810554803927e-01 4.881516587677725005e-01
4.479025710419485828e-01 4.881516587677725005e-01
4.479025710419485828e-01 4.915368991198375004e-01
4.492557510148849631e-01 4.915368991198375004e-01
4.492557510148849631e-01 4.928909952606634892e-01
4.506089309878213989e-01 4.928909952606634892e-01
4.512855209742895890e-01 4.928909952606634892e-01
4.533152909336941594e-01 4.928909952606634892e-01
4.539918809201624050e-01 4.928909952606634892e-01
4.539918809201624050e-01 4.935680433310765114e-01
4.553450608930987853e-01 4.935680433310765114e-01
4.553450608930987853e-01 4.962762356127284891e-01
4.560216508795669754e-01 4.962762356127284891e-01
4.560216508795669754e-01 4.976303317535544779e-01
4.566982408660351656e-01 4.976303317535544779e-01
4.566982408660351656e-01 4.983073798239675001e-01
4.580514208389716013e-01 4.983073798239675001e-01
4.580514208389716013e-01 4.996614759647934889e-01
4.600811907983761717e-01 4.996614759647934889e-01
4.614343707713126075e-01 4.996614759647934889e-01
4.614343707713126075e-01 5.003385240352065111e-01
4.621109607577807976e-01 5.003385240352065111e-01
4.621109607577807976e-01 5.010155721056195333e-01
4.627875507442489877e-01 5.010155721056195333e-01
4.627875507442489877e-01 5.030467163168584888e-01
4.641407307171853680e-01 5.030467163168584888e-01
4.641407307171853680e-01 5.037237643872715109e-01
4.648173207036536136e-01 5.037237643872715109e-01
4.648173207036536136e-01 5.050778605280974443e-01
4.661705006765899939e-01 5.050778605280974443e-01
4.661705006765899939e-01 5.057549085985104664e-01
4.675236806495263742e-01 5.057549085985104664e-01
4.675236806495263742e-01 5.071090047393365108e-01
4.688768606224628099e-01 5.071090047393365108e-01
4.688768606224628099e-01 5.084631008801624441e-01
4.702300405953991902e-01 5.084631008801624441e-01
4.702300405953991902e-01 5.098171970209884885e-01
4.722598105548038161e-01 5.098171970209884885e-01
4.722598105548038161e-01 5.118483412322274440e-01
4.736129905277401964e-01 5.118483412322274440e-01
4.736129905277401964e-01 5.125253893026404661e-01
4.749661705006765766e-01 5.125253893026404661e-01
4.749661705006765766e-01 5.132024373730534883e-01
4.763193504736130124e-01 5.132024373730534883e-01
4.769959404600812025e-01 5.132024373730534883e-01
4.769959404600812025e-01 5.138794854434665105e-01
4.776725304465493926e-01 5.138794854434665105e-01
4.776725304465493926e-01 5.145565335138795326e-01
4.797023004059540185e-01 5.145565335138795326e-01
4.797023004059540185e-01 5.152335815842924438e-01
4.803788903924222087e-01 5.152335815842924438e-01
4.803788903924222087e-01 5.172647257955315103e-01
4.824086603518267791e-01 5.172647257955315103e-01
4.824086603518267791e-01 5.199729180771834880e-01
4.830852503382949692e-01 5.199729180771834880e-01
4.830852503382949692e-01 5.213270142180095323e-01
4.844384303112314050e-01 5.213270142180095323e-01
4.844384303112314050e-01 5.233581584292484878e-01
4.851150202976995951e-01 5.233581584292484878e-01
4.851150202976995951e-01 5.247122545700744212e-01
4.864682002706359754e-01 5.247122545700744212e-01
4.891745602165087914e-01 5.247122545700744212e-01
4.891745602165087914e-01 5.253893026404874433e-01
4.905277401894451716e-01 5.253893026404874433e-01
4.905277401894451716e-01 5.267433987813134877e-01
4.925575101488497975e-01 5.267433987813134877e-01
4.925575101488497975e-01 5.280974949221394210e-01
4.939106901217861778e-01 5.280974949221394210e-01
4.939106901217861778e-01 5.308056872037915097e-01
4.952638700947226136e-01 5.308056872037915097e-01
4.959404600811908037e-01 5.308056872037915097e-01
4.959404600811908037e-01 5.314827352742044209e-01
4.972936400541271840e-01 5.314827352742044209e-01
4.972936400541271840e-01 5.321597833446174430e-01
4.986468200270636197e-01 5.321597833446174430e-01
4.986468200270636197e-01 5.341909275558565096e-01
4.993234100135318099e-01 5.341909275558565096e-01
4.993234100135318099e-01 5.362220717670954651e-01
5.000000000000000000e-01 5.362220717670954651e-01
5.000000000000000000e-01 5.368991198375084872e-01
5.020297699594046259e-01 5.368991198375084872e-01
5.020297699594046259e-01 5.389302640487474427e-01
5.033829499323410062e-01 5.389302640487474427e-01
5.040595399188092518e-01 5.389302640487474427e-01
5.054127198917456321e-01 5.389302640487474427e-01
5.054127198917456321e-01 5.402843601895734871e-01
5.067658998646820123e-01 5.402843601895734871e-01
5.067658998646820123e-01 5.409614082599865093e-01
5.074424898511502580e-01 5.409614082599865093e-01
5.074424898511502580e-01 5.416384563303994204e-01
5.087956698240866382e-01 5.416384563303994204e-01
5.087956698240866382e-01 5.429925524712254647e-01
5.094722598105547728e-01 5.429925524712254647e-01
5.094722598105547728e-01 5.443466486120515091e-01
5.108254397834911531e-01 5.443466486120515091e-01
5.108254397834911531e-01 5.450236966824644202e-01
5.115020297699593987e-01 5.450236966824644202e-01
5.115020297699593987e-01 5.463777928232904646e-01
5.121786197564276444e-01 5.463777928232904646e-01
5.121786197564276444e-01 5.484089370345294201e-01
5.128552097428957790e-01 5.484089370345294201e-01
5.142083897158321593e-01 5.484089370345294201e-01
5.142083897158321593e-01 5.490859851049424423e-01
5.182679296346414111e-01 5.490859851049424423e-01
5.182679296346414111e-01 5.497630331753554644e-01
5.196211096075777913e-01 5.497630331753554644e-01
5.209742895805141716e-01 5.497630331753554644e-01
5.223274695534506629e-01 5.497630331753554644e-01
5.223274695534506629e-01 5.504400812457684866e-01
5.230040595399187975e-01 5.504400812457684866e-01
5.230040595399187975e-01 5.531482735274204643e-01
5.243572395128551777e-01 5.531482735274204643e-01
5.257104194857915580e-01 5.531482735274204643e-01
5.270635994587280493e-01 5.531482735274204643e-01
5.270635994587280493e-01 5.538253215978334865e-01
5.277401894451961839e-01 5.538253215978334865e-01
5.277401894451961839e-01 5.558564658090724420e-01
5.284167794316644295e-01 5.558564658090724420e-01
5.284167794316644295e-01 5.565335138794854641e-01
5.297699594046008098e-01 5.565335138794854641e-01
5.297699594046008098e-01 5.572105619498984863e-01
5.304465493910690554e-01 5.572105619498984863e-01
5.317997293640054357e-01 5.572105619498984863e-01
5.331529093369418160e-01 5.572105619498984863e-01
5.331529093369418160e-01 5.592417061611374418e-01
5.338294993234100616e-01 5.592417061611374418e-01
5.338294993234100616e-01 5.599187542315504640e-01
5.378890392422192024e-01 5.599187542315504640e-01
5.378890392422192024e-01 5.612728503723763973e-01
5.385656292286874480e-01 5.612728503723763973e-01
5.385656292286874480e-01 5.639810426540284860e-01
5.392422192151555826e-01 5.639810426540284860e-01
5.392422192151555826e-01 5.660121868652674415e-01
5.399188092016238283e-01 5.660121868652674415e-01
5.399188092016238283e-01 5.673662830060934859e-01
5.412719891745602085e-01 5.673662830060934859e-01
5.412719891745602085e-01 5.687203791469194192e-01
5.419485791610284542e-01 5.687203791469194192e-01
5.419485791610284542e-01 5.693974272173324414e-01
5.426251691474965888e-01 5.693974272173324414e-01
5.426251691474965888e-01 5.727826675693974412e-01
5.433017591339648344e-01 5.727826675693974412e-01
5.433017591339648344e-01 5.741367637102233745e-01
5.439783491204329691e-01 5.741367637102233745e-01
5.439783491204329691e-01 5.748138117806363967e-01
5.446549391069012147e-01 5.748138117806363967e-01
5.446549391069012147e-01 5.754908598510494189e-01
5.460081190798375950e-01 5.754908598510494189e-01
5.466847090663058406e-01 5.754908598510494189e-01
5.466847090663058406e-01 5.788761002031144187e-01
5.480378890392422209e-01 5.788761002031144187e-01
5.480378890392422209e-01 5.802301963439404631e-01
5.493910690121786011e-01 5.802301963439404631e-01
5.493910690121786011e-01 5.809072444143533742e-01
5.520974289580514727e-01 5.809072444143533742e-01
5.520974289580514727e-01 5.815842924847663964e-01
5.527740189445196073e-01 5.815842924847663964e-01
5.527740189445196073e-01 5.863236289776574406e-01
5.534506089309878529e-01 5.863236289776574406e-01
5.548037889039242332e-01 5.863236289776574406e-01
5.568335588633288591e-01 5.863236289776574406e-01
5.568335588633288591e-01 5.883547731888963961e-01
5.575101488497969937e-01 5.883547731888963961e-01
5.575101488497969937e-01 5.910629654705483738e-01
5.581867388362652393e-01 5.910629654705483738e-01
5.581867388362652393e-01 5.924170616113744181e-01
5.595399188092016196e-01 5.924170616113744181e-01
5.595399188092016196e-01 5.944482058226133736e-01
5.602165087956698653e-01 5.944482058226133736e-01
5.602165087956698653e-01 5.951252538930263958e-01
5.615696887686062455e-01 5.951252538930263958e-01
5.615696887686062455e-01 5.964793500338524401e-01
5.629228687415426258e-01 5.964793500338524401e-01
5.635994587280108714e-01 5.964793500338524401e-01
5.635994587280108714e-01 5.971563981042653513e-01
5.642760487144790060e-01 5.971563981042653513e-01
5.642760487144790060e-01 5.985104942450913956e-01
5.649526387009472517e-01 5.985104942450913956e-01
5.649526387009472517e-01 5.991875423155044178e-01
5.656292286874153863e-01 5.991875423155044178e-01
5.656292286874153863e-01 6.005416384563303511e-01
5.663058186738836319e-01 6.005416384563303511e-01
5.663058186738836319e-01 6.012186865267433733e-01
5.669824086603518776e-01 6.012186865267433733e-01
5.669824086603518776e-01 6.018957345971563955e-01
5.696887686062246381e-01 6.018957345971563955e-01
5.703653585926927727e-01 6.018957345971563955e-01
5.744248985115020245e-01 6.018957345971563955e-01
5.744248985115020245e-01 6.039268788083953510e-01
5.757780784844384048e-01 6.039268788083953510e-01
5.771312584573747850e-01 6.039268788083953510e-01
5.771312584573747850e-01 6.052809749492213953e-01
5.778078484438430307e-01 6.052809749492213953e-01
5.778078484438430307e-01 6.059580230196344175e-01
5.791610284167794109e-01 6.059580230196344175e-01
5.791610284167794109e-01 6.066350710900474397e-01
5.798376184032476566e-01 6.066350710900474397e-01
5.798376184032476566e-01 6.079891672308733730e-01
5.805142083897157912e-01 6.079891672308733730e-01
5.832205683355886627e-01 6.079891672308733730e-01
5.832205683355886627e-01 6.086662153012863952e-01
5.838971583220567974e-01 6.086662153012863952e-01
5.838971583220567974e-01 6.093432633716994173e-01
5.845737483085250430e-01 6.093432633716994173e-01
5.845737483085250430e-01 6.100203114421124395e-01
5.859269282814614233e-01 6.100203114421124395e-01
5.859269282814614233e-01 6.194989844278944169e-01
5.879566982408660492e-01 6.194989844278944169e-01
5.879566982408660492e-01 6.201760324983073280e-01
5.886332882273341838e-01 6.201760324983073280e-01
5.899864682002706751e-01 6.201760324983073280e-01
5.899864682002706751e-01 6.208530805687203502e-01
5.906630581867388097e-01 6.208530805687203502e-01
5.920162381596751899e-01 6.208530805687203502e-01
5.926928281461434356e-01 6.208530805687203502e-01
5.926928281461434356e-01 6.222071767095463946e-01
5.940460081190798158e-01 6.222071767095463946e-01
5.940460081190798158e-01 6.228842247799594167e-01
5.953991880920161961e-01 6.228842247799594167e-01
5.953991880920161961e-01 6.242383209207853501e-01
5.960757780784844417e-01 6.242383209207853501e-01
5.960757780784844417e-01 6.262694651320244166e-01
5.987821380243572023e-01 6.262694651320244166e-01
5.987821380243572023e-01 6.269465132024373277e-01
6.001353179972936935e-01 6.269465132024373277e-01
6.028416779431664541e-01 6.269465132024373277e-01
6.035182679296345887e-01 6.269465132024373277e-01
6.035182679296345887e-01 6.283006093432633721e-01
6.041948579161028343e-01 6.283006093432633721e-01
6.069012178619755948e-01 6.283006093432633721e-01
6.069012178619755948e-01 6.289776574136763942e-01
6.075778078484438405e-01 6.289776574136763942e-01
6.075778078484438405e-01 6.296547054840894164e-01
6.082543978349120861e-01 6.296547054840894164e-01
6.082543978349120861e-01 6.303317535545023276e-01
6.096075778078484664e-01 6.303317535545023276e-01
6.096075778078484664e-01 6.310088016249153497e-01
6.109607577807848466e-01 6.310088016249153497e-01
6.109607577807848466e-01 6.371022342586323273e-01
6.116373477672530923e-01 6.371022342586323273e-01
6.116373477672530923e-01 6.377792823290453494e-01
6.129905277401894725e-01 6.377792823290453494e-01
6.129905277401894725e-01 6.418415707515233715e-01
6.136671177266576072e-01 6.418415707515233715e-01
6.136671177266576072e-01 6.425186188219363936e-01
6.150202976995940984e-01 6.425186188219363936e-01
6.150202976995940984e-01 6.438727149627623270e-01
6.156968876860622331e-01 6.438727149627623270e-01
6.170500676589986133e-01 6.438727149627623270e-01
6.170500676589986133e-01 6.445497630331753491e-01
6.177266576454668590e-01 6.445497630331753491e-01
6.177266576454668590e-01 6.465809072444143046e-01
6.184032476319349936e-01 6.465809072444143046e-01
6.184032476319349936e-01 6.486120514556533712e-01
6.190798376184032392e-01 6.486120514556533712e-01
6.204330175913396195e-01 6.486120514556533712e-01
6.204330175913396195e-01 6.499661475964793045e-01
6.217861975642759997e-01 6.499661475964793045e-01
6.217861975642759997e-01 6.533513879485443043e-01
6.238159675236806256e-01 6.533513879485443043e-01
6.238159675236806256e-01 6.540284360189573265e-01
6.258457374830852515e-01 6.540284360189573265e-01
6.271989174560216318e-01 6.540284360189573265e-01
6.271989174560216318e-01 6.560595802301963930e-01
6.285520974289580121e-01 6.560595802301963930e-01
6.285520974289580121e-01 6.587677725118483707e-01
6.299052774018945033e-01 6.587677725118483707e-01
6.299052774018945033e-01 6.594448205822613929e-01
6.312584573748308836e-01 6.594448205822613929e-01
6.319350473612990182e-01 6.594448205822613929e-01
6.332882273342353985e-01 6.594448205822613929e-01
6.359945872801082700e-01 6.594448205822613929e-01
6.359945872801082700e-01 6.607989167230873262e-01
6.359945872801082700e-01 6.614759647935003484e-01
6.373477672530446503e-01 6.614759647935003484e-01
6.373477672530446503e-01 6.628300609343262817e-01
6.387009472259810305e-01 6.628300609343262817e-01
6.387009472259810305e-01 6.641841570751523260e-01
6.393775372124492762e-01 6.641841570751523260e-01
6.393775372124492762e-01 6.648612051455653482e-01
6.400541271989174108e-01 6.648612051455653482e-01
6.400541271989174108e-01 6.655382532159783704e-01
6.400541271989174108e-01 6.668923493568043037e-01
6.400541271989174108e-01 6.675693974272173259e-01
6.414073071718539021e-01 6.675693974272173259e-01
6.414073071718539021e-01 6.682464454976303481e-01
6.427604871447902823e-01 6.682464454976303481e-01
6.434370771312584170e-01 6.682464454976303481e-01
6.447902571041949082e-01 6.682464454976303481e-01
6.447902571041949082e-01 6.689234935680433702e-01
6.454668470906630429e-01 6.689234935680433702e-01
6.454668470906630429e-01 6.696005416384562814e-01
6.461434370771312885e-01 6.696005416384562814e-01
6.461434370771312885e-01 6.743398781313473256e-01
6.468200270635994231e-01 6.743398781313473256e-01
6.481732070365359144e-01 6.743398781313473256e-01
6.481732070365359144e-01 6.756939742721733699e-01
6.495263870094722947e-01 6.756939742721733699e-01
6.515561569688768095e-01 6.756939742721733699e-01
6.515561569688768095e-01 6.777251184834123254e-01
6.522327469553450552e-01 6.777251184834123254e-01
6.522327469553450552e-01 6.790792146242383698e-01
6.535859269282814354e-01 6.790792146242383698e-01
6.542625169147496811e-01 6.790792146242383698e-01
6.542625169147496811e-01 6.797562626946512809e-01
6.556156968876860613e-01 6.797562626946512809e-01
6.556156968876860613e-01 6.817874069058903475e-01
6.569688768606224416e-01 6.817874069058903475e-01
6.576454668470906872e-01 6.824644549763033696e-01
6.576454668470906872e-01 6.838185511171293030e-01
6.596752368064953131e-01 6.838185511171293030e-01
6.596752368064953131e-01 6.844955991875423251e-01
6.603518267929634478e-01 6.844955991875423251e-01
6.603518267929634478e-01 6.851726472579553473e-01
6.617050067658998280e-01 6.851726472579553473e-01
6.617050067658998280e-01 6.865267433987812806e-01
6.630581867388363193e-01 6.865267433987812806e-01
6.657645466847090798e-01 6.865267433987812806e-01
6.657645466847090798e-01 6.878808395396073250e-01
6.664411366711772144e-01 6.878808395396073250e-01
6.664411366711772144e-01 6.885578876100203471e-01
6.684709066305818403e-01 6.885578876100203471e-01
6.698240866035182206e-01 6.885578876100203471e-01
6.698240866035182206e-01 6.892349356804332583e-01
6.705006765899864662e-01 6.892349356804332583e-01
6.705006765899864662e-01 6.926201760324982581e-01
6.711772665764547119e-01 6.926201760324982581e-01
6.711772665764547119e-01 6.939742721733243025e-01
6.718538565629228465e-01 6.939742721733243025e-01
6.725304465493910921e-01 6.946513202437373247e-01
6.738836265223274724e-01 6.946513202437373247e-01
6.738836265223274724e-01 6.953283683141503468e-01
6.745602165087957180e-01 6.953283683141503468e-01
6.745602165087957180e-01 6.960054163845632580e-01
6.752368064952638527e-01 6.960054163845632580e-01
6.752368064952638527e-01 6.966824644549762802e-01
6.765899864682002329e-01 6.966824644549762802e-01
6.765899864682002329e-01 6.973595125253893023e-01
6.779431664411367242e-01 6.973595125253893023e-01
6.779431664411367242e-01 6.987136086662153467e-01
6.786197564276048588e-01 6.987136086662153467e-01
6.786197564276048588e-01 6.993906567366282578e-01
6.792963464140731045e-01 6.993906567366282578e-01
6.792963464140731045e-01 7.000677048070412800e-01
6.806495263870094847e-01 7.000677048070412800e-01
6.833558863328822452e-01 7.000677048070412800e-01
6.833558863328822452e-01 7.007447528774543022e-01
6.847090663058186255e-01 7.007447528774543022e-01
6.847090663058186255e-01 7.014218009478673244e-01
6.853856562922868711e-01 7.014218009478673244e-01
6.853856562922868711e-01 7.027758970886932577e-01
6.867388362652232514e-01 7.027758970886932577e-01
6.867388362652232514e-01 7.034529451591062799e-01
6.867388362652232514e-01 7.048070412999323242e-01
6.880920162381596317e-01 7.048070412999323242e-01
6.880920162381596317e-01 7.054840893703453464e-01
6.894451962110961230e-01 7.054840893703453464e-01
6.894451962110961230e-01 7.088693297224103462e-01
6.901217861975642576e-01 7.088693297224103462e-01
6.901217861975642576e-01 7.109004739336493017e-01
6.907983761840325032e-01 7.109004739336493017e-01
6.907983761840325032e-01 7.122545700744752351e-01
6.907983761840325032e-01 7.129316181448882572e-01
6.914749661705006378e-01 7.129316181448882572e-01
6.914749661705006378e-01 7.136086662153012794e-01
6.921515561569688835e-01 7.136086662153012794e-01
6.941813261163735094e-01 7.136086662153012794e-01
6.948579161028416440e-01 7.136086662153012794e-01
6.948579161028416440e-01 7.142857142857143016e-01
6.948579161028416440e-01 7.156398104265402349e-01
6.948579161028416440e-01 7.163168584969532571e-01
6.975642760487145155e-01 7.163168584969532571e-01
6.989174560216508958e-01 7.163168584969532571e-01
6.989174560216508958e-01 7.190250507786052347e-01
7.002706359945872761e-01 7.190250507786052347e-01
7.002706359945872761e-01 7.197020988490182569e-01
7.009472259810555217e-01 7.197020988490182569e-01
7.009472259810555217e-01 7.203791469194312791e-01
7.023004059539919020e-01 7.203791469194312791e-01
7.023004059539919020e-01 7.217332430602573234e-01
7.029769959404600366e-01 7.217332430602573234e-01
7.029769959404600366e-01 7.230873392010832568e-01
7.036535859269282822e-01 7.230873392010832568e-01
7.036535859269282822e-01 7.264725795531482566e-01
7.050067658998646625e-01 7.264725795531482566e-01
7.050067658998646625e-01 7.271496276235612788e-01
7.056833558863329081e-01 7.271496276235612788e-01
7.056833558863329081e-01 7.278266756939743010e-01
7.063599458728010427e-01 7.278266756939743010e-01
7.090663058186739143e-01 7.278266756939743010e-01
7.097428958051420489e-01 7.278266756939743010e-01
7.097428958051420489e-01 7.291807718348002343e-01
7.117726657645466748e-01 7.291807718348002343e-01
7.117726657645466748e-01 7.305348679756262786e-01
7.131258457374830551e-01 7.305348679756262786e-01
7.131258457374830551e-01 7.312119160460393008e-01
7.144790257104194353e-01 7.312119160460393008e-01
7.151556156968876810e-01 7.312119160460393008e-01
7.151556156968876810e-01 7.318889641164523230e-01
7.165087956698240612e-01 7.318889641164523230e-01
7.165087956698240612e-01 7.325660121868652341e-01
7.171853856562923069e-01 7.325660121868652341e-01
7.171853856562923069e-01 7.332430602572782563e-01
7.185385656292286871e-01 7.332430602572782563e-01
7.192151556156969328e-01 7.339201083276912785e-01
7.192151556156969328e-01 7.352742044685172118e-01
7.198917456021650674e-01 7.352742044685172118e-01
7.198917456021650674e-01 7.359512525389302340e-01
7.212449255751014476e-01 7.359512525389302340e-01
7.212449255751014476e-01 7.366283006093432562e-01
7.225981055480379389e-01 7.366283006093432562e-01
7.225981055480379389e-01 7.373053486797562783e-01
7.239512855209743192e-01 7.373053486797562783e-01
7.253044654939106994e-01 7.373053486797562783e-01
7.253044654939106994e-01 7.379823967501693005e-01
7.259810554803789451e-01 7.379823967501693005e-01
7.259810554803789451e-01 7.400135409614082560e-01
7.266576454668470797e-01 7.400135409614082560e-01
7.273342354533153253e-01 7.406905890318212782e-01
7.293640054127198402e-01 7.406905890318212782e-01
7.293640054127198402e-01 7.420446851726472115e-01
7.300405953991880859e-01 7.420446851726472115e-01
7.300405953991880859e-01 7.440758293838862780e-01
7.313937753721244661e-01 7.440758293838862780e-01
7.313937753721244661e-01 7.461069735951252335e-01
7.327469553450608464e-01 7.461069735951252335e-01
7.327469553450608464e-01 7.481381178063643000e-01
7.347767253044654723e-01 7.481381178063643000e-01
7.347767253044654723e-01 7.488151658767772112e-01
7.354533152909337179e-01 7.494922139471902334e-01
7.354533152909337179e-01 7.515233581584292999e-01
7.368064952638700982e-01 7.515233581584292999e-01
7.368064952638700982e-01 7.528774542992552332e-01
7.388362652232747241e-01 7.528774542992552332e-01
7.401894451962111043e-01 7.528774542992552332e-01
7.408660351826793500e-01 7.528774542992552332e-01
7.415426251691474846e-01 7.535545023696682554e-01
7.428958051420838649e-01 7.535545023696682554e-01
7.428958051420838649e-01 7.562626946513202331e-01
7.456021650879567364e-01 7.562626946513202331e-01
7.456021650879567364e-01 7.576167907921462774e-01
7.462787550744248710e-01 7.576167907921462774e-01
7.462787550744248710e-01 7.582938388625591886e-01
7.469553450608931167e-01 7.582938388625591886e-01
7.469553450608931167e-01 7.589708869329722107e-01
7.483085250338294969e-01 7.589708869329722107e-01
7.483085250338294969e-01 7.596479350033852329e-01
7.496617050067658772e-01 7.603249830737982551e-01
7.496617050067658772e-01 7.623561272850372106e-01
7.503382949932341228e-01 7.623561272850372106e-01
7.503382949932341228e-01 7.637102234258632549e-01
7.510148849797022574e-01 7.637102234258632549e-01
7.510148849797022574e-01 7.643872714962762771e-01
7.516914749661705031e-01 7.643872714962762771e-01
7.516914749661705031e-01 7.650643195666891883e-01
7.530446549391068833e-01 7.650643195666891883e-01
7.530446549391068833e-01 7.657413676371022104e-01
7.550744248985115092e-01 7.657413676371022104e-01
7.550744248985115092e-01 7.664184157075152326e-01
7.557510148849797549e-01 7.664184157075152326e-01
7.557510148849797549e-01 7.677725118483412770e-01
7.577807848443842698e-01 7.677725118483412770e-01
7.577807848443842698e-01 7.691266079891672103e-01
7.584573748308525154e-01 7.691266079891672103e-01
7.584573748308525154e-01 7.711577522004062768e-01
7.591339648173206500e-01 7.711577522004062768e-01
7.591339648173206500e-01 7.725118483412322101e-01
7.598105548037888957e-01 7.725118483412322101e-01
7.598105548037888957e-01 7.745429925524712766e-01
7.625169147496616562e-01 7.745429925524712766e-01
7.625169147496616562e-01 7.752200406228841878e-01
7.638700947225981475e-01 7.752200406228841878e-01
7.638700947225981475e-01 7.765741367637102321e-01
7.679296346414072882e-01 7.765741367637102321e-01
7.686062246278755339e-01 7.772511848341232543e-01
7.686062246278755339e-01 7.779282329045362765e-01
7.699594046008119141e-01 7.779282329045362765e-01
7.713125845737482944e-01 7.779282329045362765e-01
7.713125845737482944e-01 7.792823290453622098e-01
7.719891745602165400e-01 7.792823290453622098e-01
7.719891745602165400e-01 7.813134732566011653e-01
7.726657645466846747e-01 7.813134732566011653e-01
7.726657645466846747e-01 7.833446174678402318e-01
7.733423545331529203e-01 7.833446174678402318e-01
7.760487144790256808e-01 7.833446174678402318e-01
7.760487144790256808e-01 7.840216655382532540e-01
7.767253044654939265e-01 7.840216655382532540e-01
7.767253044654939265e-01 7.846987136086661652e-01
7.774018944519620611e-01 7.846987136086661652e-01
7.774018944519620611e-01 7.860528097494922095e-01
7.794316644113666870e-01 7.860528097494922095e-01
7.807848443843030672e-01 7.860528097494922095e-01
7.807848443843030672e-01 7.880839539607311650e-01
7.814614343707713129e-01 7.887610020311441872e-01
7.814614343707713129e-01 7.894380501015572094e-01
7.834912043301759388e-01 7.894380501015572094e-01
7.834912043301759388e-01 7.914691943127961649e-01
7.848443843031123190e-01 7.914691943127961649e-01
7.861975642760486993e-01 7.914691943127961649e-01
7.861975642760486993e-01 7.921462423832091870e-01
7.868741542625169449e-01 7.928232904536222092e-01
7.868741542625169449e-01 7.935003385240352314e-01
7.875507442489850796e-01 7.935003385240352314e-01
7.875507442489850796e-01 7.941773865944482536e-01
7.889039242219215708e-01 7.941773865944482536e-01
7.895805142083897055e-01 7.941773865944482536e-01
7.895805142083897055e-01 7.948544346648611647e-01
7.902571041948579511e-01 7.948544346648611647e-01
7.916102841677943314e-01 7.955314827352741869e-01
7.916102841677943314e-01 7.968855788761002312e-01
7.929634641407307116e-01 7.975626269465132534e-01
7.929634641407307116e-01 7.989167230873391867e-01
7.936400541271989573e-01 7.989167230873391867e-01
7.949932341001353375e-01 7.995937711577522089e-01
7.963464140730717178e-01 7.995937711577522089e-01
7.963464140730717178e-01 8.009478672985782532e-01
7.970230040595399634e-01 8.009478672985782532e-01
7.970230040595399634e-01 8.016249153689911644e-01
7.976995940460080980e-01 8.016249153689911644e-01
7.990527740189444783e-01 8.016249153689911644e-01
7.990527740189444783e-01 8.036560595802302309e-01
8.004059539918809696e-01 8.036560595802302309e-01
8.004059539918809696e-01 8.063642518618822086e-01
8.010825439783491042e-01 8.063642518618822086e-01
8.010825439783491042e-01 8.070412999322952308e-01
8.017591339648173498e-01 8.083953960731211641e-01
8.031123139377537301e-01 8.083953960731211641e-01
8.031123139377537301e-01 8.097494922139472084e-01
8.037889039242219757e-01 8.097494922139472084e-01
8.037889039242219757e-01 8.104265402843602306e-01
8.044654939106901104e-01 8.104265402843602306e-01
8.044654939106901104e-01 8.111035883547731418e-01
8.064952638700947363e-01 8.111035883547731418e-01
8.064952638700947363e-01 8.117806364251861639e-01
8.078484438430311165e-01 8.117806364251861639e-01
8.092016238159674968e-01 8.117806364251861639e-01
8.098782138024357424e-01 8.124576844955991861e-01
8.098782138024357424e-01 8.131347325660122083e-01
8.112313937753721227e-01 8.131347325660122083e-01
8.119079837618403683e-01 8.138117806364252305e-01
8.119079837618403683e-01 8.151658767772511638e-01
8.125845737483085029e-01 8.151658767772511638e-01
8.125845737483085029e-01 8.158429248476641860e-01
8.132611637347767486e-01 8.158429248476641860e-01
8.132611637347767486e-01 8.165199729180772081e-01
8.146143437077131289e-01 8.171970209884902303e-01
8.159675236806495091e-01 8.171970209884902303e-01
8.159675236806495091e-01 8.178740690589031415e-01
8.166441136671177548e-01 8.178740690589031415e-01
8.166441136671177548e-01 8.185511171293161636e-01
8.179972936400541350e-01 8.185511171293161636e-01
8.186738836265223807e-01 8.185511171293161636e-01
8.193504736129905153e-01 8.199052132701422080e-01
8.193504736129905153e-01 8.239675016926202300e-01
8.200270635994587609e-01 8.239675016926202300e-01
8.227334235453315214e-01 8.239675016926202300e-01
8.234100135317997671e-01 8.239675016926202300e-01
8.234100135317997671e-01 8.246445497630331412e-01
8.240866035182679017e-01 8.253215978334461633e-01
8.240866035182679017e-01 8.259986459038591855e-01
8.247631935047361473e-01 8.259986459038591855e-01
8.247631935047361473e-01 8.300609343263372075e-01
8.254397834912042820e-01 8.307379823967501187e-01
8.254397834912042820e-01 8.314150304671631408e-01
8.261163734776725276e-01 8.314150304671631408e-01
8.274695534506089079e-01 8.320920785375761630e-01
8.281461434370771535e-01 8.320920785375761630e-01
8.294993234100135338e-01 8.320920785375761630e-01
8.294993234100135338e-01 8.327691266079891852e-01
8.308525033829499140e-01 8.327691266079891852e-01
8.315290933694181597e-01 8.334461746784022074e-01
8.328822733423545399e-01 8.334461746784022074e-01
8.328822733423545399e-01 8.341232227488151185e-01
8.342354533152909202e-01 8.341232227488151185e-01
8.349120433017591658e-01 8.348002708192281407e-01
8.349120433017591658e-01 8.368314150304672072e-01
8.355886332882273004e-01 8.368314150304672072e-01
8.369418132611636807e-01 8.368314150304672072e-01
8.369418132611636807e-01 8.375084631008801184e-01
8.369418132611636807e-01 8.388625592417061627e-01
8.376184032476319263e-01 8.388625592417061627e-01
8.376184032476319263e-01 8.395396073121191849e-01
8.389715832205683066e-01 8.395396073121191849e-01
8.389715832205683066e-01 8.415707515233581404e-01
8.396481732070365522e-01 8.415707515233581404e-01
8.410013531799729325e-01 8.415707515233581404e-01
8.416779431664411781e-01 8.415707515233581404e-01
8.416779431664411781e-01 8.422477995937711626e-01
8.430311231393775584e-01 8.422477995937711626e-01
8.430311231393775584e-01 8.436018957345972069e-01
8.437077131258456930e-01 8.436018957345972069e-01
8.437077131258456930e-01 8.463100880162491846e-01
8.443843031123139387e-01 8.463100880162491846e-01
8.443843031123139387e-01 8.469871360866622068e-01
8.464140730717185646e-01 8.469871360866622068e-01
8.464140730717185646e-01 8.483412322274881401e-01
8.470906630581866992e-01 8.490182802979011623e-01
8.470906630581866992e-01 8.503723764387270956e-01
8.497970230040595707e-01 8.503723764387270956e-01
8.511502029769959510e-01 8.510494245091401178e-01
8.511502029769959510e-01 8.524035206499661621e-01
8.518267929634640856e-01 8.524035206499661621e-01
8.531799729364005769e-01 8.524035206499661621e-01
8.538565629228687115e-01 8.524035206499661621e-01
8.538565629228687115e-01 8.537576167907920954e-01
8.558863328822733374e-01 8.537576167907920954e-01
8.558863328822733374e-01 8.551117129316181398e-01
8.572395128552097177e-01 8.551117129316181398e-01
8.579161028416779633e-01 8.551117129316181398e-01
8.579161028416779633e-01 8.557887610020311620e-01
8.585926928281460979e-01 8.557887610020311620e-01
8.599458728010825892e-01 8.557887610020311620e-01
8.612990527740189695e-01 8.557887610020311620e-01
8.612990527740189695e-01 8.564658090724441841e-01
8.619756427604871041e-01 8.564658090724441841e-01
8.619756427604871041e-01 8.571428571428570953e-01
8.626522327469553497e-01 8.571428571428570953e-01
8.626522327469553497e-01 8.598510494245091840e-01
8.633288227334235954e-01 8.598510494245091840e-01
8.633288227334235954e-01 8.632362897765741838e-01
8.646820027063599756e-01 8.632362897765741838e-01
8.646820027063599756e-01 8.639133378469870950e-01
8.660351826792963559e-01 8.639133378469870950e-01
8.673883626522327361e-01 8.639133378469870950e-01
8.687415426251691164e-01 8.639133378469870950e-01
8.687415426251691164e-01 8.666215301286391837e-01
8.707713125845737423e-01 8.666215301286391837e-01
8.707713125845737423e-01 8.679756262694651170e-01
8.714479025710419879e-01 8.679756262694651170e-01
8.714479025710419879e-01 8.713608666215301168e-01
8.721244925575101226e-01 8.713608666215301168e-01
8.721244925575101226e-01 8.727149627623561612e-01
8.734776725304465028e-01 8.727149627623561612e-01
8.734776725304465028e-01 8.740690589031820945e-01
8.741542625169147485e-01 8.740690589031820945e-01
8.755074424898511287e-01 8.740690589031820945e-01
8.755074424898511287e-01 8.754231550440081389e-01
8.761840324763193744e-01 8.754231550440081389e-01
8.761840324763193744e-01 8.774542992552470944e-01
8.788903924221921349e-01 8.774542992552470944e-01
8.788903924221921349e-01 8.794854434664861609e-01
8.795669824086603805e-01 8.794854434664861609e-01
8.795669824086603805e-01 8.801624915368990720e-01
8.809201623815967608e-01 8.801624915368990720e-01
8.809201623815967608e-01 8.808395396073120942e-01
8.829499323410013867e-01 8.808395396073120942e-01
8.829499323410013867e-01 8.815165876777251164e-01
8.836265223274695213e-01 8.815165876777251164e-01
8.836265223274695213e-01 8.828706838185511607e-01
8.843031123139377669e-01 8.828706838185511607e-01
8.843031123139377669e-01 8.869329722410290717e-01
8.856562922868741472e-01 8.869329722410290717e-01
8.856562922868741472e-01 8.882870683818551161e-01
8.863328822733423928e-01 8.882870683818551161e-01
8.863328822733423928e-01 8.896411645226811604e-01
8.876860622462787731e-01 8.896411645226811604e-01
8.876860622462787731e-01 8.903182125930940716e-01
8.883626522327469077e-01 8.903182125930940716e-01
8.883626522327469077e-01 8.923493568043331381e-01
8.897158322056833990e-01 8.923493568043331381e-01
8.897158322056833990e-01 8.930264048747461603e-01
8.903924221921515336e-01 8.930264048747461603e-01
8.903924221921515336e-01 8.943805010155720936e-01
8.910690121786197793e-01 8.943805010155720936e-01
8.910690121786197793e-01 8.950575490859851158e-01
8.917456021650879139e-01 8.950575490859851158e-01
8.917456021650879139e-01 9.004739336492890711e-01
8.930987821380244052e-01 9.004739336492890711e-01
8.930987821380244052e-01 9.011509817197020933e-01
8.937753721244925398e-01 9.011509817197020933e-01
8.937753721244925398e-01 9.018280297901151155e-01
8.951285520974289200e-01 9.018280297901151155e-01
8.971583220568335459e-01 9.018280297901151155e-01
8.971583220568335459e-01 9.025050778605281376e-01
8.978349120433017916e-01 9.025050778605281376e-01
8.978349120433017916e-01 9.065673662830060486e-01
8.991880920162381718e-01 9.065673662830060486e-01
8.991880920162381718e-01 9.099526066350710485e-01
9.005412719891745521e-01 9.099526066350710485e-01
9.005412719891745521e-01 9.106296547054840707e-01
9.012178619756427977e-01 9.106296547054840707e-01
9.012178619756427977e-01 9.119837508463101150e-01
9.018944519621109324e-01 9.119837508463101150e-01
9.018944519621109324e-01 9.126607989167231372e-01
9.025710419485791780e-01 9.126607989167231372e-01
9.046008119079838039e-01 9.126607989167231372e-01
9.046008119079838039e-01 9.194312796208530258e-01
9.066305818673883188e-01 9.194312796208530258e-01
9.066305818673883188e-01 9.201083276912660480e-01
9.106901217861975706e-01 9.201083276912660480e-01
9.106901217861975706e-01 9.221394719025051145e-01
9.120433017591339508e-01 9.221394719025051145e-01
9.120433017591339508e-01 9.228165199729180257e-01
9.133964817320703311e-01 9.228165199729180257e-01
9.133964817320703311e-01 9.255247122545701144e-01
9.147496617050067114e-01 9.255247122545701144e-01
9.147496617050067114e-01 9.262017603249830255e-01
9.154262516914749570e-01 9.262017603249830255e-01
9.154262516914749570e-01 9.268788083953960477e-01
9.174560216508795829e-01 9.268788083953960477e-01
9.174560216508795829e-01 9.282329045362220921e-01
9.201623815967523434e-01 9.282329045362220921e-01
9.201623815967523434e-01 9.289099526066351142e-01
9.208389715832205891e-01 9.289099526066351142e-01
9.208389715832205891e-01 9.295870006770480254e-01
9.215155615696887237e-01 9.295870006770480254e-01
9.215155615696887237e-01 9.309410968178740697e-01
9.221921515561569693e-01 9.309410968178740697e-01
9.221921515561569693e-01 9.336492890995260474e-01
9.242219215155615952e-01 9.336492890995260474e-01
9.242219215155615952e-01 9.350033852403520918e-01
9.248985115020297298e-01 9.350033852403520918e-01
9.248985115020297298e-01 9.356804333107651139e-01
9.255751014884979755e-01 9.356804333107651139e-01
9.255751014884979755e-01 9.370345294515910473e-01
9.269282814614343557e-01 9.370345294515910473e-01
9.269282814614343557e-01 9.377115775220040694e-01
9.282814614343707360e-01 9.377115775220040694e-01
9.282814614343707360e-01 9.383886255924170916e-01
9.289580514208389816e-01 9.383886255924170916e-01
9.303112313937753619e-01 9.383886255924170916e-01
9.303112313937753619e-01 9.390656736628301138e-01
9.309878213802436075e-01 9.390656736628301138e-01
9.309878213802436075e-01 9.404197698036560471e-01
9.316644113667117422e-01 9.404197698036560471e-01
9.316644113667117422e-01 9.410968178740690693e-01
9.323410013531799878e-01 9.410968178740690693e-01
9.336941813261163681e-01 9.410968178740690693e-01
9.336941813261163681e-01 9.417738659444820915e-01
9.343707713125846137e-01 9.417738659444820915e-01
9.343707713125846137e-01 9.424509140148950026e-01
9.357239512855209940e-01 9.424509140148950026e-01
9.357239512855209940e-01 9.478672985781990690e-01
9.364005412719891286e-01 9.478672985781990690e-01
9.364005412719891286e-01 9.492213947190250023e-01
9.370771312584573742e-01 9.492213947190250023e-01
9.370771312584573742e-01 9.526066350710900021e-01
9.377537212449256199e-01 9.526066350710900021e-01
9.377537212449256199e-01 9.539607312119160465e-01
9.384303112313937545e-01 9.539607312119160465e-01
9.384303112313937545e-01 9.553148273527420908e-01
9.397834912043301347e-01 9.553148273527420908e-01
9.397834912043301347e-01 9.566689234935680242e-01
9.418132611637347607e-01 9.566689234935680242e-01
9.431664411366711409e-01 9.566689234935680242e-01
9.431664411366711409e-01 9.573459715639810463e-01
9.438430311231393866e-01 9.573459715639810463e-01
9.451962110960757668e-01 9.573459715639810463e-01
9.451962110960757668e-01 9.580230196343940685e-01
9.458728010825440125e-01 9.580230196343940685e-01
9.458728010825440125e-01 9.587000677048070907e-01
9.472259810554803927e-01 9.587000677048070907e-01
9.472259810554803927e-01 9.600541638456330240e-01
9.485791610284167730e-01 9.600541638456330240e-01
9.485791610284167730e-01 9.641164522681110460e-01
9.506089309878213989e-01 9.641164522681110460e-01
9.526387009472260248e-01 9.641164522681110460e-01
9.526387009472260248e-01 9.654705484089369794e-01
9.533152909336941594e-01 9.654705484089369794e-01
9.533152909336941594e-01 9.661475964793500015e-01
9.553450608930987853e-01 9.661475964793500015e-01
9.553450608930987853e-01 9.668246445497630237e-01
9.560216508795670309e-01 9.668246445497630237e-01
9.560216508795670309e-01 9.675016926201760459e-01
9.566982408660351656e-01 9.675016926201760459e-01
9.580514208389715458e-01 9.675016926201760459e-01
9.580514208389715458e-01 9.681787406905890681e-01
9.587280108254397915e-01 9.681787406905890681e-01
9.587280108254397915e-01 9.702098849018280236e-01
9.614343707713125520e-01 9.702098849018280236e-01
9.641407307171854235e-01 9.702098849018280236e-01
9.654939106901218038e-01 9.702098849018280236e-01
9.654939106901218038e-01 9.708869329722410457e-01
9.675236806495264297e-01 9.708869329722410457e-01
9.675236806495264297e-01 9.715639810426540679e-01
9.682002706359945643e-01 9.715639810426540679e-01
9.682002706359945643e-01 9.729180771834800012e-01
9.695534506089309446e-01 9.729180771834800012e-01
9.695534506089309446e-01 9.756262694651319789e-01
9.702300405953991902e-01 9.756262694651319789e-01
9.702300405953991902e-01 9.763033175355450011e-01
9.709066305818674358e-01 9.763033175355450011e-01
9.709066305818674358e-01 9.783344617467840676e-01
9.722598105548038161e-01 9.783344617467840676e-01
9.729364005412719507e-01 9.783344617467840676e-01
9.729364005412719507e-01 9.796885578876100009e-01
9.736129905277401964e-01 9.796885578876100009e-01
9.736129905277401964e-01 9.803656059580230231e-01
9.742895805142084420e-01 9.803656059580230231e-01
9.742895805142084420e-01 9.810426540284360453e-01
9.756427604871448223e-01 9.810426540284360453e-01
9.756427604871448223e-01 9.823967501692619786e-01
9.763193504736129569e-01 9.823967501692619786e-01
9.776725304465493371e-01 9.823967501692619786e-01
9.790257104194858284e-01 9.823967501692619786e-01
9.790257104194858284e-01 9.830737982396750008e-01
9.797023004059539630e-01 9.830737982396750008e-01
9.797023004059539630e-01 9.851049424509140673e-01
9.810554803788903433e-01 9.851049424509140673e-01
9.810554803788903433e-01 9.857819905213269784e-01
9.824086603518268346e-01 9.857819905213269784e-01
9.824086603518268346e-01 9.864590385917400006e-01
9.837618403247632148e-01 9.864590385917400006e-01
9.837618403247632148e-01 9.871360866621530228e-01
9.851150202976995951e-01 9.871360866621530228e-01
9.864682002706359754e-01 9.871360866621530228e-01
9.864682002706359754e-01 9.884901828029789561e-01
9.878213802435723556e-01 9.884901828029789561e-01
9.884979702300406013e-01 9.884901828029789561e-01
9.884979702300406013e-01 9.891672308733919783e-01
9.905277401894452272e-01 9.891672308733919783e-01
9.925575101488497420e-01 9.891672308733919783e-01
9.939106901217862333e-01 9.891672308733919783e-01
9.939106901217862333e-01 9.905213270142180226e-01
9.945872801082543679e-01 9.905213270142180226e-01
9.945872801082543679e-01 9.911983750846310448e-01
9.952638700947226136e-01 9.911983750846310448e-01
9.952638700947226136e-01 9.945836154366960447e-01
9.959404600811907482e-01 9.945836154366960447e-01
9.959404600811907482e-01 9.952606635071089558e-01
9.966170500676589938e-01 9.952606635071089558e-01
9.966170500676589938e-01 9.979688557887610445e-01
9.972936400541272395e-01 9.979688557887610445e-01
9.972936400541272395e-01 9.986459038591739557e-01
9.986468200270636197e-01 9.986459038591739557e-01
9.986468200270636197e-01 9.993229519295869778e-01
9.993234100135317544e-01 9.993229519295869778e-01
9.993234100135317544e-01 1.000000000000000000e+00
1.000000000000000000e+00 1.000000000000000000e+00
