# auc=0.515
# acc=0.524
0.000000000000000000e+00 0.000000000000000000e+00
0.000000000000000000e+00 6.770480704129992972e-04
0.000000000000000000e+00 1.354096140825998594e-03
6.765899864682003214e-04 1.354096140825998594e-03
6.765899864682003214e-04 2.031144211238998000e-03
1.353179972936400643e-03 2.031144211238998000e-03
1.353179972936400643e-03 2.708192281651997189e-03
2.029769959404600747e-03 2.708192281651997189e-03
2.029769959404600747e-03 6.093432633716994000e-03
2.706359945872801286e-03 6.093432633716994000e-03
4.059539918809201495e-03 6.093432633716994000e-03
4.059539918809201495e-03 1.015572105619498913e-02
5.412719891745602571e-03 1.015572105619498913e-02
5.412719891745602571e-03 1.083276912660798875e-02
6.765899864682002780e-03 1.083276912660798875e-02
6.765899864682002780e-03 1.218686526743398800e-02
7.442489851150203319e-03 1.218686526743398800e-02
7.442489851150203319e-03 1.286391333784698762e-02
8.119079837618402989e-03 1.286391333784698762e-02
8.119079837618402989e-03 1.354096140825998724e-02
9.472259810554804066e-03 1.354096140825998724e-02
1.082543978349120514e-02 1.354096140825998724e-02
1.082543978349120514e-02 1.421800947867298513e-02
1.217861975642760448e-02 1.421800947867298513e-02
1.353179972936400556e-02 1.421800947867298513e-02
1.420838971583220610e-02 1.421800947867298513e-02
1.420838971583220610e-02 1.557210561949898438e-02
1.556156968876860544e-02 1.557210561949898438e-02
1.691474966170500652e-02 1.557210561949898438e-02
1.826792963464140759e-02 1.557210561949898438e-02
1.826792963464140759e-02 1.624915368991198400e-02
2.029769959404600921e-02 1.624915368991198400e-02
2.097428958051420975e-02 1.624915368991198400e-02
2.097428958051420975e-02 1.692620176032498189e-02
2.232746955345060735e-02 1.692620176032498189e-02
2.232746955345060735e-02 1.760324983073798324e-02
2.503382949932340951e-02 1.760324983073798324e-02
2.503382949932340951e-02 1.895734597156398249e-02
2.571041948579161004e-02 1.895734597156398249e-02
2.571041948579161004e-02 2.031144211238997827e-02
2.706359945872801112e-02 2.031144211238997827e-02
2.841677943166441220e-02 2.031144211238997827e-02
2.841677943166441220e-02 2.098849018280297962e-02
2.909336941813261274e-02 2.098849018280297962e-02
2.909336941813261274e-02 2.166553825321597751e-02
2.976995940460081327e-02 2.166553825321597751e-02
2.976995940460081327e-02 2.234258632362897887e-02
3.112313937753721088e-02 2.234258632362897887e-02
3.112313937753721088e-02 2.369668246445497464e-02
3.179972936400541489e-02 2.369668246445497464e-02
3.179972936400541489e-02 2.437373053486797600e-02
3.382949932341001303e-02 2.437373053486797600e-02
3.382949932341001303e-02 2.505077860528097389e-02
3.450608930987821704e-02 2.505077860528097389e-02
3.450608930987821704e-02 2.572782667569397524e-02
3.585926928281461118e-02 2.572782667569397524e-02
3.585926928281461118e-02 2.708192281651997449e-02
3.924221921515561734e-02 2.708192281651997449e-02
4.059539918809201842e-02 2.708192281651997449e-02
4.194857916102841949e-02 2.708192281651997449e-02
4.194857916102841949e-02 2.775897088693297238e-02
4.262516914749661656e-02 2.775897088693297238e-02
4.397834912043301764e-02 2.775897088693297238e-02
4.397834912043301764e-02 2.911306702775897162e-02
4.600811907983761578e-02 2.911306702775897162e-02
4.600811907983761578e-02 3.114421123899796875e-02
4.803788903924222087e-02 3.114421123899796875e-02
4.803788903924222087e-02 3.249830737982396800e-02
4.939106901217862194e-02 3.249830737982396800e-02
5.074424898511502302e-02 3.249830737982396800e-02
5.142083897158322009e-02 3.249830737982396800e-02
5.142083897158322009e-02 3.317535545023696936e-02
5.209742895805142410e-02 3.317535545023696936e-02
5.209742895805142410e-02 3.452945159106296513e-02
5.277401894451962117e-02 3.452945159106296513e-02
5.277401894451962117e-02 3.520649966147596649e-02
5.345060893098781823e-02 3.520649966147596649e-02
5.345060893098781823e-02 3.723764387271496362e-02
5.412719891745602224e-02 3.723764387271496362e-02
5.412719891745602224e-02 3.859174001354095940e-02
5.480378890392421931e-02 3.859174001354095940e-02
5.480378890392421931e-02 3.926878808395396075e-02
5.615696887686062039e-02 3.926878808395396075e-02
5.751014884979702146e-02 3.926878808395396075e-02
5.751014884979702146e-02 4.062288422477995653e-02
5.886332882273342254e-02 4.062288422477995653e-02
5.886332882273342254e-02 4.129993229519295789e-02
6.021650879566982362e-02 4.129993229519295789e-02
6.156968876860622469e-02 4.129993229519295789e-02
6.156968876860622469e-02 4.197698036560595924e-02
6.224627875507442176e-02 4.197698036560595924e-02
6.224627875507442176e-02 4.265402843601896060e-02
6.359945872801082978e-02 4.265402843601896060e-02
6.427604871447901991e-02 4.265402843601896060e-02
6.562922868741542792e-02 4.265402843601896060e-02
6.562922868741542792e-02 4.333107650643195502e-02
6.630581867388363193e-02 4.333107650643195502e-02
6.630581867388363193e-02 4.400812457684495638e-02
6.765899864682002607e-02 4.400812457684495638e-02
6.765899864682002607e-02 4.468517264725795773e-02
6.833558863328823008e-02 4.468517264725795773e-02
6.833558863328823008e-02 4.603926878808395351e-02
6.968876860622462421e-02 4.603926878808395351e-02
6.968876860622462421e-02 4.671631685849695487e-02
7.036535859269282822e-02 4.671631685849695487e-02
7.171853856562922236e-02 4.671631685849695487e-02
7.171853856562922236e-02 4.739336492890994929e-02
7.307171853856563037e-02 4.739336492890994929e-02
7.307171853856563037e-02 5.010155721056194777e-02
7.442489851150202451e-02 5.010155721056194777e-02
7.577807848443843253e-02 5.010155721056194777e-02
7.577807848443843253e-02 5.077860528097494913e-02
7.645466847090663653e-02 5.077860528097494913e-02
7.645466847090663653e-02 5.213270142180094491e-02
7.713125845737482666e-02 5.213270142180094491e-02
7.713125845737482666e-02 5.280974949221394626e-02
7.780784844384303067e-02 5.280974949221394626e-02
7.780784844384303067e-02 5.348679756262694762e-02
7.983761840324762882e-02 5.348679756262694762e-02
7.983761840324762882e-02 5.551794177386594475e-02
8.119079837618403683e-02 5.551794177386594475e-02
8.119079837618403683e-02 5.687203791469194053e-02
8.254397834912043097e-02 5.687203791469194053e-02
8.322056833558863498e-02 5.687203791469194053e-02
8.322056833558863498e-02 5.958023019634393902e-02
8.389715832205683899e-02 5.958023019634393902e-02
8.389715832205683899e-02 6.025727826675694038e-02
8.525033829499323312e-02 6.025727826675694038e-02
8.525033829499323312e-02 6.296547054840893887e-02
8.592692828146143713e-02 6.296547054840893887e-02
8.592692828146143713e-02 6.499661475964793600e-02
8.795669824086603528e-02 6.499661475964793600e-02
8.795669824086603528e-02 6.635071090047393871e-02
8.930987821380242941e-02 6.635071090047393871e-02
8.930987821380242941e-02 6.702775897088693313e-02
8.998646820027063342e-02 6.702775897088693313e-02
8.998646820027063342e-02 6.838185511171293585e-02
9.066305818673883743e-02 6.838185511171293585e-02
9.066305818673883743e-02 6.905890318212593026e-02
9.201623815967523157e-02 6.905890318212593026e-02
9.404600811907984359e-02 6.905890318212593026e-02
9.472259810554803372e-02 6.905890318212593026e-02
9.472259810554803372e-02 7.041299932295193298e-02
9.539918809201623773e-02 7.041299932295193298e-02
9.539918809201623773e-02 7.244414353419093011e-02
9.675236806495263187e-02 7.244414353419093011e-02
9.675236806495263187e-02 7.312119160460392453e-02
9.742895805142083587e-02 7.312119160460392453e-02
9.742895805142083587e-02 7.447528774542992724e-02
9.878213802435724389e-02 7.447528774542992724e-02
1.001353179972936380e-01 7.447528774542992724e-02
1.001353179972936380e-01 7.718348002708191880e-02
1.014884979702300460e-01 7.718348002708191880e-02
1.014884979702300460e-01 7.921462423832091593e-02
1.021650879566982362e-01 7.921462423832091593e-02
1.021650879566982362e-01 7.989167230873392422e-02
1.028416779431664402e-01 7.989167230873392422e-02
1.028416779431664402e-01 8.056872037914691864e-02
1.041948579161028482e-01 8.056872037914691864e-02
1.041948579161028482e-01 8.124576844955991306e-02
1.055480378890392423e-01 8.124576844955991306e-02
1.055480378890392423e-01 8.192281651997292136e-02
1.069012178619756365e-01 8.192281651997292136e-02
1.069012178619756365e-01 8.327691266079891019e-02
1.075778078484438405e-01 8.327691266079891019e-02
1.075778078484438405e-01 8.598510494245091562e-02
1.082543978349120445e-01 8.598510494245091562e-02
1.082543978349120445e-01 8.801624915368991275e-02
1.089309878213802485e-01 8.801624915368991275e-02
1.089309878213802485e-01 8.869329722410290717e-02
1.102841677943166426e-01 8.869329722410290717e-02
1.102841677943166426e-01 9.140148950575491260e-02
1.116373477672530506e-01 9.140148950575491260e-02
1.116373477672530506e-01 9.275558564658090144e-02
1.129905277401894448e-01 9.275558564658090144e-02
1.129905277401894448e-01 9.478672985781989857e-02
1.136671177266576488e-01 9.478672985781989857e-02
1.136671177266576488e-01 9.546377792823290687e-02
1.143437077131258389e-01 9.546377792823290687e-02
1.143437077131258389e-01 9.614082599864590128e-02
1.150202976995940429e-01 9.614082599864590128e-02
1.163734776725304509e-01 9.614082599864590128e-02
1.163734776725304509e-01 9.681787406905890958e-02
1.184032476319350491e-01 9.681787406905890958e-02
1.190798376184032531e-01 9.681787406905890958e-02
1.190798376184032531e-01 1.015572105619498983e-01
1.204330175913396472e-01 1.015572105619498983e-01
1.204330175913396472e-01 1.022342586323628927e-01
1.211096075778078512e-01 1.022342586323628927e-01
1.211096075778078512e-01 1.029113067027759010e-01
1.224627875507442454e-01 1.029113067027759010e-01
1.224627875507442454e-01 1.062965470548408869e-01
1.231393775372124494e-01 1.062965470548408869e-01
1.231393775372124494e-01 1.076506431956668897e-01
1.238159675236806534e-01 1.076506431956668897e-01
1.238159675236806534e-01 1.090047393364928924e-01
1.244925575101488435e-01 1.090047393364928924e-01
1.244925575101488435e-01 1.117129316181448839e-01
1.251691474966170614e-01 1.117129316181448839e-01
1.251691474966170614e-01 1.123899796885578922e-01
1.265223274695534417e-01 1.123899796885578922e-01
1.278755074424898497e-01 1.123899796885578922e-01
1.278755074424898497e-01 1.144211238997968894e-01
1.292286874154262577e-01 1.144211238997968894e-01
1.292286874154262577e-01 1.164522681110358865e-01
1.312584573748308558e-01 1.164522681110358865e-01
1.319350473612990460e-01 1.164522681110358865e-01
1.319350473612990460e-01 1.191604603926878780e-01
1.326116373477672639e-01 1.191604603926878780e-01
1.339648173207036441e-01 1.191604603926878780e-01
1.339648173207036441e-01 1.218686526743398835e-01
1.353179972936400521e-01 1.218686526743398835e-01
1.353179972936400521e-01 1.225457007447528779e-01
1.359945872801082423e-01 1.225457007447528779e-01
1.387009472259810583e-01 1.225457007447528779e-01
1.387009472259810583e-01 1.245768449559918750e-01
1.393775372124492484e-01 1.245768449559918750e-01
1.393775372124492484e-01 1.266079891672308722e-01
1.400541271989174663e-01 1.266079891672308722e-01
1.400541271989174663e-01 1.272850372376438666e-01
1.414073071718538466e-01 1.272850372376438666e-01
1.414073071718538466e-01 1.286391333784698832e-01
1.427604871447902546e-01 1.286391333784698832e-01
1.427604871447902546e-01 1.293161814488828776e-01
1.434370771312584447e-01 1.293161814488828776e-01
1.434370771312584447e-01 1.313473256601218608e-01
1.447902571041948527e-01 1.313473256601218608e-01
1.447902571041948527e-01 1.320243737305348553e-01
1.454668470906630706e-01 1.320243737305348553e-01
1.454668470906630706e-01 1.333784698713608718e-01
1.461434370771312607e-01 1.333784698713608718e-01
1.474966170500676688e-01 1.333784698713608718e-01
1.474966170500676688e-01 1.367637102234258717e-01
1.488497970230040490e-01 1.367637102234258717e-01
1.488497970230040490e-01 1.374407582938388661e-01
1.515561569688768651e-01 1.374407582938388661e-01
1.535859269282814632e-01 1.374407582938388661e-01
1.535859269282814632e-01 1.428571428571428492e-01
1.549391069012178712e-01 1.428571428571428492e-01
1.556156968876860613e-01 1.428571428571428492e-01
1.556156968876860613e-01 1.448882870683818602e-01
1.562922868741542515e-01 1.448882870683818602e-01
1.562922868741542515e-01 1.462423832092078491e-01
1.576454668470906595e-01 1.462423832092078491e-01
1.576454668470906595e-01 1.475964793500338657e-01
1.583220568335588496e-01 1.475964793500338657e-01
1.583220568335588496e-01 1.489505754908598545e-01
1.589986468200270675e-01 1.489505754908598545e-01
1.603518267929634755e-01 1.489505754908598545e-01
1.603518267929634755e-01 1.516587677725118599e-01
1.610284167794316657e-01 1.516587677725118599e-01
1.610284167794316657e-01 1.523358158429248543e-01
1.623815967523680737e-01 1.523358158429248543e-01
1.637347767253044539e-01 1.523358158429248543e-01
1.637347767253044539e-01 1.530128639133378488e-01
1.650879566982408619e-01 1.530128639133378488e-01
1.650879566982408619e-01 1.543669600541638376e-01
1.657645466847090798e-01 1.543669600541638376e-01
1.657645466847090798e-01 1.550440081245768320e-01
1.684709066305818681e-01 1.550440081245768320e-01
1.684709066305818681e-01 1.563981042654028486e-01
1.698240866035182761e-01 1.563981042654028486e-01
1.711772665764546564e-01 1.563981042654028486e-01
1.725304465493910644e-01 1.563981042654028486e-01
1.725304465493910644e-01 1.584292484766418319e-01
1.732070365358592823e-01 1.584292484766418319e-01
1.732070365358592823e-01 1.631685849695328483e-01
1.738836265223274724e-01 1.631685849695328483e-01
1.738836265223274724e-01 1.638456330399458427e-01
1.745602165087956625e-01 1.638456330399458427e-01
1.745602165087956625e-01 1.651997291807718315e-01
1.752368064952638804e-01 1.651997291807718315e-01
1.765899864682002607e-01 1.651997291807718315e-01
1.772665764546684786e-01 1.651997291807718315e-01
1.772665764546684786e-01 1.699390656736628202e-01
1.786197564276048588e-01 1.699390656736628202e-01
1.786197564276048588e-01 1.706161137440758424e-01
1.792963464140730767e-01 1.706161137440758424e-01
1.792963464140730767e-01 1.753554502369668311e-01
1.806495263870094847e-01 1.753554502369668311e-01
1.826792963464140829e-01 1.753554502369668311e-01
1.826792963464140829e-01 1.780636425186188088e-01
1.833558863328822730e-01 1.780636425186188088e-01
1.847090663058186810e-01 1.780636425186188088e-01
1.847090663058186810e-01 1.787406905890318309e-01
1.860622462787550613e-01 1.787406905890318309e-01
1.860622462787550613e-01 1.807718348002708142e-01
1.867388362652232792e-01 1.807718348002708142e-01
1.867388362652232792e-01 1.821259309410968308e-01
1.880920162381596872e-01 1.821259309410968308e-01
1.880920162381596872e-01 1.848341232227488085e-01
1.887686062246278773e-01 1.848341232227488085e-01
1.887686062246278773e-01 1.875423155044008139e-01
1.894451962110960674e-01 1.875423155044008139e-01
1.894451962110960674e-01 1.895734597156397971e-01
1.901217861975642853e-01 1.895734597156397971e-01
1.914749661705006656e-01 1.895734597156397971e-01
1.914749661705006656e-01 1.902505077860528193e-01
1.921515561569688835e-01 1.902505077860528193e-01
1.921515561569688835e-01 1.929587000677047970e-01
1.928281461434370736e-01 1.929587000677047970e-01
1.941813261163734816e-01 1.929587000677047970e-01
1.941813261163734816e-01 1.936357481381178192e-01
1.955345060893098896e-01 1.936357481381178192e-01
1.955345060893098896e-01 1.949898442789438080e-01
1.962110960757780798e-01 1.949898442789438080e-01
1.975642760487144878e-01 1.949898442789438080e-01
1.975642760487144878e-01 1.983750846310088078e-01
1.989174560216508680e-01 1.983750846310088078e-01
2.002706359945872761e-01 1.983750846310088078e-01
2.009472259810554939e-01 1.983750846310088078e-01
2.009472259810554939e-01 2.017603249830738077e-01
2.016238159675236841e-01 2.017603249830738077e-01
2.016238159675236841e-01 2.031144211238997965e-01
2.029769959404600921e-01 2.031144211238997965e-01
2.036535859269282822e-01 2.031144211238997965e-01
2.036535859269282822e-01 2.037914691943127909e-01
2.043301759133964723e-01 2.037914691943127909e-01
2.043301759133964723e-01 2.058226134055518020e-01
2.050067658998646902e-01 2.058226134055518020e-01
2.050067658998646902e-01 2.064996614759647964e-01
2.077131258457374785e-01 2.064996614759647964e-01
2.083897158322056964e-01 2.064996614759647964e-01
2.083897158322056964e-01 2.071767095463777908e-01
2.090663058186738865e-01 2.071767095463777908e-01
2.090663058186738865e-01 2.085308056872037796e-01
2.097428958051420766e-01 2.085308056872037796e-01
2.097428958051420766e-01 2.098849018280297962e-01
2.104194857916102945e-01 2.098849018280297962e-01
2.104194857916102945e-01 2.105619498984427906e-01
2.110960757780784847e-01 2.105619498984427906e-01
2.110960757780784847e-01 2.112389979688557851e-01
2.124492557510148927e-01 2.112389979688557851e-01
2.124492557510148927e-01 2.125930941096817739e-01
2.138024357239512729e-01 2.125930941096817739e-01
2.144790257104194908e-01 2.125930941096817739e-01
2.144790257104194908e-01 2.132701421800947961e-01
2.158322056833558988e-01 2.132701421800947961e-01
2.158322056833558988e-01 2.139471902505077905e-01
2.165087956698240890e-01 2.139471902505077905e-01
2.165087956698240890e-01 2.146242383209207849e-01
2.178619756427604970e-01 2.146242383209207849e-01
2.192151556156968772e-01 2.146242383209207849e-01
2.192151556156968772e-01 2.153012863913337793e-01
2.205683355886332853e-01 2.153012863913337793e-01
2.225981055480378834e-01 2.153012863913337793e-01
2.232746955345061013e-01 2.153012863913337793e-01
2.232746955345061013e-01 2.173324306025727903e-01
2.239512855209742914e-01 2.173324306025727903e-01
2.239512855209742914e-01 2.186865267433987792e-01
2.246278755074424816e-01 2.186865267433987792e-01
2.246278755074424816e-01 2.200406228842247680e-01
2.253044654939106994e-01 2.200406228842247680e-01
2.253044654939106994e-01 2.220717670954637790e-01
2.273342354533152976e-01 2.220717670954637790e-01
2.280108254397834877e-01 2.220717670954637790e-01
2.280108254397834877e-01 2.247799593771157844e-01
2.286874154262516778e-01 2.247799593771157844e-01
2.286874154262516778e-01 2.254570074475287789e-01
2.293640054127198957e-01 2.254570074475287789e-01
2.293640054127198957e-01 2.261340555179417733e-01
2.300405953991880859e-01 2.261340555179417733e-01
2.300405953991880859e-01 2.288422477995937787e-01
2.307171853856563037e-01 2.288422477995937787e-01
2.307171853856563037e-01 2.308733920108327620e-01
2.313937753721244939e-01 2.308733920108327620e-01
2.327469553450609019e-01 2.308733920108327620e-01
2.334235453315290920e-01 2.308733920108327620e-01
2.334235453315290920e-01 2.315504400812457564e-01
2.341001353179972821e-01 2.315504400812457564e-01
2.341001353179972821e-01 2.322274881516587786e-01
2.347767253044655000e-01 2.322274881516587786e-01
2.347767253044655000e-01 2.335815842924847674e-01
2.354533152909336902e-01 2.335815842924847674e-01
2.354533152909336902e-01 2.342586323628977618e-01
2.361299052774019080e-01 2.342586323628977618e-01
2.361299052774019080e-01 2.349356804333107562e-01
2.368064952638700982e-01 2.349356804333107562e-01
2.368064952638700982e-01 2.376438727149627617e-01
2.381596752368065062e-01 2.376438727149627617e-01
2.381596752368065062e-01 2.389979688557887505e-01
2.388362652232746963e-01 2.389979688557887505e-01
2.388362652232746963e-01 2.410291130670277615e-01
2.395128552097428865e-01 2.410291130670277615e-01
2.395128552097428865e-01 2.423832092078537503e-01
2.401894451962111043e-01 2.423832092078537503e-01
2.415426251691474846e-01 2.423832092078537503e-01
2.415426251691474846e-01 2.430602572782667448e-01
2.428958051420838926e-01 2.430602572782667448e-01
2.428958051420838926e-01 2.444143534190927614e-01
2.435723951285521105e-01 2.444143534190927614e-01
2.435723951285521105e-01 2.457684495599187502e-01
2.449255751014884908e-01 2.457684495599187502e-01
2.449255751014884908e-01 2.464454976303317446e-01
2.456021650879567086e-01 2.464454976303317446e-01
2.456021650879567086e-01 2.471225457007447390e-01
2.469553450608930889e-01 2.471225457007447390e-01
2.469553450608930889e-01 2.477995937711577612e-01
2.476319350473613068e-01 2.477995937711577612e-01
2.476319350473613068e-01 2.491536899119837500e-01
2.483085250338294969e-01 2.491536899119837500e-01
2.503382949932341228e-01 2.491536899119837500e-01
2.503382949932341228e-01 2.505077860528097666e-01
2.510148849797023130e-01 2.505077860528097666e-01
2.523680649526386932e-01 2.505077860528097666e-01
2.537212449255751290e-01 2.505077860528097666e-01
2.537212449255751290e-01 2.525389302640487221e-01
2.550744248985115092e-01 2.525389302640487221e-01
2.550744248985115092e-01 2.538930264048747665e-01
2.571041948579160796e-01 2.538930264048747665e-01
2.571041948579160796e-01 2.566012186865267442e-01
2.577807848443843253e-01 2.566012186865267442e-01
2.577807848443843253e-01 2.579553148273527330e-01
2.591339648173207055e-01 2.579553148273527330e-01
2.591339648173207055e-01 2.586323628977657552e-01
2.598105548037888957e-01 2.586323628977657552e-01
2.598105548037888957e-01 2.599864590385917440e-01
2.611637347767253314e-01 2.599864590385917440e-01
2.611637347767253314e-01 2.606635071090047662e-01
2.638700947225980920e-01 2.606635071090047662e-01
2.638700947225980920e-01 2.660798916723087215e-01
2.645466847090662821e-01 2.660798916723087215e-01
2.645466847090662821e-01 2.681110358835477325e-01
2.665764546684709080e-01 2.681110358835477325e-01
2.665764546684709080e-01 2.694651320243737214e-01
2.672530446549390981e-01 2.694651320243737214e-01
2.686062246278755339e-01 2.694651320243737214e-01
2.686062246278755339e-01 2.721733243060257545e-01
2.692828146143437240e-01 2.721733243060257545e-01
2.692828146143437240e-01 2.728503723764387212e-01
2.706359945872801043e-01 2.728503723764387212e-01
2.706359945872801043e-01 2.762356127285037211e-01
2.713125845737482944e-01 2.762356127285037211e-01
2.726657645466847302e-01 2.762356127285037211e-01
2.726657645466847302e-01 2.775897088693297099e-01
2.733423545331529203e-01 2.775897088693297099e-01
2.733423545331529203e-01 2.789438050101556987e-01
2.740189445196211104e-01 2.789438050101556987e-01
2.740189445196211104e-01 2.796208530805687209e-01
2.753721244925574907e-01 2.796208530805687209e-01
2.753721244925574907e-01 2.802979011509817431e-01
2.767253044654939265e-01 2.802979011509817431e-01
2.787550744248984969e-01 2.802979011509817431e-01
2.787550744248984969e-01 2.809749492213947097e-01
2.807848443843031228e-01 2.809749492213947097e-01
2.828146143437076931e-01 2.809749492213947097e-01
2.848443843031123190e-01 2.809749492213947097e-01
2.848443843031123190e-01 2.816519972918077319e-01
2.861975642760486993e-01 2.816519972918077319e-01
2.882273342354533252e-01 2.816519972918077319e-01
2.882273342354533252e-01 2.823290453622206986e-01
2.889039242219215153e-01 2.823290453622206986e-01
2.889039242219215153e-01 2.830060934326337208e-01
2.895805142083897055e-01 2.830060934326337208e-01
2.895805142083897055e-01 2.850372376438727318e-01
2.909336941813261412e-01 2.850372376438727318e-01
2.922868741542625215e-01 2.850372376438727318e-01
2.949932341001353375e-01 2.850372376438727318e-01
2.956698240866035277e-01 2.850372376438727318e-01
2.956698240866035277e-01 2.857142857142856984e-01
2.963464140730717178e-01 2.857142857142856984e-01
2.963464140730717178e-01 2.945159106296547091e-01
2.970230040595399079e-01 2.945159106296547091e-01
2.970230040595399079e-01 2.951929587000677313e-01
2.990527740189445338e-01 2.951929587000677313e-01
2.990527740189445338e-01 2.992552471225456978e-01
3.004059539918809141e-01 2.992552471225456978e-01
3.010825439783491042e-01 2.992552471225456978e-01
3.010825439783491042e-01 3.060257278266756975e-01
3.037889039242219202e-01 3.060257278266756975e-01
3.037889039242219202e-01 3.067027758970887197e-01
3.044654939106901104e-01 3.067027758970887197e-01
3.058186738836265461e-01 3.067027758970887197e-01
3.058186738836265461e-01 3.080568720379147085e-01
3.064952638700947363e-01 3.080568720379147085e-01
3.064952638700947363e-01 3.087339201083276752e-01
3.078484438430311165e-01 3.087339201083276752e-01
3.078484438430311165e-01 3.107650643195666862e-01
3.092016238159674968e-01 3.107650643195666862e-01
3.092016238159674968e-01 3.114421123899797084e-01
3.105548037889039326e-01 3.114421123899797084e-01
3.105548037889039326e-01 3.148273527420447082e-01
3.112313937753721227e-01 3.148273527420447082e-01
3.112313937753721227e-01 3.182125930941097081e-01
3.132611637347767486e-01 3.182125930941097081e-01
3.132611637347767486e-01 3.215978334461746524e-01
3.152909336941813190e-01 3.215978334461746524e-01
3.179972936400541350e-01 3.215978334461746524e-01
3.186738836265223251e-01 3.215978334461746524e-01
3.186738836265223251e-01 3.236289776574136634e-01
3.200270635994587054e-01 3.236289776574136634e-01
3.200270635994587054e-01 3.276912660798916854e-01
3.234100135317997116e-01 3.276912660798916854e-01
3.234100135317997116e-01 3.290453622207176743e-01
3.261163734776725276e-01 3.290453622207176743e-01
3.267929634641407177e-01 3.290453622207176743e-01
3.281461434370771535e-01 3.290453622207176743e-01
3.288227334235453436e-01 3.290453622207176743e-01
3.288227334235453436e-01 3.303994583615436631e-01
3.308525033829499140e-01 3.303994583615436631e-01
3.308525033829499140e-01 3.310765064319566853e-01
3.315290933694181597e-01 3.310765064319566853e-01
3.315290933694181597e-01 3.317535545023696519e-01
3.322056833558863498e-01 3.317535545023696519e-01
3.322056833558863498e-01 3.324306025727826741e-01
3.328822733423545399e-01 3.324306025727826741e-01
3.328822733423545399e-01 3.331076506431956408e-01
3.342354533152909202e-01 3.331076506431956408e-01
3.342354533152909202e-01 3.344617467840216851e-01
3.355886332882273559e-01 3.344617467840216851e-01
3.355886332882273559e-01 3.351387948544346518e-01
3.362652232746955461e-01 3.351387948544346518e-01
3.362652232746955461e-01 3.398781313473256405e-01
3.376184032476319263e-01 3.398781313473256405e-01
3.376184032476319263e-01 3.412322274881516848e-01
3.382949932341001165e-01 3.412322274881516848e-01
3.382949932341001165e-01 3.419092755585646515e-01
3.389715832205683621e-01 3.419092755585646515e-01
3.389715832205683621e-01 3.473256601218686623e-01
3.396481732070365522e-01 3.473256601218686623e-01
3.396481732070365522e-01 3.480027081922816290e-01
3.403247631935047424e-01 3.480027081922816290e-01
3.403247631935047424e-01 3.493568043331076733e-01
3.416779431664411226e-01 3.493568043331076733e-01
3.416779431664411226e-01 3.513879485443466288e-01
3.430311231393775584e-01 3.513879485443466288e-01
3.430311231393775584e-01 3.520649966147596510e-01
3.443843031123139387e-01 3.520649966147596510e-01
3.443843031123139387e-01 3.534190927555856399e-01
3.450608930987821288e-01 3.534190927555856399e-01
3.450608930987821288e-01 3.540961408259986620e-01
3.464140730717185646e-01 3.540961408259986620e-01
3.464140730717185646e-01 3.547731888964116287e-01
3.477672530446549448e-01 3.547731888964116287e-01
3.477672530446549448e-01 3.561272850372376175e-01
3.484438430311231349e-01 3.561272850372376175e-01
3.484438430311231349e-01 3.574813811780636619e-01
3.491204330175913251e-01 3.574813811780636619e-01
3.491204330175913251e-01 3.595125253893026174e-01
3.504736129905277608e-01 3.595125253893026174e-01
3.504736129905277608e-01 3.608666215301286617e-01
3.525033829499323312e-01 3.608666215301286617e-01
3.531799729364005214e-01 3.608666215301286617e-01
3.531799729364005214e-01 3.615436696005416284e-01
3.545331529093369571e-01 3.615436696005416284e-01
3.552097428958051473e-01 3.615436696005416284e-01
3.565629228687415275e-01 3.615436696005416284e-01
3.565629228687415275e-01 3.635748138117806394e-01
3.572395128552097177e-01 3.635748138117806394e-01
3.572395128552097177e-01 3.656059580230196504e-01
3.585926928281461534e-01 3.656059580230196504e-01
3.585926928281461534e-01 3.669600541638456392e-01
3.606224627875507238e-01 3.669600541638456392e-01
3.606224627875507238e-01 3.723764387271496501e-01
3.612990527740189695e-01 3.723764387271496501e-01
3.612990527740189695e-01 3.744075829383886056e-01
3.619756427604871596e-01 3.744075829383886056e-01
3.619756427604871596e-01 3.750846310088016278e-01
3.626522327469553497e-01 3.750846310088016278e-01
3.626522327469553497e-01 3.764387271496276166e-01
3.633288227334235398e-01 3.764387271496276166e-01
3.633288227334235398e-01 3.784698713608666276e-01
3.646820027063599201e-01 3.784698713608666276e-01
3.646820027063599201e-01 3.805010155721056386e-01
3.660351826792963559e-01 3.805010155721056386e-01
3.667117726657645460e-01 3.805010155721056386e-01
3.667117726657645460e-01 3.811780636425186053e-01
3.680649526387009263e-01 3.811780636425186053e-01
3.680649526387009263e-01 3.832092078537576163e-01
3.694181326116373620e-01 3.832092078537576163e-01
3.694181326116373620e-01 3.838862559241706385e-01
3.714479025710419324e-01 3.838862559241706385e-01
3.721244925575101226e-01 3.838862559241706385e-01
3.721244925575101226e-01 3.845633039945836051e-01
3.728010825439783682e-01 3.845633039945836051e-01
3.728010825439783682e-01 3.865944482058226161e-01
3.734776725304465583e-01 3.865944482058226161e-01
3.734776725304465583e-01 3.899796885578876160e-01
3.741542625169147485e-01 3.899796885578876160e-01
3.755074424898511287e-01 3.899796885578876160e-01
3.755074424898511287e-01 3.926878808395395937e-01
3.768606224627875645e-01 3.926878808395395937e-01
3.768606224627875645e-01 3.940419769803655825e-01
3.782138024357239448e-01 3.940419769803655825e-01
3.782138024357239448e-01 3.987813134732566267e-01
3.795669824086603250e-01 3.987813134732566267e-01
3.795669824086603250e-01 3.994583615436695934e-01
3.802435723951285707e-01 3.994583615436695934e-01
3.802435723951285707e-01 4.001354096140826155e-01
3.809201623815967608e-01 4.001354096140826155e-01
3.809201623815967608e-01 4.008124576844955822e-01
3.822733423545331410e-01 4.008124576844955822e-01
3.822733423545331410e-01 4.014895057549086044e-01
3.829499323410013312e-01 4.014895057549086044e-01
3.829499323410013312e-01 4.035206499661476154e-01
3.849797023004059571e-01 4.035206499661476154e-01
3.849797023004059571e-01 4.055517941773865709e-01
3.856562922868741472e-01 4.055517941773865709e-01
3.856562922868741472e-01 4.062288422477995931e-01
3.870094722598105275e-01 4.062288422477995931e-01
3.870094722598105275e-01 4.075829383886255819e-01
3.883626522327469632e-01 4.075829383886255819e-01
3.883626522327469632e-01 4.082599864590386041e-01
3.903924221921515336e-01 4.082599864590386041e-01
3.903924221921515336e-01 4.089370345294515707e-01
3.910690121786197793e-01 4.089370345294515707e-01
3.910690121786197793e-01 4.109681787406905817e-01
3.917456021650879694e-01 4.109681787406905817e-01
3.917456021650879694e-01 4.116452268111036039e-01
3.924221921515561595e-01 4.116452268111036039e-01
3.924221921515561595e-01 4.123222748815165706e-01
3.930987821380243497e-01 4.123222748815165706e-01
3.930987821380243497e-01 4.129993229519295928e-01
3.937753721244925398e-01 4.129993229519295928e-01
3.937753721244925398e-01 4.150304671631686038e-01
3.944519621109607854e-01 4.150304671631686038e-01
3.944519621109607854e-01 4.157075152335815704e-01
3.951285520974289756e-01 4.157075152335815704e-01
3.951285520974289756e-01 4.170616113744075593e-01
3.964817320703653558e-01 4.170616113744075593e-01
3.971583220568335459e-01 4.170616113744075593e-01
3.971583220568335459e-01 4.190927555856465703e-01
3.985115020297699817e-01 4.190927555856465703e-01
3.985115020297699817e-01 4.204468517264725591e-01
3.991880920162381718e-01 4.204468517264725591e-01
3.991880920162381718e-01 4.245091401489505811e-01
3.998646820027063620e-01 4.245091401489505811e-01
3.998646820027063620e-01 4.258632362897765700e-01
4.012178619756427422e-01 4.258632362897765700e-01
4.012178619756427422e-01 4.272173324306025588e-01
4.018944519621109879e-01 4.272173324306025588e-01
4.032476319350473681e-01 4.272173324306025588e-01
4.032476319350473681e-01 4.278943805010155810e-01
4.052774018944519385e-01 4.278943805010155810e-01
4.059539918809201842e-01 4.278943805010155810e-01
4.059539918809201842e-01 4.299255247122545920e-01
4.073071718538565644e-01 4.299255247122545920e-01
4.073071718538565644e-01 4.306025727826675586e-01
4.079837618403247546e-01 4.306025727826675586e-01
4.079837618403247546e-01 4.312796208530805808e-01
4.086603518267929447e-01 4.312796208530805808e-01
4.086603518267929447e-01 4.319566689234935475e-01
4.100135317997293805e-01 4.319566689234935475e-01
4.100135317997293805e-01 4.326337169939065697e-01
4.106901217861975706e-01 4.326337169939065697e-01
4.106901217861975706e-01 4.333107650643195918e-01
4.113667117726657607e-01 4.333107650643195918e-01
4.113667117726657607e-01 4.346648612051455807e-01
4.127198917456021410e-01 4.346648612051455807e-01
4.140730717185385767e-01 4.346648612051455807e-01
4.147496617050067669e-01 4.346648612051455807e-01
4.147496617050067669e-01 4.373730534867975583e-01
4.161028416779431471e-01 4.373730534867975583e-01
4.167794316644113928e-01 4.373730534867975583e-01
4.167794316644113928e-01 4.387271496276235472e-01
4.174560216508795829e-01 4.387271496276235472e-01
4.174560216508795829e-01 4.400812457684495360e-01
4.181326116373477730e-01 4.400812457684495360e-01
4.181326116373477730e-01 4.427894380501015692e-01
4.188092016238159632e-01 4.427894380501015692e-01
4.188092016238159632e-01 4.461746784021665690e-01
4.201623815967523434e-01 4.461746784021665690e-01
4.208389715832205891e-01 4.461746784021665690e-01
4.221921515561569693e-01 4.461746784021665690e-01
4.221921515561569693e-01 4.468517264725795357e-01
4.235453315290933496e-01 4.468517264725795357e-01
4.235453315290933496e-01 4.495599187542315689e-01
4.248985115020297854e-01 4.495599187542315689e-01
4.248985115020297854e-01 4.515910629654705244e-01
4.262516914749661656e-01 4.515910629654705244e-01
4.262516914749661656e-01 4.549763033175355242e-01
4.269282814614343557e-01 4.549763033175355242e-01
4.269282814614343557e-01 4.556533513879485464e-01
4.289580514208389816e-01 4.556533513879485464e-01
4.289580514208389816e-01 4.563303994583615686e-01
4.296346414073071718e-01 4.563303994583615686e-01
4.296346414073071718e-01 4.570074475287745353e-01
4.303112313937753619e-01 4.570074475287745353e-01
4.303112313937753619e-01 4.610697359512525573e-01
4.309878213802435520e-01 4.610697359512525573e-01
4.309878213802435520e-01 4.644549763033175571e-01
4.323410013531799878e-01 4.644549763033175571e-01
4.330175913396481779e-01 4.644549763033175571e-01
4.357239512855209940e-01 4.644549763033175571e-01
4.377537212449255644e-01 4.644549763033175571e-01
4.391069012178620001e-01 4.644549763033175571e-01
4.391069012178620001e-01 4.651320243737305238e-01
4.404600811907983804e-01 4.651320243737305238e-01
4.411366711772665705e-01 4.651320243737305238e-01
4.411366711772665705e-01 4.658090724441435460e-01
4.424898511502029508e-01 4.658090724441435460e-01
4.424898511502029508e-01 4.685172647257955236e-01
4.431664411366711964e-01 4.685172647257955236e-01
4.431664411366711964e-01 4.698713608666215125e-01
4.438430311231393866e-01 4.698713608666215125e-01
4.438430311231393866e-01 4.705484089370345346e-01
4.445196211096075767e-01 4.705484089370345346e-01
4.445196211096075767e-01 4.712254570074475013e-01
4.465493910690122026e-01 4.712254570074475013e-01
4.465493910690122026e-01 4.725795531482735456e-01
4.472259810554803927e-01 4.725795531482735456e-01
4.472259810554803927e-01 4.732566012186865123e-01
4.485791610284167730e-01 4.732566012186865123e-01
4.485791610284167730e-01 4.739336492890995345e-01
4.492557510148849631e-01 4.739336492890995345e-01
4.492557510148849631e-01 4.752877454299255233e-01
4.506089309878213989e-01 4.752877454299255233e-01
4.512855209742895890e-01 4.752877454299255233e-01
4.512855209742895890e-01 4.773188896411645343e-01
4.526387009472259693e-01 4.773188896411645343e-01
4.533152909336941594e-01 4.773188896411645343e-01
4.533152909336941594e-01 4.786729857819905232e-01
4.553450608930987853e-01 4.786729857819905232e-01
4.566982408660351656e-01 4.786729857819905232e-01
4.566982408660351656e-01 4.793500338524035453e-01
4.580514208389716013e-01 4.793500338524035453e-01
4.580514208389716013e-01 4.800270819228165120e-01
4.587280108254397915e-01 4.800270819228165120e-01
4.614343707713126075e-01 4.800270819228165120e-01
4.614343707713126075e-01 4.854434664861205229e-01
4.627875507442489877e-01 4.854434664861205229e-01
4.634641407307171779e-01 4.854434664861205229e-01
4.634641407307171779e-01 4.867975626269465117e-01
4.641407307171853680e-01 4.867975626269465117e-01
4.641407307171853680e-01 4.881516587677725005e-01
4.648173207036536136e-01 4.881516587677725005e-01
4.648173207036536136e-01 4.888287068381855227e-01
4.661705006765899939e-01 4.888287068381855227e-01
4.661705006765899939e-01 4.901828029790115115e-01
4.688768606224628099e-01 4.901828029790115115e-01
4.688768606224628099e-01 4.955991875423155224e-01
4.702300405953991902e-01 4.955991875423155224e-01
4.702300405953991902e-01 4.962762356127284891e-01
4.715832205683355705e-01 4.962762356127284891e-01
4.715832205683355705e-01 4.976303317535544779e-01
4.722598105548038161e-01 4.976303317535544779e-01
4.722598105548038161e-01 4.983073798239675001e-01
4.729364005412720062e-01 4.983073798239675001e-01
4.729364005412720062e-01 5.003385240352065111e-01
4.736129905277401964e-01 5.003385240352065111e-01
4.756427604871447667e-01 5.003385240352065111e-01
4.763193504736130124e-01 5.003385240352065111e-01
4.763193504736130124e-01 5.010155721056195333e-01
4.776725304465493926e-01 5.010155721056195333e-01
4.776725304465493926e-01 5.016926201760324444e-01
4.783491204330175828e-01 5.016926201760324444e-01
4.783491204330175828e-01 5.023696682464454666e-01
4.790257104194857729e-01 5.023696682464454666e-01
4.790257104194857729e-01 5.044008124576845331e-01
4.810554803788903988e-01 5.044008124576845331e-01
4.810554803788903988e-01 5.050778605280974443e-01
4.817320703653585889e-01 5.050778605280974443e-01
4.817320703653585889e-01 5.104942450914015106e-01
4.830852503382949692e-01 5.104942450914015106e-01
4.851150202976995951e-01 5.104942450914015106e-01
4.857916102841677852e-01 5.104942450914015106e-01
4.857916102841677852e-01 5.118483412322274440e-01
4.864682002706359754e-01 5.118483412322274440e-01
4.864682002706359754e-01 5.125253893026404661e-01
4.871447902571042210e-01 5.125253893026404661e-01
4.871447902571042210e-01 5.138794854434665105e-01
4.878213802435724111e-01 5.138794854434665105e-01
4.878213802435724111e-01 5.152335815842924438e-01
4.891745602165087914e-01 5.152335815842924438e-01
4.891745602165087914e-01 5.159106296547054660e-01
4.898511502029769815e-01 5.159106296547054660e-01
4.898511502029769815e-01 5.165876777251184881e-01
4.918809201623816074e-01 5.165876777251184881e-01
4.918809201623816074e-01 5.172647257955315103e-01
4.925575101488497975e-01 5.172647257955315103e-01
4.925575101488497975e-01 5.186188219363574436e-01
4.939106901217861778e-01 5.186188219363574436e-01
4.939106901217861778e-01 5.206499661475965102e-01
4.952638700947226136e-01 5.206499661475965102e-01
4.952638700947226136e-01 5.233581584292484878e-01
4.972936400541271840e-01 5.233581584292484878e-01
4.972936400541271840e-01 5.267433987813134877e-01
4.986468200270636197e-01 5.267433987813134877e-01
4.986468200270636197e-01 5.274204468517265099e-01
4.993234100135318099e-01 5.274204468517265099e-01
4.993234100135318099e-01 5.280974949221394210e-01
5.000000000000000000e-01 5.280974949221394210e-01
5.000000000000000000e-01 5.294515910629654654e-01
5.006765899864682456e-01 5.294515910629654654e-01
5.006765899864682456e-01 5.301286391333784875e-01
5.020297699594046259e-01 5.301286391333784875e-01
5.020297699594046259e-01 5.308056872037915097e-01
5.027063599458727605e-01 5.308056872037915097e-01
5.027063599458727605e-01 5.328368314150304652e-01
5.040595399188092518e-01 5.328368314150304652e-01
5.040595399188092518e-01 5.341909275558565096e-01
5.047361299052773864e-01 5.341909275558565096e-01
5.047361299052773864e-01 5.416384563303994204e-01
5.067658998646820123e-01 5.416384563303994204e-01
5.081190798376183926e-01 5.416384563303994204e-01
5.081190798376183926e-01 5.423155044008124426e-01
5.094722598105547728e-01 5.423155044008124426e-01
5.108254397834911531e-01 5.423155044008124426e-01
5.108254397834911531e-01 5.436696005416384869e-01
5.115020297699593987e-01 5.436696005416384869e-01
5.115020297699593987e-01 5.443466486120515091e-01
5.121786197564276444e-01 5.443466486120515091e-01
5.121786197564276444e-01 5.457007447528774424e-01
5.128552097428957790e-01 5.457007447528774424e-01
5.128552097428957790e-01 5.504400812457684866e-01
5.142083897158321593e-01 5.504400812457684866e-01
5.155615696887686505e-01 5.504400812457684866e-01
5.155615696887686505e-01 5.524712254570074421e-01
5.162381596752367852e-01 5.524712254570074421e-01
5.162381596752367852e-01 5.531482735274204643e-01
5.169147496617050308e-01 5.531482735274204643e-01
5.169147496617050308e-01 5.538253215978334865e-01
5.182679296346414111e-01 5.538253215978334865e-01
5.182679296346414111e-01 5.565335138794854641e-01
5.189445196211096567e-01 5.565335138794854641e-01
5.189445196211096567e-01 5.585646580907244196e-01
5.196211096075777913e-01 5.585646580907244196e-01
5.196211096075777913e-01 5.605958023019634862e-01
5.209742895805141716e-01 5.605958023019634862e-01
5.209742895805141716e-01 5.612728503723763973e-01
5.216508795669824172e-01 5.612728503723763973e-01
5.216508795669824172e-01 5.619498984427894195e-01
5.230040595399187975e-01 5.619498984427894195e-01
5.230040595399187975e-01 5.646580907244413972e-01
5.243572395128551777e-01 5.646580907244413972e-01
5.250338294993234234e-01 5.646580907244413972e-01
5.250338294993234234e-01 5.653351387948544193e-01
5.257104194857915580e-01 5.653351387948544193e-01
5.257104194857915580e-01 5.660121868652674415e-01
5.263870094722598036e-01 5.660121868652674415e-01
5.263870094722598036e-01 5.693974272173324414e-01
5.270635994587280493e-01 5.693974272173324414e-01
5.270635994587280493e-01 5.700744752877454635e-01
5.277401894451961839e-01 5.700744752877454635e-01
5.277401894451961839e-01 5.707515233581583747e-01
5.297699594046008098e-01 5.707515233581583747e-01
5.304465493910690554e-01 5.707515233581583747e-01
5.304465493910690554e-01 5.727826675693974412e-01
5.311231393775371901e-01 5.727826675693974412e-01
5.311231393775371901e-01 5.734597156398104634e-01
5.324763193504735703e-01 5.734597156398104634e-01
5.338294993234100616e-01 5.734597156398104634e-01
5.338294993234100616e-01 5.748138117806363967e-01
5.345060893098781962e-01 5.748138117806363967e-01
5.345060893098781962e-01 5.768449559918754632e-01
5.351826792963464419e-01 5.768449559918754632e-01
5.365358592692828221e-01 5.768449559918754632e-01
5.365358592692828221e-01 5.795531482735274409e-01
5.372124492557510678e-01 5.795531482735274409e-01
5.372124492557510678e-01 5.802301963439404631e-01
5.378890392422192024e-01 5.802301963439404631e-01
5.378890392422192024e-01 5.815842924847663964e-01
5.405953991880919629e-01 5.815842924847663964e-01
5.412719891745602085e-01 5.815842924847663964e-01
5.412719891745602085e-01 5.836154366960054629e-01
5.426251691474965888e-01 5.836154366960054629e-01
5.433017591339648344e-01 5.836154366960054629e-01
5.460081190798375950e-01 5.836154366960054629e-01
5.466847090663058406e-01 5.836154366960054629e-01
5.466847090663058406e-01 5.842924847664183741e-01
5.473612990527739752e-01 5.842924847664183741e-01
5.473612990527739752e-01 5.849695328368313962e-01
5.480378890392422209e-01 5.849695328368313962e-01
5.480378890392422209e-01 5.856465809072444184e-01
5.487144790257104665e-01 5.856465809072444184e-01
5.487144790257104665e-01 5.863236289776574406e-01
5.500676589986468468e-01 5.863236289776574406e-01
5.500676589986468468e-01 5.870006770480704628e-01
5.520974289580514727e-01 5.870006770480704628e-01
5.520974289580514727e-01 5.876777251184833739e-01
5.527740189445196073e-01 5.876777251184833739e-01
5.527740189445196073e-01 5.910629654705483738e-01
5.541271989174559875e-01 5.910629654705483738e-01
5.548037889039242332e-01 5.910629654705483738e-01
5.548037889039242332e-01 5.937711577522003514e-01
5.561569688768606134e-01 5.937711577522003514e-01
5.561569688768606134e-01 5.958023019634394180e-01
5.575101488497969937e-01 5.958023019634394180e-01
5.581867388362652393e-01 5.958023019634394180e-01
5.581867388362652393e-01 5.964793500338524401e-01
5.588633288227333740e-01 5.964793500338524401e-01
5.588633288227333740e-01 5.971563981042653513e-01
5.602165087956698653e-01 5.971563981042653513e-01
5.602165087956698653e-01 5.978334461746783735e-01
5.608930987821379999e-01 5.978334461746783735e-01
5.608930987821379999e-01 5.991875423155044178e-01
5.615696887686062455e-01 5.991875423155044178e-01
5.615696887686062455e-01 5.998645903859174400e-01
5.622462787550743801e-01 5.998645903859174400e-01
5.622462787550743801e-01 6.005416384563303511e-01
5.629228687415426258e-01 6.005416384563303511e-01
5.629228687415426258e-01 6.018957345971563955e-01
5.635994587280108714e-01 6.018957345971563955e-01
5.635994587280108714e-01 6.046039268788083731e-01
5.642760487144790060e-01 6.046039268788083731e-01
5.642760487144790060e-01 6.093432633716994173e-01
5.649526387009472517e-01 6.093432633716994173e-01
5.649526387009472517e-01 6.106973595125253507e-01
5.656292286874153863e-01 6.106973595125253507e-01
5.656292286874153863e-01 6.120514556533513950e-01
5.669824086603518776e-01 6.120514556533513950e-01
5.669824086603518776e-01 6.134055517941774394e-01
5.676589986468200122e-01 6.134055517941774394e-01
5.676589986468200122e-01 6.140825998645903505e-01
5.683355886332882578e-01 6.140825998645903505e-01
5.683355886332882578e-01 6.154366960054163949e-01
5.696887686062246381e-01 6.154366960054163949e-01
5.696887686062246381e-01 6.167907921462423282e-01
5.703653585926927727e-01 6.167907921462423282e-01
5.703653585926927727e-01 6.201760324983073280e-01
5.710419485791610184e-01 6.201760324983073280e-01
5.723951285520973986e-01 6.201760324983073280e-01
5.730717185385656443e-01 6.201760324983073280e-01
5.730717185385656443e-01 6.208530805687203502e-01
5.751014884979702702e-01 6.208530805687203502e-01
5.751014884979702702e-01 6.215301286391333724e-01
5.764546684709066504e-01 6.215301286391333724e-01
5.764546684709066504e-01 6.222071767095463946e-01
5.778078484438430307e-01 6.222071767095463946e-01
5.778078484438430307e-01 6.228842247799594167e-01
5.784844384303112763e-01 6.228842247799594167e-01
5.784844384303112763e-01 6.242383209207853501e-01
5.791610284167794109e-01 6.242383209207853501e-01
5.791610284167794109e-01 6.283006093432633721e-01
5.805142083897157912e-01 6.283006093432633721e-01
5.805142083897157912e-01 6.316858496953283719e-01
5.825439783491204171e-01 6.316858496953283719e-01
5.825439783491204171e-01 6.323628977657413941e-01
5.832205683355886627e-01 6.323628977657413941e-01
5.832205683355886627e-01 6.330399458361544163e-01
5.845737483085250430e-01 6.330399458361544163e-01
5.845737483085250430e-01 6.343940419769803496e-01
5.859269282814614233e-01 6.343940419769803496e-01
5.859269282814614233e-01 6.364251861882194161e-01
5.866035182679296689e-01 6.364251861882194161e-01
5.879566982408660492e-01 6.364251861882194161e-01
5.886332882273341838e-01 6.364251861882194161e-01
5.886332882273341838e-01 6.371022342586323273e-01
5.893098782138024294e-01 6.371022342586323273e-01
5.893098782138024294e-01 6.384563303994583716e-01
5.899864682002706751e-01 6.384563303994583716e-01
5.899864682002706751e-01 6.404874746106973271e-01
5.906630581867388097e-01 6.404874746106973271e-01
5.906630581867388097e-01 6.411645226811103493e-01
5.920162381596751899e-01 6.411645226811103493e-01
5.926928281461434356e-01 6.411645226811103493e-01
5.926928281461434356e-01 6.418415707515233715e-01
5.933694181326116812e-01 6.418415707515233715e-01
5.933694181326116812e-01 6.445497630331753491e-01
5.940460081190798158e-01 6.445497630331753491e-01
5.940460081190798158e-01 6.465809072444143046e-01
5.947225981055480615e-01 6.465809072444143046e-01
5.947225981055480615e-01 6.479350033852403490e-01
5.974289580514208220e-01 6.479350033852403490e-01
5.974289580514208220e-01 6.492890995260663933e-01
5.987821380243572023e-01 6.492890995260663933e-01
5.987821380243572023e-01 6.499661475964793045e-01
5.994587280108254479e-01 6.499661475964793045e-01
5.994587280108254479e-01 6.540284360189573265e-01
6.008119079837618282e-01 6.540284360189573265e-01
6.014884979702300738e-01 6.540284360189573265e-01
6.014884979702300738e-01 6.547054840893703487e-01
6.035182679296345887e-01 6.547054840893703487e-01
6.035182679296345887e-01 6.553825321597833709e-01
6.055480378890392146e-01 6.553825321597833709e-01
6.055480378890392146e-01 6.560595802301963930e-01
6.062246278755074602e-01 6.560595802301963930e-01
6.082543978349120861e-01 6.560595802301963930e-01
6.082543978349120861e-01 6.607989167230873262e-01
6.089309878213802207e-01 6.607989167230873262e-01
6.089309878213802207e-01 6.621530128639133705e-01
6.109607577807848466e-01 6.621530128639133705e-01
6.109607577807848466e-01 6.635071090047393039e-01
6.116373477672530923e-01 6.635071090047393039e-01
6.116373477672530923e-01 6.641841570751523260e-01
6.129905277401894725e-01 6.641841570751523260e-01
6.129905277401894725e-01 6.662153012863912815e-01
6.150202976995940984e-01 6.662153012863912815e-01
6.163734776725304787e-01 6.662153012863912815e-01
6.170500676589986133e-01 6.662153012863912815e-01
6.170500676589986133e-01 6.668923493568043037e-01
6.184032476319349936e-01 6.668923493568043037e-01
6.184032476319349936e-01 6.682464454976303481e-01
6.204330175913396195e-01 6.682464454976303481e-01
6.217861975642759997e-01 6.682464454976303481e-01
6.217861975642759997e-01 6.696005416384562814e-01
6.224627875507442454e-01 6.696005416384562814e-01
6.224627875507442454e-01 6.729857819905212812e-01
6.231393775372124910e-01 6.729857819905212812e-01
6.251691474966170059e-01 6.729857819905212812e-01
6.258457374830852515e-01 6.729857819905212812e-01
6.258457374830852515e-01 6.756939742721733699e-01
6.265223274695534972e-01 6.756939742721733699e-01
6.265223274695534972e-01 6.763710223425862811e-01
6.278755074424898774e-01 6.763710223425862811e-01
6.285520974289580121e-01 6.763710223425862811e-01
6.285520974289580121e-01 6.777251184834123254e-01
6.299052774018945033e-01 6.777251184834123254e-01
6.299052774018945033e-01 6.784021665538253476e-01
6.312584573748308836e-01 6.784021665538253476e-01
6.312584573748308836e-01 6.844955991875423251e-01
6.326116373477672639e-01 6.844955991875423251e-01
6.339648173207036441e-01 6.844955991875423251e-01
6.353179972936400244e-01 6.844955991875423251e-01
6.359945872801082700e-01 6.844955991875423251e-01
6.359945872801082700e-01 6.851726472579553473e-01
6.380243572395128959e-01 6.851726472579553473e-01
6.393775372124492762e-01 6.851726472579553473e-01
6.393775372124492762e-01 6.858496953283683695e-01
6.407307171853856564e-01 6.858496953283683695e-01
6.407307171853856564e-01 6.865267433987812806e-01
6.414073071718539021e-01 6.865267433987812806e-01
6.414073071718539021e-01 6.872037914691943028e-01
6.434370771312584170e-01 6.872037914691943028e-01
6.434370771312584170e-01 6.878808395396073250e-01
6.447902571041949082e-01 6.878808395396073250e-01
6.461434370771312885e-01 6.878808395396073250e-01
6.461434370771312885e-01 6.892349356804332583e-01
6.481732070365359144e-01 6.892349356804332583e-01
6.502029769959404293e-01 6.892349356804332583e-01
6.522327469553450552e-01 6.892349356804332583e-01
6.522327469553450552e-01 6.912660798916723248e-01
6.542625169147496811e-01 6.912660798916723248e-01
6.542625169147496811e-01 6.946513202437373247e-01
6.556156968876860613e-01 6.946513202437373247e-01
6.556156968876860613e-01 6.966824644549762802e-01
6.569688768606224416e-01 6.966824644549762802e-01
6.569688768606224416e-01 6.980365605958023245e-01
6.576454668470906872e-01 6.980365605958023245e-01
6.576454668470906872e-01 7.007447528774543022e-01
6.589986468200270675e-01 7.007447528774543022e-01
6.589986468200270675e-01 7.034529451591062799e-01
6.610284167794316934e-01 7.034529451591062799e-01
6.610284167794316934e-01 7.041299932295193020e-01
6.617050067658998280e-01 7.041299932295193020e-01
6.617050067658998280e-01 7.061611374407582575e-01
6.630581867388363193e-01 7.061611374407582575e-01
6.630581867388363193e-01 7.068381855111712797e-01
6.644113667117726996e-01 7.068381855111712797e-01
6.644113667117726996e-01 7.075152335815843019e-01
6.657645466847090798e-01 7.075152335815843019e-01
6.657645466847090798e-01 7.088693297224103462e-01
6.664411366711772144e-01 7.088693297224103462e-01
6.664411366711772144e-01 7.102234258632362796e-01
6.691474966170500860e-01 7.102234258632362796e-01
6.705006765899864662e-01 7.102234258632362796e-01
6.705006765899864662e-01 7.109004739336493017e-01
6.711772665764547119e-01 7.109004739336493017e-01
6.711772665764547119e-01 7.122545700744752351e-01
6.718538565629228465e-01 7.122545700744752351e-01
6.718538565629228465e-01 7.136086662153012794e-01
6.725304465493910921e-01 7.136086662153012794e-01
6.725304465493910921e-01 7.149627623561273237e-01
6.732070365358592268e-01 7.149627623561273237e-01
6.745602165087957180e-01 7.149627623561273237e-01
6.752368064952638527e-01 7.149627623561273237e-01
6.752368064952638527e-01 7.156398104265402349e-01
6.759133964817320983e-01 7.156398104265402349e-01
6.759133964817320983e-01 7.183480027081923236e-01
6.772665764546684786e-01 7.183480027081923236e-01
6.806495263870094847e-01 7.183480027081923236e-01
6.806495263870094847e-01 7.217332430602573234e-01
6.813261163734776193e-01 7.217332430602573234e-01
6.813261163734776193e-01 7.224102911306702346e-01
6.826792963464141106e-01 7.224102911306702346e-01
6.826792963464141106e-01 7.237643872714962789e-01
6.833558863328822452e-01 7.237643872714962789e-01
6.847090663058186255e-01 7.237643872714962789e-01
6.853856562922868711e-01 7.237643872714962789e-01
6.853856562922868711e-01 7.244414353419093011e-01
6.880920162381596317e-01 7.244414353419093011e-01
6.880920162381596317e-01 7.271496276235612788e-01
6.907983761840325032e-01 7.271496276235612788e-01
6.907983761840325032e-01 7.285037237643873231e-01
6.914749661705006378e-01 7.285037237643873231e-01
6.914749661705006378e-01 7.291807718348002343e-01
6.928281461434371291e-01 7.291807718348002343e-01
6.928281461434371291e-01 7.298578199052132565e-01
6.935047361299052637e-01 7.298578199052132565e-01
6.935047361299052637e-01 7.339201083276912785e-01
6.948579161028416440e-01 7.339201083276912785e-01
6.955345060893098896e-01 7.339201083276912785e-01
6.955345060893098896e-01 7.345971563981043007e-01
6.962110960757780243e-01 7.345971563981043007e-01
6.962110960757780243e-01 7.352742044685172118e-01
6.968876860622462699e-01 7.352742044685172118e-01
6.968876860622462699e-01 7.366283006093432562e-01
6.975642760487145155e-01 7.366283006093432562e-01
6.975642760487145155e-01 7.393364928909952338e-01
6.995940460081190304e-01 7.393364928909952338e-01
6.995940460081190304e-01 7.406905890318212782e-01
7.002706359945872761e-01 7.406905890318212782e-01
7.002706359945872761e-01 7.433987813134732558e-01
7.016238159675236563e-01 7.433987813134732558e-01
7.016238159675236563e-01 7.447528774542993002e-01
7.029769959404600366e-01 7.447528774542993002e-01
7.029769959404600366e-01 7.454299255247122113e-01
7.043301759133965279e-01 7.454299255247122113e-01
7.043301759133965279e-01 7.467840216655382557e-01
7.056833558863329081e-01 7.467840216655382557e-01
7.056833558863329081e-01 7.488151658767772112e-01
7.063599458728010427e-01 7.488151658767772112e-01
7.063599458728010427e-01 7.508463100880162777e-01
7.083897158322056686e-01 7.508463100880162777e-01
7.083897158322056686e-01 7.522004062288422110e-01
7.090663058186739143e-01 7.522004062288422110e-01
7.090663058186739143e-01 7.528774542992552332e-01
7.110960757780784292e-01 7.528774542992552332e-01
7.110960757780784292e-01 7.549085985104942997e-01
7.117726657645466748e-01 7.549085985104942997e-01
7.117726657645466748e-01 7.569397427217332552e-01
7.131258457374830551e-01 7.569397427217332552e-01
7.131258457374830551e-01 7.610020311442112773e-01
7.144790257104194353e-01 7.610020311442112773e-01
7.144790257104194353e-01 7.616790792146241884e-01
7.158322056833559266e-01 7.616790792146241884e-01
7.178619756427604415e-01 7.616790792146241884e-01
7.178619756427604415e-01 7.643872714962762771e-01
7.185385656292286871e-01 7.643872714962762771e-01
7.198917456021650674e-01 7.643872714962762771e-01
7.205683355886333130e-01 7.643872714962762771e-01
7.205683355886333130e-01 7.677725118483412770e-01
7.219215155615696933e-01 7.677725118483412770e-01
7.225981055480379389e-01 7.677725118483412770e-01
7.225981055480379389e-01 7.684495599187541881e-01
7.239512855209743192e-01 7.684495599187541881e-01
7.246278755074424538e-01 7.684495599187541881e-01
7.246278755074424538e-01 7.711577522004062768e-01
7.259810554803789451e-01 7.711577522004062768e-01
7.259810554803789451e-01 7.738659444820582545e-01
7.266576454668470797e-01 7.738659444820582545e-01
7.266576454668470797e-01 7.765741367637102321e-01
7.280108254397834600e-01 7.765741367637102321e-01
7.280108254397834600e-01 7.792823290453622098e-01
7.293640054127198402e-01 7.792823290453622098e-01
7.293640054127198402e-01 7.799593771157752320e-01
7.313937753721244661e-01 7.799593771157752320e-01
7.313937753721244661e-01 7.819905213270141875e-01
7.320703653585927118e-01 7.819905213270141875e-01
7.334235453315290920e-01 7.819905213270141875e-01
7.341001353179973377e-01 7.819905213270141875e-01
7.341001353179973377e-01 7.840216655382532540e-01
7.361299052774018525e-01 7.840216655382532540e-01
7.361299052774018525e-01 7.846987136086661652e-01
7.374830852503383438e-01 7.846987136086661652e-01
7.374830852503383438e-01 7.860528097494922095e-01
7.395128552097428587e-01 7.860528097494922095e-01
7.395128552097428587e-01 7.867298578199052317e-01
7.401894451962111043e-01 7.867298578199052317e-01
7.415426251691474846e-01 7.867298578199052317e-01
7.415426251691474846e-01 7.887610020311441872e-01
7.422192151556157302e-01 7.887610020311441872e-01
7.422192151556157302e-01 7.901150981719702315e-01
7.428958051420838649e-01 7.901150981719702315e-01
7.428958051420838649e-01 7.928232904536222092e-01
7.449255751014884908e-01 7.928232904536222092e-01
7.456021650879567364e-01 7.928232904536222092e-01
7.456021650879567364e-01 7.948544346648611647e-01
7.476319350473612513e-01 7.948544346648611647e-01
7.476319350473612513e-01 7.955314827352741869e-01
7.489851150202977426e-01 7.955314827352741869e-01
7.489851150202977426e-01 7.962085308056872091e-01
7.516914749661705031e-01 7.962085308056872091e-01
7.516914749661705031e-01 7.968855788761002312e-01
7.530446549391068833e-01 7.968855788761002312e-01
7.557510148849797549e-01 7.968855788761002312e-01
7.557510148849797549e-01 7.982396750169261646e-01
7.564276048714478895e-01 7.982396750169261646e-01
7.564276048714478895e-01 7.989167230873391867e-01
7.571041948579161351e-01 7.989167230873391867e-01
7.584573748308525154e-01 7.989167230873391867e-01
7.591339648173206500e-01 7.989167230873391867e-01
7.591339648173206500e-01 7.995937711577522089e-01
7.598105548037888957e-01 7.995937711577522089e-01
7.598105548037888957e-01 8.002708192281652311e-01
7.645466847090662821e-01 8.002708192281652311e-01
7.645466847090662821e-01 8.029790115098172087e-01
7.658998646820026623e-01 8.029790115098172087e-01
7.658998646820026623e-01 8.056872037914691864e-01
7.665764546684709080e-01 8.056872037914691864e-01
7.665764546684709080e-01 8.077183480027081419e-01
7.672530446549391536e-01 8.077183480027081419e-01
7.686062246278755339e-01 8.077183480027081419e-01
7.699594046008119141e-01 8.077183480027081419e-01
7.713125845737482944e-01 8.077183480027081419e-01
7.719891745602165400e-01 8.077183480027081419e-01
7.719891745602165400e-01 8.090724441435341863e-01
7.733423545331529203e-01 8.090724441435341863e-01
7.740189445196210549e-01 8.090724441435341863e-01
7.753721244925575462e-01 8.090724441435341863e-01
7.760487144790256808e-01 8.090724441435341863e-01
7.774018944519620611e-01 8.090724441435341863e-01
7.780784844384303067e-01 8.090724441435341863e-01
7.780784844384303067e-01 8.097494922139472084e-01
7.807848443843030672e-01 8.097494922139472084e-01
7.807848443843030672e-01 8.117806364251861639e-01
7.821380243572395585e-01 8.117806364251861639e-01
7.821380243572395585e-01 8.131347325660122083e-01
7.834912043301759388e-01 8.131347325660122083e-01
7.834912043301759388e-01 8.144888287068381416e-01
7.841677943166440734e-01 8.144888287068381416e-01
7.841677943166440734e-01 8.165199729180772081e-01
7.848443843031123190e-01 8.165199729180772081e-01
7.848443843031123190e-01 8.185511171293161636e-01
7.861975642760486993e-01 8.185511171293161636e-01
7.861975642760486993e-01 8.192281651997291858e-01
7.875507442489850796e-01 8.192281651997291858e-01
7.882273342354533252e-01 8.192281651997291858e-01
7.882273342354533252e-01 8.199052132701422080e-01
7.895805142083897055e-01 8.199052132701422080e-01
7.895805142083897055e-01 8.239675016926202300e-01
7.936400541271989573e-01 8.239675016926202300e-01
7.949932341001353375e-01 8.239675016926202300e-01
7.949932341001353375e-01 8.246445497630331412e-01
7.963464140730717178e-01 8.246445497630331412e-01
7.970230040595399634e-01 8.246445497630331412e-01
7.970230040595399634e-01 8.273527420446851188e-01
7.976995940460080980e-01 8.273527420446851188e-01
7.976995940460080980e-01 8.314150304671631408e-01
7.983761840324763437e-01 8.314150304671631408e-01
7.983761840324763437e-01 8.320920785375761630e-01
7.990527740189444783e-01 8.320920785375761630e-01
7.990527740189444783e-01 8.327691266079891852e-01
7.997293640054127239e-01 8.327691266079891852e-01
7.997293640054127239e-01 8.348002708192281407e-01
8.010825439783491042e-01 8.348002708192281407e-01
8.010825439783491042e-01 8.354773188896411629e-01
8.024357239512854845e-01 8.354773188896411629e-01
8.024357239512854845e-01 8.361543669600541850e-01
8.031123139377537301e-01 8.361543669600541850e-01
8.031123139377537301e-01 8.368314150304672072e-01
8.044654939106901104e-01 8.368314150304672072e-01
8.044654939106901104e-01 8.388625592417061627e-01
8.058186738836264906e-01 8.388625592417061627e-01
8.058186738836264906e-01 8.415707515233581404e-01
8.078484438430311165e-01 8.415707515233581404e-01
8.092016238159674968e-01 8.415707515233581404e-01
8.092016238159674968e-01 8.429248476641841847e-01
8.098782138024357424e-01 8.429248476641841847e-01
8.098782138024357424e-01 8.436018957345972069e-01
8.105548037889038770e-01 8.436018957345972069e-01
8.105548037889038770e-01 8.456330399458361624e-01
8.112313937753721227e-01 8.456330399458361624e-01
8.112313937753721227e-01 8.469871360866622068e-01
8.119079837618403683e-01 8.469871360866622068e-01
8.119079837618403683e-01 8.476641841570751179e-01
8.139377537212448832e-01 8.476641841570751179e-01
8.139377537212448832e-01 8.483412322274881401e-01
8.159675236806495091e-01 8.483412322274881401e-01
8.159675236806495091e-01 8.490182802979011623e-01
8.166441136671177548e-01 8.490182802979011623e-01
8.166441136671177548e-01 8.496953283683141844e-01
8.179972936400541350e-01 8.496953283683141844e-01
8.179972936400541350e-01 8.503723764387270956e-01
8.186738836265223807e-01 8.503723764387270956e-01
8.200270635994587609e-01 8.503723764387270956e-01
8.200270635994587609e-01 8.524035206499661621e-01
8.213802435723951412e-01 8.524035206499661621e-01
8.213802435723951412e-01 8.530805687203791843e-01
8.227334235453315214e-01 8.530805687203791843e-01
8.227334235453315214e-01 8.537576167907920954e-01
8.240866035182679017e-01 8.537576167907920954e-01
8.261163734776725276e-01 8.537576167907920954e-01
8.274695534506089079e-01 8.537576167907920954e-01
8.288227334235452881e-01 8.537576167907920954e-01
8.288227334235452881e-01 8.551117129316181398e-01
8.308525033829499140e-01 8.551117129316181398e-01
8.308525033829499140e-01 8.564658090724441841e-01
8.315290933694181597e-01 8.564658090724441841e-01
8.315290933694181597e-01 8.571428571428570953e-01
8.322056833558862943e-01 8.571428571428570953e-01
8.335588633288227856e-01 8.571428571428570953e-01
8.335588633288227856e-01 8.591740013540961618e-01
8.355886332882273004e-01 8.591740013540961618e-01
8.355886332882273004e-01 8.605280974949220951e-01
8.362652232746955461e-01 8.605280974949220951e-01
8.376184032476319263e-01 8.605280974949220951e-01
8.376184032476319263e-01 8.612051455653351173e-01
8.396481732070365522e-01 8.612051455653351173e-01
8.430311231393775584e-01 8.612051455653351173e-01
8.430311231393775584e-01 8.618821936357481395e-01
8.443843031123139387e-01 8.618821936357481395e-01
8.443843031123139387e-01 8.625592417061611616e-01
8.457374830852503189e-01 8.625592417061611616e-01
8.457374830852503189e-01 8.632362897765741838e-01
8.464140730717185646e-01 8.632362897765741838e-01
8.464140730717185646e-01 8.645903859174001171e-01
8.470906630581866992e-01 8.645903859174001171e-01
8.497970230040595707e-01 8.645903859174001171e-01
8.518267929634640856e-01 8.645903859174001171e-01
8.518267929634640856e-01 8.679756262694651170e-01
8.531799729364005769e-01 8.679756262694651170e-01
8.545331529093369571e-01 8.679756262694651170e-01
8.545331529093369571e-01 8.700067704807041835e-01
8.558863328822733374e-01 8.700067704807041835e-01
8.558863328822733374e-01 8.713608666215301168e-01
8.565629228687415830e-01 8.713608666215301168e-01
8.565629228687415830e-01 8.720379146919431390e-01
8.579161028416779633e-01 8.720379146919431390e-01
8.579161028416779633e-01 8.733920108327690723e-01
8.592692828146143436e-01 8.733920108327690723e-01
8.592692828146143436e-01 8.747461069735951167e-01
8.599458728010825892e-01 8.747461069735951167e-01
8.599458728010825892e-01 8.754231550440081389e-01
8.606224627875507238e-01 8.754231550440081389e-01
8.606224627875507238e-01 8.761002031144211610e-01
8.633288227334235954e-01 8.761002031144211610e-01
8.633288227334235954e-01 8.774542992552470944e-01
8.640054127198917300e-01 8.774542992552470944e-01
8.653585926928281102e-01 8.774542992552470944e-01
8.667117726657646015e-01 8.774542992552470944e-01
8.667117726657646015e-01 8.781313473256601165e-01
8.680649526387009818e-01 8.781313473256601165e-01
8.680649526387009818e-01 8.815165876777251164e-01
8.694181326116373620e-01 8.815165876777251164e-01
8.694181326116373620e-01 8.855788761002031384e-01
8.700947225981054967e-01 8.862559241706161606e-01
8.721244925575101226e-01 8.862559241706161606e-01
8.721244925575101226e-01 8.896411645226811604e-01
8.728010825439783682e-01 8.896411645226811604e-01
8.728010825439783682e-01 8.903182125930940716e-01
8.741542625169147485e-01 8.903182125930940716e-01
8.755074424898511287e-01 8.903182125930940716e-01
8.755074424898511287e-01 8.923493568043331381e-01
8.782138024357240003e-01 8.923493568043331381e-01
8.782138024357240003e-01 8.930264048747461603e-01
8.795669824086603805e-01 8.930264048747461603e-01
8.795669824086603805e-01 8.937034529451590714e-01
8.802435723951285151e-01 8.937034529451590714e-01
8.802435723951285151e-01 8.943805010155720936e-01
8.809201623815967608e-01 8.943805010155720936e-01
8.809201623815967608e-01 8.950575490859851158e-01
8.822733423545331410e-01 8.950575490859851158e-01
8.822733423545331410e-01 8.997968855788760489e-01
8.829499323410013867e-01 8.997968855788760489e-01
8.829499323410013867e-01 9.011509817197020933e-01
8.836265223274695213e-01 9.011509817197020933e-01
8.836265223274695213e-01 9.018280297901151155e-01
8.849797023004059016e-01 9.018280297901151155e-01
8.849797023004059016e-01 9.025050778605281376e-01
8.863328822733423928e-01 9.025050778605281376e-01
8.863328822733423928e-01 9.045362220717670931e-01
8.876860622462787731e-01 9.045362220717670931e-01
8.876860622462787731e-01 9.058903182125931375e-01
8.890392422192151534e-01 9.058903182125931375e-01
8.890392422192151534e-01 9.072444143534190708e-01
8.910690121786197793e-01 9.072444143534190708e-01
8.910690121786197793e-01 9.092755585646581373e-01
8.924221921515561595e-01 9.092755585646581373e-01
8.924221921515561595e-01 9.099526066350710485e-01
8.937753721244925398e-01 9.099526066350710485e-01
8.937753721244925398e-01 9.133378469871360483e-01
8.944519621109607854e-01 9.133378469871360483e-01
8.971583220568335459e-01 9.133378469871360483e-01
8.971583220568335459e-01 9.140148950575490705e-01
8.985115020297699262e-01 9.140148950575490705e-01
8.991880920162381718e-01 9.140148950575490705e-01
8.991880920162381718e-01 9.146919431279620927e-01
9.005412719891745521e-01 9.146919431279620927e-01
9.018944519621109324e-01 9.146919431279620927e-01
9.018944519621109324e-01 9.153689911983751148e-01
9.025710419485791780e-01 9.153689911983751148e-01
9.025710419485791780e-01 9.174001354096140703e-01
9.032476319350473126e-01 9.174001354096140703e-01
9.032476319350473126e-01 9.194312796208530258e-01
9.046008119079838039e-01 9.194312796208530258e-01
9.046008119079838039e-01 9.201083276912660480e-01
9.059539918809201842e-01 9.201083276912660480e-01
9.059539918809201842e-01 9.214624238320920924e-01
9.073071718538565644e-01 9.214624238320920924e-01
9.073071718538565644e-01 9.221394719025051145e-01
9.079837618403248101e-01 9.221394719025051145e-01
9.079837618403248101e-01 9.228165199729180257e-01
9.093369418132611903e-01 9.228165199729180257e-01
9.093369418132611903e-01 9.234935680433310479e-01
9.100135317997293249e-01 9.234935680433310479e-01
9.100135317997293249e-01 9.241706161137440700e-01
9.113667117726658162e-01 9.241706161137440700e-01
9.113667117726658162e-01 9.268788083953960477e-01
9.120433017591339508e-01 9.268788083953960477e-01
9.120433017591339508e-01 9.275558564658090699e-01
9.127198917456021965e-01 9.275558564658090699e-01
9.127198917456021965e-01 9.289099526066351142e-01
9.140730717185385767e-01 9.289099526066351142e-01
9.140730717185385767e-01 9.302640487474610476e-01
9.147496617050067114e-01 9.302640487474610476e-01
9.147496617050067114e-01 9.309410968178740697e-01
9.167794316644113373e-01 9.309410968178740697e-01
9.181326116373477175e-01 9.309410968178740697e-01
9.181326116373477175e-01 9.316181448882870919e-01
9.194857916102842088e-01 9.316181448882870919e-01
9.194857916102842088e-01 9.322951929587001141e-01
9.215155615696887237e-01 9.322951929587001141e-01
9.228687415426252150e-01 9.322951929587001141e-01
9.228687415426252150e-01 9.350033852403520918e-01
9.235453315290933496e-01 9.350033852403520918e-01
9.235453315290933496e-01 9.363574813811780251e-01
9.235453315290933496e-01 9.377115775220040694e-01
9.235453315290933496e-01 9.390656736628301138e-01
9.255751014884979755e-01 9.390656736628301138e-01
9.255751014884979755e-01 9.404197698036560471e-01
9.262516914749662211e-01 9.404197698036560471e-01
9.262516914749662211e-01 9.424509140148950026e-01
9.276048714479026014e-01 9.424509140148950026e-01
9.276048714479026014e-01 9.431279620853080248e-01
9.289580514208389816e-01 9.431279620853080248e-01
9.289580514208389816e-01 9.438050101557210469e-01
9.296346414073072273e-01 9.438050101557210469e-01
9.309878213802436075e-01 9.438050101557210469e-01
9.309878213802436075e-01 9.478672985781990690e-01
9.336941813261163681e-01 9.478672985781990690e-01
9.336941813261163681e-01 9.498984427894380245e-01
9.350473612990527483e-01 9.498984427894380245e-01
9.350473612990527483e-01 9.519295870006770910e-01
9.364005412719891286e-01 9.519295870006770910e-01
9.364005412719891286e-01 9.532836831415030243e-01
9.370771312584573742e-01 9.532836831415030243e-01
9.370771312584573742e-01 9.539607312119160465e-01
9.384303112313937545e-01 9.539607312119160465e-01
9.384303112313937545e-01 9.546377792823290687e-01
9.391069012178620001e-01 9.546377792823290687e-01
9.391069012178620001e-01 9.553148273527420908e-01
9.424898511502030063e-01 9.553148273527420908e-01
9.424898511502030063e-01 9.573459715639810463e-01
9.438430311231393866e-01 9.573459715639810463e-01
9.438430311231393866e-01 9.587000677048070907e-01
9.451962110960757668e-01 9.587000677048070907e-01
9.451962110960757668e-01 9.607312119160460462e-01
9.458728010825440125e-01 9.607312119160460462e-01
9.458728010825440125e-01 9.627623561272850017e-01
9.465493910690121471e-01 9.627623561272850017e-01
9.465493910690121471e-01 9.647935003385240682e-01
9.472259810554803927e-01 9.647935003385240682e-01
9.485791610284167730e-01 9.647935003385240682e-01
9.485791610284167730e-01 9.654705484089369794e-01
9.492557510148850186e-01 9.654705484089369794e-01
9.492557510148850186e-01 9.661475964793500015e-01
9.499323410013531532e-01 9.661475964793500015e-01
9.499323410013531532e-01 9.668246445497630237e-01
9.512855209742895335e-01 9.668246445497630237e-01
9.512855209742895335e-01 9.681787406905890681e-01
9.526387009472260248e-01 9.681787406905890681e-01
9.526387009472260248e-01 9.688557887610019792e-01
9.533152909336941594e-01 9.688557887610019792e-01
9.533152909336941594e-01 9.695328368314150014e-01
9.539918809201624050e-01 9.695328368314150014e-01
9.553450608930987853e-01 9.695328368314150014e-01
9.566982408660351656e-01 9.695328368314150014e-01
9.566982408660351656e-01 9.702098849018280236e-01
9.580514208389715458e-01 9.702098849018280236e-01
9.580514208389715458e-01 9.708869329722410457e-01
9.594046008119080371e-01 9.708869329722410457e-01
9.594046008119080371e-01 9.715639810426540679e-01
9.600811907983761717e-01 9.715639810426540679e-01
9.600811907983761717e-01 9.722410291130669791e-01
9.614343707713125520e-01 9.722410291130669791e-01
9.621109607577807976e-01 9.722410291130669791e-01
9.621109607577807976e-01 9.729180771834800012e-01
9.648173207036535581e-01 9.729180771834800012e-01
9.648173207036535581e-01 9.742721733243060456e-01
9.675236806495264297e-01 9.742721733243060456e-01
9.675236806495264297e-01 9.756262694651319789e-01
9.682002706359945643e-01 9.756262694651319789e-01
9.695534506089309446e-01 9.756262694651319789e-01
9.722598105548038161e-01 9.756262694651319789e-01
9.722598105548038161e-01 9.763033175355450011e-01
9.736129905277401964e-01 9.763033175355450011e-01
9.736129905277401964e-01 9.783344617467840676e-01
9.742895805142084420e-01 9.783344617467840676e-01
9.742895805142084420e-01 9.796885578876100009e-01
9.756427604871448223e-01 9.796885578876100009e-01
9.769959404600812025e-01 9.796885578876100009e-01
9.776725304465493371e-01 9.796885578876100009e-01
9.776725304465493371e-01 9.823967501692619786e-01
9.790257104194858284e-01 9.823967501692619786e-01
9.790257104194858284e-01 9.830737982396750008e-01
9.810554803788903433e-01 9.830737982396750008e-01
9.810554803788903433e-01 9.851049424509140673e-01
9.824086603518268346e-01 9.851049424509140673e-01
9.824086603518268346e-01 9.857819905213269784e-01
9.830852503382949692e-01 9.857819905213269784e-01
9.830852503382949692e-01 9.871360866621530228e-01
9.844384303112313495e-01 9.871360866621530228e-01
9.844384303112313495e-01 9.891672308733919783e-01
9.857916102841678407e-01 9.891672308733919783e-01
9.857916102841678407e-01 9.898442789438050005e-01
9.864682002706359754e-01 9.898442789438050005e-01
9.864682002706359754e-01 9.918754231550439560e-01
9.871447902571042210e-01 9.918754231550439560e-01
9.871447902571042210e-01 9.925524712254569781e-01
9.884979702300406013e-01 9.925524712254569781e-01
9.884979702300406013e-01 9.932295192958700003e-01
9.898511502029769815e-01 9.932295192958700003e-01
9.898511502029769815e-01 9.939065673662830225e-01
9.905277401894452272e-01 9.939065673662830225e-01
9.918809201623816074e-01 9.939065673662830225e-01
9.918809201623816074e-01 9.952606635071089558e-01
9.925575101488497420e-01 9.952606635071089558e-01
9.925575101488497420e-01 9.966147596479350002e-01
9.939106901217862333e-01 9.966147596479350002e-01
9.939106901217862333e-01 9.972918077183480223e-01
9.945872801082543679e-01 9.972918077183480223e-01
9.945872801082543679e-01 9.979688557887610445e-01
9.952638700947226136e-01 9.979688557887610445e-01
9.972936400541272395e-01 9.979688557887610445e-01
9.979702300405953741e-01 9.979688557887610445e-01
9.979702300405953741e-01 9.986459038591739557e-01
9.993234100135317544e-01 9.986459038591739557e-01
9.993234100135317544e-01 9.993229519295869778e-01
1.000000000000000000e+00 9.993229519295869778e-01
1.000000000000000000e+00 1.000000000000000000e+00
