0.000000000000000000e+00 0.000000000000000000e+00
0.000000000000000000e+00 6.770480704129992972e-04
0.000000000000000000e+00 1.354096140825998594e-03
2.706359945872801286e-03 1.354096140825998594e-03
2.706359945872801286e-03 2.031144211238998000e-03
4.059539918809201495e-03 2.031144211238998000e-03
4.059539918809201495e-03 5.416384563303994377e-03
8.119079837618402989e-03 5.416384563303994377e-03
8.119079837618402989e-03 7.447528774542992377e-03
8.795669824086603528e-03 7.447528774542992377e-03
1.014884979702300460e-02 7.447528774542992377e-03
1.014884979702300460e-02 1.150981719702098838e-02
1.082543978349120514e-02 1.150981719702098838e-02
1.082543978349120514e-02 1.218686526743398800e-02
1.217861975642760448e-02 1.218686526743398800e-02
1.217861975642760448e-02 1.354096140825998724e-02
1.420838971583220610e-02 1.354096140825998724e-02
1.420838971583220610e-02 1.421800947867298513e-02
1.488497970230040664e-02 1.421800947867298513e-02
1.488497970230040664e-02 1.489505754908598475e-02
1.623815967523680598e-02 1.489505754908598475e-02
1.623815967523680598e-02 1.557210561949898438e-02
1.759133964817320706e-02 1.557210561949898438e-02
1.962110960757780867e-02 1.557210561949898438e-02
2.097428958051420975e-02 1.557210561949898438e-02
2.097428958051420975e-02 1.828029790115098113e-02
2.165087956698241028e-02 1.828029790115098113e-02
2.165087956698241028e-02 2.098849018280297962e-02
2.232746955345060735e-02 2.098849018280297962e-02
2.232746955345060735e-02 2.166553825321597751e-02
2.300405953991880789e-02 2.166553825321597751e-02
2.300405953991880789e-02 2.301963439404197675e-02
2.503382949932340951e-02 2.301963439404197675e-02
2.503382949932340951e-02 2.369668246445497464e-02
2.638700947225981058e-02 2.369668246445497464e-02
2.841677943166441220e-02 2.369668246445497464e-02
2.841677943166441220e-02 2.505077860528097389e-02
2.909336941813261274e-02 2.505077860528097389e-02
2.909336941813261274e-02 2.708192281651997449e-02
3.044654939106901381e-02 2.708192281651997449e-02
3.044654939106901381e-02 2.911306702775897162e-02
3.112313937753721088e-02 2.911306702775897162e-02
3.112313937753721088e-02 2.979011509817196951e-02
3.315290933694181597e-02 2.979011509817196951e-02
3.315290933694181597e-02 3.046716316858497087e-02
3.450608930987821704e-02 3.046716316858497087e-02
3.518267929634641411e-02 3.046716316858497087e-02
3.788903924221921626e-02 3.046716316858497087e-02
3.788903924221921626e-02 3.114421123899796875e-02
3.924221921515561734e-02 3.114421123899796875e-02
3.924221921515561734e-02 3.249830737982396800e-02
4.059539918809201842e-02 3.249830737982396800e-02
4.194857916102841949e-02 3.249830737982396800e-02
4.262516914749661656e-02 3.249830737982396800e-02
4.262516914749661656e-02 3.452945159106296513e-02
4.330175913396482057e-02 3.452945159106296513e-02
4.330175913396482057e-02 3.520649966147596649e-02
4.465493910690121471e-02 3.520649966147596649e-02
4.465493910690121471e-02 3.791469194312796498e-02
4.533152909336941871e-02 3.791469194312796498e-02
4.533152909336941871e-02 4.265402843601896060e-02
4.668470906630581979e-02 4.265402843601896060e-02
4.668470906630581979e-02 4.468517264725795773e-02
4.871447902571041794e-02 4.468517264725795773e-02
4.871447902571041794e-02 4.603926878808395351e-02
5.074424898511502302e-02 4.603926878808395351e-02
5.074424898511502302e-02 4.671631685849695487e-02
5.277401894451962117e-02 4.671631685849695487e-02
5.277401894451962117e-02 4.739336492890994929e-02
5.345060893098781823e-02 4.739336492890994929e-02
5.345060893098781823e-02 4.942450914014895336e-02
5.412719891745602224e-02 4.942450914014895336e-02
5.412719891745602224e-02 5.077860528097494913e-02
5.480378890392421931e-02 5.077860528097494913e-02
5.480378890392421931e-02 5.213270142180094491e-02
5.615696887686062039e-02 5.213270142180094491e-02
5.818673883626522547e-02 5.213270142180094491e-02
5.818673883626522547e-02 5.280974949221394626e-02
5.953991880920162655e-02 5.280974949221394626e-02
5.953991880920162655e-02 5.348679756262694762e-02
6.089309878213802762e-02 5.348679756262694762e-02
6.089309878213802762e-02 5.484089370345294340e-02
6.224627875507442176e-02 5.484089370345294340e-02
6.359945872801082978e-02 5.484089370345294340e-02
6.359945872801082978e-02 5.890318212593093766e-02
6.427604871447901991e-02 5.890318212593093766e-02
6.698240866035182206e-02 5.890318212593093766e-02
6.698240866035182206e-02 6.093432633716994173e-02
6.901217861975643408e-02 6.093432633716994173e-02
6.901217861975643408e-02 6.161137440758293615e-02
6.968876860622462421e-02 6.161137440758293615e-02
6.968876860622462421e-02 6.364251861882193329e-02
7.036535859269282822e-02 6.364251861882193329e-02
7.036535859269282822e-02 6.635071090047393871e-02
7.171853856562922236e-02 6.635071090047393871e-02
7.171853856562922236e-02 6.838185511171293585e-02
7.239512855209742637e-02 6.838185511171293585e-02
7.239512855209742637e-02 7.041299932295193298e-02
7.374830852503383438e-02 7.041299932295193298e-02
7.374830852503383438e-02 7.109004739336492740e-02
7.442489851150202451e-02 7.109004739336492740e-02
7.442489851150202451e-02 7.176709546377792182e-02
7.713125845737482666e-02 7.176709546377792182e-02
7.713125845737482666e-02 7.244414353419093011e-02
7.848443843031123468e-02 7.244414353419093011e-02
7.983761840324762882e-02 7.244414353419093011e-02
8.119079837618403683e-02 7.244414353419093011e-02
8.254397834912043097e-02 7.244414353419093011e-02
8.254397834912043097e-02 7.312119160460392453e-02
8.322056833558863498e-02 7.312119160460392453e-02
8.322056833558863498e-02 7.515233581584292166e-02
8.457374830852502912e-02 7.515233581584292166e-02
8.457374830852502912e-02 7.582938388625592996e-02
8.525033829499323312e-02 7.582938388625592996e-02
8.525033829499323312e-02 7.718348002708191880e-02
8.592692828146143713e-02 7.718348002708191880e-02
8.592692828146143713e-02 8.056872037914691864e-02
8.728010825439783127e-02 8.056872037914691864e-02
8.728010825439783127e-02 8.124576844955991306e-02
8.863328822733423928e-02 8.124576844955991306e-02
9.066305818673883743e-02 8.124576844955991306e-02
9.269282814614343557e-02 8.124576844955991306e-02
9.404600811907984359e-02 8.124576844955991306e-02
9.404600811907984359e-02 8.259986459038591577e-02
9.472259810554803372e-02 8.259986459038591577e-02
9.472259810554803372e-02 8.327691266079891019e-02
9.607577807848444174e-02 8.327691266079891019e-02
9.742895805142083587e-02 8.327691266079891019e-02
9.742895805142083587e-02 8.395396073121191849e-02
9.810554803788903988e-02 8.395396073121191849e-02
9.810554803788903988e-02 8.463100880162491291e-02
9.878213802435724389e-02 8.463100880162491291e-02
9.878213802435724389e-02 8.530805687203792120e-02
1.001353179972936380e-01 8.530805687203792120e-02
1.021650879566982362e-01 8.530805687203792120e-02
1.021650879566982362e-01 8.733920108327691834e-02
1.041948579161028482e-01 8.733920108327691834e-02
1.041948579161028482e-01 8.801624915368991275e-02
1.069012178619756365e-01 8.801624915368991275e-02
1.069012178619756365e-01 8.937034529451591547e-02
1.075778078484438405e-01 8.937034529451591547e-02
1.075778078484438405e-01 9.004739336492890989e-02
1.089309878213802485e-01 9.004739336492890989e-02
1.096075778078484386e-01 9.004739336492890989e-02
1.096075778078484386e-01 9.072444143534190431e-02
1.109607577807848466e-01 9.072444143534190431e-02
1.109607577807848466e-01 9.410968178740690415e-02
1.116373477672530506e-01 9.410968178740690415e-02
1.116373477672530506e-01 9.614082599864590128e-02
1.123139377537212408e-01 9.614082599864590128e-02
1.136671177266576488e-01 9.614082599864590128e-02
1.136671177266576488e-01 9.952606635071090113e-02
1.150202976995940429e-01 9.952606635071090113e-02
1.150202976995940429e-01 1.015572105619498983e-01
1.156968876860622469e-01 1.015572105619498983e-01
1.156968876860622469e-01 1.029113067027759010e-01
1.163734776725304509e-01 1.029113067027759010e-01
1.163734776725304509e-01 1.035883547731888954e-01
1.170500676589986411e-01 1.035883547731888954e-01
1.170500676589986411e-01 1.062965470548408869e-01
1.184032476319350491e-01 1.062965470548408869e-01
1.184032476319350491e-01 1.083276912660798980e-01
1.197564276048714432e-01 1.083276912660798980e-01
1.197564276048714432e-01 1.096817874069058868e-01
1.211096075778078512e-01 1.096817874069058868e-01
1.211096075778078512e-01 1.117129316181448839e-01
1.217861975642760552e-01 1.117129316181448839e-01
1.217861975642760552e-01 1.130670277589708866e-01
1.231393775372124494e-01 1.130670277589708866e-01
1.231393775372124494e-01 1.150981719702098838e-01
1.244925575101488435e-01 1.150981719702098838e-01
1.244925575101488435e-01 1.157752200406228782e-01
1.251691474966170614e-01 1.157752200406228782e-01
1.251691474966170614e-01 1.178063642518618753e-01
1.278755074424898497e-01 1.178063642518618753e-01
1.278755074424898497e-01 1.198375084631008863e-01
1.299052774018944478e-01 1.198375084631008863e-01
1.299052774018944478e-01 1.205145565335138808e-01
1.312584573748308558e-01 1.205145565335138808e-01
1.339648173207036441e-01 1.205145565335138808e-01
1.346414073071718620e-01 1.205145565335138808e-01
1.346414073071718620e-01 1.211916046039268752e-01
1.353179972936400521e-01 1.211916046039268752e-01
1.353179972936400521e-01 1.218686526743398835e-01
1.359945872801082423e-01 1.218686526743398835e-01
1.359945872801082423e-01 1.225457007447528779e-01
1.366711772665764602e-01 1.225457007447528779e-01
1.366711772665764602e-01 1.252538930264048833e-01
1.387009472259810583e-01 1.252538930264048833e-01
1.387009472259810583e-01 1.259309410968178777e-01
1.393775372124492484e-01 1.259309410968178777e-01
1.393775372124492484e-01 1.266079891672308722e-01
1.400541271989174663e-01 1.266079891672308722e-01
1.400541271989174663e-01 1.272850372376438666e-01
1.407307171853856564e-01 1.272850372376438666e-01
1.407307171853856564e-01 1.286391333784698832e-01
1.414073071718538466e-01 1.286391333784698832e-01
1.414073071718538466e-01 1.299932295192958720e-01
1.427604871447902546e-01 1.299932295192958720e-01
1.427604871447902546e-01 1.306702775897088664e-01
1.441136671177266626e-01 1.306702775897088664e-01
1.447902571041948527e-01 1.306702775897088664e-01
1.461434370771312607e-01 1.306702775897088664e-01
1.474966170500676688e-01 1.306702775897088664e-01
1.474966170500676688e-01 1.320243737305348553e-01
1.488497970230040490e-01 1.320243737305348553e-01
1.488497970230040490e-01 1.327014218009478774e-01
1.502029769959404570e-01 1.327014218009478774e-01
1.502029769959404570e-01 1.333784698713608718e-01
1.515561569688768651e-01 1.333784698713608718e-01
1.515561569688768651e-01 1.340555179417738663e-01
1.522327469553450552e-01 1.340555179417738663e-01
1.522327469553450552e-01 1.347325660121868607e-01
1.529093369418132731e-01 1.347325660121868607e-01
1.549391069012178712e-01 1.347325660121868607e-01
1.549391069012178712e-01 1.354096140825998551e-01
1.556156968876860613e-01 1.354096140825998551e-01
1.556156968876860613e-01 1.360866621530128773e-01
1.562922868741542515e-01 1.360866621530128773e-01
1.562922868741542515e-01 1.367637102234258717e-01
1.589986468200270675e-01 1.367637102234258717e-01
1.603518267929634755e-01 1.367637102234258717e-01
1.603518267929634755e-01 1.374407582938388661e-01
1.610284167794316657e-01 1.374407582938388661e-01
1.610284167794316657e-01 1.381178063642518605e-01
1.617050067658998558e-01 1.381178063642518605e-01
1.617050067658998558e-01 1.408259986459038660e-01
1.637347767253044539e-01 1.408259986459038660e-01
1.637347767253044539e-01 1.421800947867298548e-01
1.650879566982408619e-01 1.421800947867298548e-01
1.650879566982408619e-01 1.455653351387948546e-01
1.664411366711772700e-01 1.455653351387948546e-01
1.671177266576454601e-01 1.455653351387948546e-01
1.684709066305818681e-01 1.455653351387948546e-01
1.684709066305818681e-01 1.469194312796208435e-01
1.698240866035182761e-01 1.469194312796208435e-01
1.698240866035182761e-01 1.475964793500338657e-01
1.705006765899864662e-01 1.475964793500338657e-01
1.705006765899864662e-01 1.496276235612728489e-01
1.718538565629228743e-01 1.496276235612728489e-01
1.718538565629228743e-01 1.516587677725118599e-01
1.725304465493910644e-01 1.516587677725118599e-01
1.725304465493910644e-01 1.530128639133378488e-01
1.732070365358592823e-01 1.530128639133378488e-01
1.732070365358592823e-01 1.550440081245768320e-01
1.745602165087956625e-01 1.550440081245768320e-01
1.745602165087956625e-01 1.557210561949898542e-01
1.759133964817320706e-01 1.557210561949898542e-01
1.772665764546684786e-01 1.557210561949898542e-01
1.772665764546684786e-01 1.563981042654028486e-01
1.792963464140730767e-01 1.563981042654028486e-01
1.813261163734776749e-01 1.563981042654028486e-01
1.820027063599458650e-01 1.563981042654028486e-01
1.820027063599458650e-01 1.591062965470548540e-01
1.826792963464140829e-01 1.591062965470548540e-01
1.826792963464140829e-01 1.604603926878808429e-01
1.840324763193504631e-01 1.604603926878808429e-01
1.847090663058186810e-01 1.604603926878808429e-01
1.847090663058186810e-01 1.631685849695328483e-01
1.853856562922868711e-01 1.631685849695328483e-01
1.853856562922868711e-01 1.672308733920108426e-01
1.860622462787550613e-01 1.672308733920108426e-01
1.860622462787550613e-01 1.706161137440758424e-01
1.867388362652232792e-01 1.706161137440758424e-01
1.867388362652232792e-01 1.719702098849018312e-01
1.894451962110960674e-01 1.719702098849018312e-01
1.894451962110960674e-01 1.733243060257278201e-01
1.901217861975642853e-01 1.733243060257278201e-01
1.901217861975642853e-01 1.740013540961408145e-01
1.914749661705006656e-01 1.740013540961408145e-01
1.914749661705006656e-01 1.767095463777928199e-01
1.921515561569688835e-01 1.767095463777928199e-01
1.921515561569688835e-01 1.773865944482058143e-01
1.935047361299052637e-01 1.773865944482058143e-01
1.935047361299052637e-01 1.794177386594448254e-01
1.941813261163734816e-01 1.794177386594448254e-01
1.941813261163734816e-01 1.800947867298578198e-01
1.968876860622462699e-01 1.800947867298578198e-01
1.968876860622462699e-01 1.821259309410968308e-01
1.989174560216508680e-01 1.821259309410968308e-01
1.989174560216508680e-01 1.841570751523358140e-01
1.995940460081190859e-01 1.841570751523358140e-01
2.009472259810554939e-01 1.841570751523358140e-01
2.016238159675236841e-01 1.841570751523358140e-01
2.016238159675236841e-01 1.848341232227488085e-01
2.023004059539918742e-01 1.848341232227488085e-01
2.023004059539918742e-01 1.888964116452268027e-01
2.029769959404600921e-01 1.888964116452268027e-01
2.043301759133964723e-01 1.888964116452268027e-01
2.043301759133964723e-01 1.909275558564658137e-01
2.050067658998646902e-01 1.909275558564658137e-01
2.050067658998646902e-01 1.916046039268788082e-01
2.056833558863328804e-01 1.916046039268788082e-01
2.056833558863328804e-01 1.936357481381178192e-01
2.070365358592692884e-01 1.936357481381178192e-01
2.077131258457374785e-01 1.936357481381178192e-01
2.077131258457374785e-01 1.963439404197697968e-01
2.083897158322056964e-01 1.963439404197697968e-01
2.083897158322056964e-01 1.997291807718347967e-01
2.090663058186738865e-01 1.997291807718347967e-01
2.104194857916102945e-01 1.997291807718347967e-01
2.104194857916102945e-01 2.010832769126607855e-01
2.124492557510148927e-01 2.010832769126607855e-01
2.124492557510148927e-01 2.031144211238997965e-01
2.131258457374830828e-01 2.031144211238997965e-01
2.131258457374830828e-01 2.044685172647257854e-01
2.138024357239512729e-01 2.044685172647257854e-01
2.138024357239512729e-01 2.058226134055518020e-01
2.158322056833558988e-01 2.058226134055518020e-01
2.158322056833558988e-01 2.064996614759647964e-01
2.171853856562922791e-01 2.064996614759647964e-01
2.171853856562922791e-01 2.071767095463777908e-01
2.178619756427604970e-01 2.071767095463777908e-01
2.192151556156968772e-01 2.071767095463777908e-01
2.219215155615696933e-01 2.071767095463777908e-01
2.232746955345061013e-01 2.071767095463777908e-01
2.239512855209742914e-01 2.071767095463777908e-01
2.266576454668470797e-01 2.071767095463777908e-01
2.266576454668470797e-01 2.105619498984427906e-01
2.273342354533152976e-01 2.105619498984427906e-01
2.273342354533152976e-01 2.112389979688557851e-01
2.286874154262516778e-01 2.112389979688557851e-01
2.286874154262516778e-01 2.146242383209207849e-01
2.293640054127198957e-01 2.146242383209207849e-01
2.293640054127198957e-01 2.153012863913337793e-01
2.313937753721244939e-01 2.153012863913337793e-01
2.313937753721244939e-01 2.159783344617467737e-01
2.334235453315290920e-01 2.159783344617467737e-01
2.334235453315290920e-01 2.166553825321597959e-01
2.347767253044655000e-01 2.166553825321597959e-01
2.347767253044655000e-01 2.180094786729857848e-01
2.354533152909336902e-01 2.180094786729857848e-01
2.354533152909336902e-01 2.193635748138117736e-01
2.368064952638700982e-01 2.193635748138117736e-01
2.374830852503382883e-01 2.193635748138117736e-01
2.374830852503382883e-01 2.200406228842247680e-01
2.395128552097428865e-01 2.200406228842247680e-01
2.395128552097428865e-01 2.213947190250507846e-01
2.408660351826792945e-01 2.213947190250507846e-01
2.408660351826792945e-01 2.247799593771157844e-01
2.415426251691474846e-01 2.247799593771157844e-01
2.428958051420838926e-01 2.247799593771157844e-01
2.435723951285521105e-01 2.247799593771157844e-01
2.435723951285521105e-01 2.254570074475287789e-01
2.449255751014884908e-01 2.254570074475287789e-01
2.456021650879567086e-01 2.254570074475287789e-01
2.456021650879567086e-01 2.261340555179417733e-01
2.469553450608930889e-01 2.261340555179417733e-01
2.469553450608930889e-01 2.274881516587677621e-01
2.483085250338294969e-01 2.274881516587677621e-01
2.483085250338294969e-01 2.295192958700067731e-01
2.489851150202976870e-01 2.295192958700067731e-01
2.489851150202976870e-01 2.329045362220717730e-01
2.496617050067659049e-01 2.329045362220717730e-01
2.510148849797023130e-01 2.329045362220717730e-01
2.516914749661705031e-01 2.329045362220717730e-01
2.516914749661705031e-01 2.342586323628977618e-01
2.530446549391068833e-01 2.342586323628977618e-01
2.530446549391068833e-01 2.356127285037237507e-01
2.537212449255751290e-01 2.356127285037237507e-01
2.537212449255751290e-01 2.362897765741367728e-01
2.550744248985115092e-01 2.362897765741367728e-01
2.550744248985115092e-01 2.369668246445497672e-01
2.557510148849796994e-01 2.369668246445497672e-01
2.557510148849796994e-01 2.383209207853757561e-01
2.564276048714478895e-01 2.383209207853757561e-01
2.577807848443843253e-01 2.383209207853757561e-01
2.577807848443843253e-01 2.389979688557887505e-01
2.598105548037888957e-01 2.389979688557887505e-01
2.598105548037888957e-01 2.403520649966147671e-01
2.604871447902570858e-01 2.403520649966147671e-01
2.604871447902570858e-01 2.410291130670277615e-01
2.618403247631935216e-01 2.410291130670277615e-01
2.625169147496617117e-01 2.410291130670277615e-01
2.638700947225980920e-01 2.410291130670277615e-01
2.645466847090662821e-01 2.410291130670277615e-01
2.645466847090662821e-01 2.417061611374407559e-01
2.658998646820027179e-01 2.417061611374407559e-01
2.658998646820027179e-01 2.423832092078537503e-01
2.665764546684709080e-01 2.423832092078537503e-01
2.665764546684709080e-01 2.444143534190927614e-01
2.672530446549390981e-01 2.444143534190927614e-01
2.692828146143437240e-01 2.444143534190927614e-01
2.692828146143437240e-01 2.464454976303317446e-01
2.706359945872801043e-01 2.464454976303317446e-01
2.706359945872801043e-01 2.471225457007447390e-01
2.719891745602164845e-01 2.471225457007447390e-01
2.719891745602164845e-01 2.477995937711577612e-01
2.726657645466847302e-01 2.477995937711577612e-01
2.726657645466847302e-01 2.491536899119837500e-01
2.733423545331529203e-01 2.491536899119837500e-01
2.733423545331529203e-01 2.498307379823967445e-01
2.740189445196211104e-01 2.505077860528097666e-01
2.753721244925574907e-01 2.505077860528097666e-01
2.753721244925574907e-01 2.538930264048747665e-01
2.767253044654939265e-01 2.538930264048747665e-01
2.774018944519621166e-01 2.538930264048747665e-01
2.774018944519621166e-01 2.559241706161137220e-01
2.780784844384303067e-01 2.559241706161137220e-01
2.780784844384303067e-01 2.572782667569397663e-01
2.794316644113666870e-01 2.572782667569397663e-01
2.794316644113666870e-01 2.586323628977657552e-01
2.807848443843031228e-01 2.586323628977657552e-01
2.814614343707713129e-01 2.586323628977657552e-01
2.828146143437076931e-01 2.586323628977657552e-01
2.834912043301759388e-01 2.586323628977657552e-01
2.834912043301759388e-01 2.606635071090047662e-01
2.848443843031123190e-01 2.606635071090047662e-01
2.848443843031123190e-01 2.613405551794177328e-01
2.855209742895805092e-01 2.613405551794177328e-01
2.855209742895805092e-01 2.620176032498307550e-01
2.868741542625168894e-01 2.620176032498307550e-01
2.868741542625168894e-01 2.626946513202437217e-01
2.882273342354533252e-01 2.626946513202437217e-01
2.895805142083897055e-01 2.626946513202437217e-01
2.909336941813261412e-01 2.626946513202437217e-01
2.909336941813261412e-01 2.640487474610697105e-01
2.916102841677943314e-01 2.640487474610697105e-01
2.916102841677943314e-01 2.660798916723087215e-01
2.929634641407307116e-01 2.660798916723087215e-01
2.929634641407307116e-01 2.728503723764387212e-01
2.936400541271989018e-01 2.728503723764387212e-01
2.949932341001353375e-01 2.728503723764387212e-01
2.949932341001353375e-01 2.742044685172647100e-01
2.963464140730717178e-01 2.742044685172647100e-01
2.970230040595399079e-01 2.742044685172647100e-01
2.970230040595399079e-01 2.748815165876777322e-01
2.976995940460080980e-01 2.748815165876777322e-01
2.990527740189445338e-01 2.748815165876777322e-01
2.990527740189445338e-01 2.762356127285037211e-01
3.004059539918809141e-01 2.762356127285037211e-01
3.004059539918809141e-01 2.775897088693297099e-01
3.010825439783491042e-01 2.775897088693297099e-01
3.010825439783491042e-01 2.782667569397427321e-01
3.031123139377537301e-01 2.782667569397427321e-01
3.031123139377537301e-01 2.836831415030467429e-01
3.037889039242219202e-01 2.836831415030467429e-01
3.051420838971583005e-01 2.836831415030467429e-01
3.071718538565629264e-01 2.836831415030467429e-01
3.085250338294993067e-01 2.836831415030467429e-01
3.085250338294993067e-01 2.870683818551116873e-01
3.092016238159674968e-01 2.870683818551116873e-01
3.092016238159674968e-01 2.897765741367637204e-01
3.105548037889039326e-01 2.897765741367637204e-01
3.112313937753721227e-01 2.897765741367637204e-01
3.112313937753721227e-01 2.904536222071766871e-01
3.119079837618403128e-01 2.904536222071766871e-01
3.119079837618403128e-01 2.918077183480027315e-01
3.125845737483085029e-01 2.918077183480027315e-01
3.125845737483085029e-01 2.924847664184156981e-01
3.139377537212449387e-01 2.924847664184156981e-01
3.139377537212449387e-01 2.938388625592416870e-01
3.152909336941813190e-01 2.938388625592416870e-01
3.159675236806495091e-01 2.938388625592416870e-01
3.159675236806495091e-01 2.958700067704806980e-01
3.166441136671176992e-01 2.958700067704806980e-01
3.166441136671176992e-01 2.965470548408937201e-01
3.179972936400541350e-01 2.965470548408937201e-01
3.179972936400541350e-01 3.006093432633716866e-01
3.193504736129905153e-01 3.006093432633716866e-01
3.193504736129905153e-01 3.019634394041976755e-01
3.200270635994587054e-01 3.019634394041976755e-01
3.200270635994587054e-01 3.033175355450237198e-01
3.213802435723951412e-01 3.033175355450237198e-01
3.213802435723951412e-01 3.053486797562626753e-01
3.240866035182679572e-01 3.053486797562626753e-01
3.240866035182679572e-01 3.073798239675016863e-01
3.247631935047361473e-01 3.073798239675016863e-01
3.261163734776725276e-01 3.073798239675016863e-01
3.261163734776725276e-01 3.087339201083276752e-01
3.267929634641407177e-01 3.087339201083276752e-01
3.267929634641407177e-01 3.094109681787406974e-01
3.274695534506089079e-01 3.094109681787406974e-01
3.274695534506089079e-01 3.100880162491536640e-01
3.288227334235453436e-01 3.100880162491536640e-01
3.288227334235453436e-01 3.121191604603926750e-01
3.301759133964817239e-01 3.121191604603926750e-01
3.308525033829499140e-01 3.121191604603926750e-01
3.308525033829499140e-01 3.134732566012186639e-01
3.315290933694181597e-01 3.134732566012186639e-01
3.315290933694181597e-01 3.148273527420447082e-01
3.322056833558863498e-01 3.148273527420447082e-01
3.322056833558863498e-01 3.155044008124576749e-01
3.335588633288227300e-01 3.155044008124576749e-01
3.335588633288227300e-01 3.168584969532836637e-01
3.349120433017591103e-01 3.168584969532836637e-01
3.349120433017591103e-01 3.195666892349356969e-01
3.355886332882273559e-01 3.195666892349356969e-01
3.355886332882273559e-01 3.256601218686526744e-01
3.362652232746955461e-01 3.256601218686526744e-01
3.362652232746955461e-01 3.263371699390656966e-01
3.376184032476319263e-01 3.263371699390656966e-01
3.376184032476319263e-01 3.297224102911306964e-01
3.389715832205683621e-01 3.297224102911306964e-01
3.389715832205683621e-01 3.310765064319566853e-01
3.403247631935047424e-01 3.310765064319566853e-01
3.403247631935047424e-01 3.317535545023696519e-01
3.423545331529093128e-01 3.317535545023696519e-01
3.423545331529093128e-01 3.331076506431956408e-01
3.430311231393775584e-01 3.331076506431956408e-01
3.430311231393775584e-01 3.337846987136086629e-01
3.437077131258457485e-01 3.337846987136086629e-01
3.437077131258457485e-01 3.364928909952606406e-01
3.443843031123139387e-01 3.364928909952606406e-01
3.470906630581867547e-01 3.364928909952606406e-01
3.477672530446549448e-01 3.364928909952606406e-01
3.477672530446549448e-01 3.385240352064996516e-01
3.484438430311231349e-01 3.385240352064996516e-01
3.497970230040595152e-01 3.385240352064996516e-01
3.504736129905277608e-01 3.385240352064996516e-01
3.504736129905277608e-01 3.398781313473256405e-01
3.511502029769959510e-01 3.398781313473256405e-01
3.511502029769959510e-01 3.446174678402166291e-01
3.518267929634641411e-01 3.446174678402166291e-01
3.518267929634641411e-01 3.459715639810426735e-01
3.525033829499323312e-01 3.459715639810426735e-01
3.525033829499323312e-01 3.466486120514556402e-01
3.531799729364005214e-01 3.466486120514556402e-01
3.531799729364005214e-01 3.486797562626946512e-01
3.538565629228687670e-01 3.486797562626946512e-01
3.552097428958051473e-01 3.486797562626946512e-01
3.552097428958051473e-01 3.493568043331076733e-01
3.558863328822733374e-01 3.493568043331076733e-01
3.558863328822733374e-01 3.513879485443466288e-01
3.572395128552097177e-01 3.513879485443466288e-01
3.572395128552097177e-01 3.568043331076506397e-01
3.585926928281461534e-01 3.568043331076506397e-01
3.585926928281461534e-01 3.574813811780636619e-01
3.592692828146143436e-01 3.574813811780636619e-01
3.592692828146143436e-01 3.595125253893026174e-01
3.599458728010825337e-01 3.595125253893026174e-01
3.599458728010825337e-01 3.628977657413676172e-01
3.612990527740189695e-01 3.628977657413676172e-01
3.612990527740189695e-01 3.662830060934326171e-01
3.640054127198917300e-01 3.662830060934326171e-01
3.640054127198917300e-01 3.676371022342586059e-01
3.646820027063599201e-01 3.676371022342586059e-01
3.646820027063599201e-01 3.683141503046716281e-01
3.653585926928281657e-01 3.683141503046716281e-01
3.673883626522327361e-01 3.683141503046716281e-01
3.673883626522327361e-01 3.723764387271496501e-01
3.680649526387009263e-01 3.723764387271496501e-01
3.680649526387009263e-01 3.730534867975626168e-01
3.687415426251691719e-01 3.730534867975626168e-01
3.700947225981055522e-01 3.730534867975626168e-01
3.700947225981055522e-01 3.737305348679756389e-01
3.707713125845737423e-01 3.737305348679756389e-01
3.707713125845737423e-01 3.750846310088016278e-01
3.714479025710419324e-01 3.750846310088016278e-01
3.714479025710419324e-01 3.764387271496276166e-01
3.721244925575101226e-01 3.764387271496276166e-01
3.721244925575101226e-01 3.805010155721056386e-01
3.748308525033829386e-01 3.805010155721056386e-01
3.748308525033829386e-01 3.818551117129316275e-01
3.761840324763193744e-01 3.818551117129316275e-01
3.761840324763193744e-01 3.832092078537576163e-01
3.768606224627875645e-01 3.832092078537576163e-01
3.768606224627875645e-01 3.838862559241706385e-01
3.788903924221921349e-01 3.838862559241706385e-01
3.788903924221921349e-01 3.859174001354095940e-01
3.802435723951285707e-01 3.859174001354095940e-01
3.802435723951285707e-01 3.865944482058226161e-01
3.815967523680649509e-01 3.865944482058226161e-01
3.815967523680649509e-01 3.879485443466486050e-01
3.822733423545331410e-01 3.879485443466486050e-01
3.836265223274695768e-01 3.879485443466486050e-01
3.836265223274695768e-01 3.893026404874745938e-01
3.849797023004059571e-01 3.893026404874745938e-01
3.863328822733423373e-01 3.893026404874745938e-01
3.863328822733423373e-01 3.899796885578876160e-01
3.876860622462787731e-01 3.899796885578876160e-01
3.876860622462787731e-01 3.913337846987136048e-01
3.890392422192151534e-01 3.913337846987136048e-01
3.890392422192151534e-01 3.920108327691266270e-01
3.917456021650879694e-01 3.920108327691266270e-01
3.917456021650879694e-01 3.933649289099526158e-01
3.930987821380243497e-01 3.933649289099526158e-01
3.944519621109607854e-01 3.933649289099526158e-01
3.944519621109607854e-01 3.947190250507786047e-01
3.951285520974289756e-01 3.947190250507786047e-01
3.951285520974289756e-01 3.974272173324305824e-01
3.958051420838971657e-01 3.974272173324305824e-01
3.958051420838971657e-01 3.987813134732566267e-01
3.971583220568335459e-01 3.987813134732566267e-01
3.971583220568335459e-01 3.994583615436695934e-01
3.978349120433017361e-01 3.994583615436695934e-01
3.978349120433017361e-01 4.008124576844955822e-01
3.985115020297699817e-01 4.008124576844955822e-01
3.985115020297699817e-01 4.028436018957345932e-01
3.998646820027063620e-01 4.028436018957345932e-01
4.005412719891745521e-01 4.028436018957345932e-01
4.005412719891745521e-01 4.035206499661476154e-01
4.032476319350473681e-01 4.035206499661476154e-01
4.032476319350473681e-01 4.041976980365605820e-01
4.046008119079837484e-01 4.041976980365605820e-01
4.046008119079837484e-01 4.048747461069736042e-01
4.052774018944519385e-01 4.048747461069736042e-01
4.052774018944519385e-01 4.055517941773865709e-01
4.066305818673883743e-01 4.055517941773865709e-01
4.066305818673883743e-01 4.089370345294515707e-01
4.079837618403247546e-01 4.089370345294515707e-01
4.086603518267929447e-01 4.089370345294515707e-01
4.086603518267929447e-01 4.096140825998645929e-01
4.100135317997293805e-01 4.096140825998645929e-01
4.100135317997293805e-01 4.116452268111036039e-01
4.106901217861975706e-01 4.116452268111036039e-01
4.106901217861975706e-01 4.123222748815165706e-01
4.113667117726657607e-01 4.123222748815165706e-01
4.113667117726657607e-01 4.129993229519295928e-01
4.120433017591339508e-01 4.129993229519295928e-01
4.120433017591339508e-01 4.143534190927555816e-01
4.127198917456021410e-01 4.143534190927555816e-01
4.127198917456021410e-01 4.150304671631686038e-01
4.140730717185385767e-01 4.150304671631686038e-01
4.140730717185385767e-01 4.170616113744075593e-01
4.147496617050067669e-01 4.170616113744075593e-01
4.147496617050067669e-01 4.184157075152336036e-01
4.154262516914749570e-01 4.184157075152336036e-01
4.154262516914749570e-01 4.190927555856465703e-01
4.161028416779431471e-01 4.190927555856465703e-01
4.161028416779431471e-01 4.197698036560595924e-01
4.174560216508795829e-01 4.197698036560595924e-01
4.188092016238159632e-01 4.197698036560595924e-01
4.194857916102841533e-01 4.197698036560595924e-01
4.194857916102841533e-01 4.204468517264725591e-01
4.208389715832205891e-01 4.204468517264725591e-01
4.208389715832205891e-01 4.224779959377115701e-01
4.215155615696887792e-01 4.224779959377115701e-01
4.215155615696887792e-01 4.231550440081245923e-01
4.221921515561569693e-01 4.238320920785375590e-01
4.221921515561569693e-01 4.251861882193635478e-01
4.228687415426251595e-01 4.251861882193635478e-01
4.228687415426251595e-01 4.258632362897765700e-01
4.235453315290933496e-01 4.258632362897765700e-01
4.235453315290933496e-01 4.265402843601895921e-01
4.248985115020297854e-01 4.265402843601895921e-01
4.248985115020297854e-01 4.272173324306025588e-01
4.262516914749661656e-01 4.272173324306025588e-01
4.262516914749661656e-01 4.285714285714285476e-01
4.269282814614343557e-01 4.285714285714285476e-01
4.269282814614343557e-01 4.299255247122545920e-01
4.276048714479025459e-01 4.299255247122545920e-01
4.276048714479025459e-01 4.306025727826675586e-01
4.289580514208389816e-01 4.306025727826675586e-01
4.289580514208389816e-01 4.312796208530805808e-01
4.303112313937753619e-01 4.312796208530805808e-01
4.303112313937753619e-01 4.319566689234935475e-01
4.309878213802435520e-01 4.319566689234935475e-01
4.309878213802435520e-01 4.339878131347325585e-01
4.316644113667117977e-01 4.339878131347325585e-01
4.316644113667117977e-01 4.353419092755585473e-01
4.323410013531799878e-01 4.353419092755585473e-01
4.323410013531799878e-01 4.380501015572105805e-01
4.336941813261163681e-01 4.380501015572105805e-01
4.350473612990527483e-01 4.380501015572105805e-01
4.350473612990527483e-01 4.387271496276235472e-01
4.357239512855209940e-01 4.387271496276235472e-01
4.357239512855209940e-01 4.421123899796885470e-01
4.364005412719891841e-01 4.421123899796885470e-01
4.364005412719891841e-01 4.427894380501015692e-01
4.370771312584573742e-01 4.427894380501015692e-01
4.370771312584573742e-01 4.434664861205145359e-01
4.397834912043301903e-01 4.434664861205145359e-01
4.411366711772665705e-01 4.434664861205145359e-01
4.411366711772665705e-01 4.448205822613405802e-01
4.418132611637347607e-01 4.448205822613405802e-01
4.418132611637347607e-01 4.468517264725795357e-01
4.424898511502029508e-01 4.468517264725795357e-01
4.424898511502029508e-01 4.488828706838185467e-01
4.431664411366711964e-01 4.488828706838185467e-01
4.431664411366711964e-01 4.509140148950575577e-01
4.438430311231393866e-01 4.509140148950575577e-01
4.451962110960757668e-01 4.509140148950575577e-01
4.492557510148849631e-01 4.509140148950575577e-01
4.492557510148849631e-01 4.515910629654705244e-01
4.506089309878213989e-01 4.515910629654705244e-01
4.506089309878213989e-01 4.522681110358835466e-01
4.512855209742895890e-01 4.522681110358835466e-01
4.512855209742895890e-01 4.536222071767095354e-01
4.519621109607577791e-01 4.536222071767095354e-01
4.519621109607577791e-01 4.597156398104265129e-01
4.526387009472259693e-01 4.597156398104265129e-01
4.526387009472259693e-01 4.617467840216655239e-01
4.539918809201624050e-01 4.617467840216655239e-01
4.546684709066305952e-01 4.617467840216655239e-01
4.546684709066305952e-01 4.624238320920785461e-01
4.553450608930987853e-01 4.624238320920785461e-01
4.553450608930987853e-01 4.644549763033175571e-01
4.560216508795669754e-01 4.644549763033175571e-01
4.560216508795669754e-01 4.685172647257955236e-01
4.573748308525033557e-01 4.685172647257955236e-01
4.573748308525033557e-01 4.691943127962085458e-01
4.587280108254397915e-01 4.691943127962085458e-01
4.587280108254397915e-01 4.705484089370345346e-01
4.600811907983761717e-01 4.705484089370345346e-01
4.600811907983761717e-01 4.712254570074475013e-01
4.607577807848443618e-01 4.712254570074475013e-01
4.607577807848443618e-01 4.719025050778605235e-01
4.621109607577807976e-01 4.719025050778605235e-01
4.621109607577807976e-01 4.725795531482735456e-01
4.634641407307171779e-01 4.725795531482735456e-01
4.654939106901218038e-01 4.725795531482735456e-01
4.654939106901218038e-01 4.739336492890995345e-01
4.661705006765899939e-01 4.739336492890995345e-01
4.661705006765899939e-01 4.766418415707515122e-01
4.695534506089310001e-01 4.766418415707515122e-01
4.695534506089310001e-01 4.773188896411645343e-01
4.702300405953991902e-01 4.773188896411645343e-01
4.722598105548038161e-01 4.773188896411645343e-01
4.722598105548038161e-01 4.847664184157075007e-01
4.729364005412720062e-01 4.847664184157075007e-01
4.729364005412720062e-01 4.854434664861205229e-01
4.736129905277401964e-01 4.854434664861205229e-01
4.736129905277401964e-01 4.867975626269465117e-01
4.763193504736130124e-01 4.867975626269465117e-01
4.763193504736130124e-01 4.881516587677725005e-01
4.783491204330175828e-01 4.881516587677725005e-01
4.783491204330175828e-01 4.888287068381855227e-01
4.797023004059540185e-01 4.888287068381855227e-01
4.797023004059540185e-01 4.895057549085984894e-01
4.803788903924222087e-01 4.895057549085984894e-01
4.803788903924222087e-01 4.928909952606634892e-01
4.824086603518267791e-01 4.928909952606634892e-01
4.824086603518267791e-01 4.935680433310765114e-01
4.830852503382949692e-01 4.935680433310765114e-01
4.844384303112314050e-01 4.935680433310765114e-01
4.844384303112314050e-01 4.942450914014894781e-01
4.851150202976995951e-01 4.942450914014894781e-01
4.851150202976995951e-01 4.949221394719025002e-01
4.857916102841677852e-01 4.949221394719025002e-01
4.857916102841677852e-01 4.955991875423155224e-01
4.864682002706359754e-01 4.955991875423155224e-01
4.864682002706359754e-01 4.976303317535544779e-01
4.878213802435724111e-01 4.976303317535544779e-01
4.891745602165087914e-01 4.976303317535544779e-01
4.891745602165087914e-01 4.996614759647934889e-01
4.905277401894451716e-01 4.996614759647934889e-01
4.905277401894451716e-01 5.010155721056195333e-01
4.912043301759134173e-01 5.010155721056195333e-01
4.912043301759134173e-01 5.016926201760324444e-01
4.918809201623816074e-01 5.016926201760324444e-01
4.918809201623816074e-01 5.023696682464454666e-01
4.925575101488497975e-01 5.023696682464454666e-01
4.925575101488497975e-01 5.044008124576845331e-01
4.959404600811908037e-01 5.044008124576845331e-01
4.972936400541271840e-01 5.044008124576845331e-01
4.972936400541271840e-01 5.077860528097495330e-01
4.979702300405953741e-01 5.077860528097495330e-01
5.000000000000000000e-01 5.077860528097495330e-01
5.020297699594046259e-01 5.077860528097495330e-01
5.020297699594046259e-01 5.084631008801624441e-01
5.027063599458727605e-01 5.091401489505754663e-01
5.033829499323410062e-01 5.091401489505754663e-01
5.033829499323410062e-01 5.138794854434665105e-01
5.040595399188092518e-01 5.138794854434665105e-01
5.040595399188092518e-01 5.152335815842924438e-01
5.054127198917456321e-01 5.152335815842924438e-01
5.054127198917456321e-01 5.159106296547054660e-01
5.060893098782137667e-01 5.159106296547054660e-01
5.060893098782137667e-01 5.179417738659445325e-01
5.067658998646820123e-01 5.179417738659445325e-01
5.081190798376183926e-01 5.179417738659445325e-01
5.101488497970230185e-01 5.179417738659445325e-01
5.101488497970230185e-01 5.199729180771834880e-01
5.108254397834911531e-01 5.199729180771834880e-01
5.135317997293640246e-01 5.199729180771834880e-01
5.135317997293640246e-01 5.220040622884224435e-01
5.142083897158321593e-01 5.220040622884224435e-01
5.142083897158321593e-01 5.253893026404874433e-01
5.148849797023004049e-01 5.253893026404874433e-01
5.148849797023004049e-01 5.274204468517265099e-01
5.162381596752367852e-01 5.274204468517265099e-01
5.162381596752367852e-01 5.314827352742044209e-01
5.175913396481731654e-01 5.314827352742044209e-01
5.175913396481731654e-01 5.321597833446174430e-01
5.189445196211096567e-01 5.321597833446174430e-01
5.189445196211096567e-01 5.355450236966824429e-01
5.202976995940460370e-01 5.355450236966824429e-01
5.202976995940460370e-01 5.382532159783344206e-01
5.223274695534506629e-01 5.382532159783344206e-01
5.223274695534506629e-01 5.389302640487474427e-01
5.230040595399187975e-01 5.389302640487474427e-01
5.230040595399187975e-01 5.396073121191604649e-01
5.243572395128551777e-01 5.396073121191604649e-01
5.243572395128551777e-01 5.402843601895734871e-01
5.257104194857915580e-01 5.402843601895734871e-01
5.270635994587280493e-01 5.402843601895734871e-01
5.270635994587280493e-01 5.409614082599865093e-01
5.277401894451961839e-01 5.409614082599865093e-01
5.277401894451961839e-01 5.416384563303994204e-01
5.290933694181325642e-01 5.416384563303994204e-01
5.290933694181325642e-01 5.429925524712254647e-01
5.304465493910690554e-01 5.429925524712254647e-01
5.317997293640054357e-01 5.429925524712254647e-01
5.331529093369418160e-01 5.429925524712254647e-01
5.331529093369418160e-01 5.443466486120515091e-01
5.338294993234100616e-01 5.443466486120515091e-01
5.338294993234100616e-01 5.457007447528774424e-01
5.351826792963464419e-01 5.457007447528774424e-01
5.358592692828145765e-01 5.457007447528774424e-01
5.358592692828145765e-01 5.477318889641163979e-01
5.365358592692828221e-01 5.477318889641163979e-01
5.365358592692828221e-01 5.484089370345294201e-01
5.372124492557510678e-01 5.484089370345294201e-01
5.372124492557510678e-01 5.504400812457684866e-01
5.392422192151555826e-01 5.504400812457684866e-01
5.405953991880919629e-01 5.504400812457684866e-01
5.405953991880919629e-01 5.524712254570074421e-01
5.426251691474965888e-01 5.524712254570074421e-01
5.426251691474965888e-01 5.545023696682463976e-01
5.439783491204329691e-01 5.545023696682463976e-01
5.460081190798375950e-01 5.545023696682463976e-01
5.466847090663058406e-01 5.545023696682463976e-01
5.480378890392422209e-01 5.545023696682463976e-01
5.480378890392422209e-01 5.551794177386594198e-01
5.493910690121786011e-01 5.551794177386594198e-01
5.493910690121786011e-01 5.558564658090724420e-01
5.500676589986468468e-01 5.558564658090724420e-01
5.500676589986468468e-01 5.572105619498984863e-01
5.514208389715832270e-01 5.572105619498984863e-01
5.520974289580514727e-01 5.572105619498984863e-01
5.520974289580514727e-01 5.578876100203113975e-01
5.527740189445196073e-01 5.578876100203113975e-01
5.548037889039242332e-01 5.578876100203113975e-01
5.548037889039242332e-01 5.592417061611374418e-01
5.554803788903923678e-01 5.592417061611374418e-01
5.554803788903923678e-01 5.599187542315504640e-01
5.568335588633288591e-01 5.599187542315504640e-01
5.568335588633288591e-01 5.646580907244413972e-01
5.581867388362652393e-01 5.646580907244413972e-01
5.581867388362652393e-01 5.700744752877454635e-01
5.588633288227333740e-01 5.700744752877454635e-01
5.588633288227333740e-01 5.741367637102233745e-01
5.602165087956698653e-01 5.741367637102233745e-01
5.615696887686062455e-01 5.741367637102233745e-01
5.615696887686062455e-01 5.748138117806363967e-01
5.622462787550743801e-01 5.748138117806363967e-01
5.622462787550743801e-01 5.761679079214624410e-01
5.635994587280108714e-01 5.761679079214624410e-01
5.635994587280108714e-01 5.768449559918754632e-01
5.642760487144790060e-01 5.768449559918754632e-01
5.642760487144790060e-01 5.788761002031144187e-01
5.663058186738836319e-01 5.788761002031144187e-01
5.663058186738836319e-01 5.795531482735274409e-01
5.683355886332882578e-01 5.795531482735274409e-01
5.683355886332882578e-01 5.809072444143533742e-01
5.696887686062246381e-01 5.809072444143533742e-01
5.696887686062246381e-01 5.842924847664183741e-01
5.703653585926927727e-01 5.842924847664183741e-01
5.730717185385656443e-01 5.842924847664183741e-01
5.730717185385656443e-01 5.863236289776574406e-01
5.737483085250337789e-01 5.863236289776574406e-01
5.737483085250337789e-01 5.870006770480704628e-01
5.751014884979702702e-01 5.870006770480704628e-01
5.751014884979702702e-01 5.883547731888963961e-01
5.764546684709066504e-01 5.883547731888963961e-01
5.778078484438430307e-01 5.883547731888963961e-01
5.784844384303112763e-01 5.883547731888963961e-01
5.784844384303112763e-01 5.897088693297224404e-01
5.791610284167794109e-01 5.897088693297224404e-01
5.805142083897157912e-01 5.897088693297224404e-01
5.805142083897157912e-01 5.917400135409613959e-01
5.811907983761840368e-01 5.917400135409613959e-01
5.811907983761840368e-01 5.930941096817874403e-01
5.825439783491204171e-01 5.930941096817874403e-01
5.832205683355886627e-01 5.930941096817874403e-01
5.832205683355886627e-01 5.971563981042653513e-01
5.838971583220567974e-01 5.971563981042653513e-01
5.838971583220567974e-01 6.025727826675694176e-01
5.859269282814614233e-01 6.025727826675694176e-01
5.859269282814614233e-01 6.059580230196344175e-01
5.866035182679296689e-01 6.059580230196344175e-01
5.866035182679296689e-01 6.066350710900474397e-01
5.872801082543978035e-01 6.066350710900474397e-01
5.872801082543978035e-01 6.093432633716994173e-01
5.879566982408660492e-01 6.093432633716994173e-01
5.879566982408660492e-01 6.100203114421124395e-01
5.886332882273341838e-01 6.100203114421124395e-01
5.886332882273341838e-01 6.106973595125253507e-01
5.893098782138024294e-01 6.106973595125253507e-01
5.893098782138024294e-01 6.113744075829383728e-01
5.899864682002706751e-01 6.113744075829383728e-01
5.899864682002706751e-01 6.134055517941774394e-01
5.906630581867388097e-01 6.134055517941774394e-01
5.906630581867388097e-01 6.154366960054163949e-01
5.920162381596751899e-01 6.154366960054163949e-01
5.920162381596751899e-01 6.167907921462423282e-01
5.933694181326116812e-01 6.167907921462423282e-01
5.953991880920161961e-01 6.167907921462423282e-01
5.953991880920161961e-01 6.174678402166553504e-01
5.967523680649526874e-01 6.174678402166553504e-01
5.967523680649526874e-01 6.181448882870683725e-01
5.981055480378890676e-01 6.181448882870683725e-01
5.981055480378890676e-01 6.201760324983073280e-01
5.987821380243572023e-01 6.201760324983073280e-01
5.987821380243572023e-01 6.208530805687203502e-01
6.008119079837618282e-01 6.208530805687203502e-01
6.008119079837618282e-01 6.222071767095463946e-01
6.014884979702300738e-01 6.222071767095463946e-01
6.028416779431664541e-01 6.222071767095463946e-01
6.028416779431664541e-01 6.228842247799594167e-01
6.035182679296345887e-01 6.228842247799594167e-01
6.035182679296345887e-01 6.235612728503723279e-01
6.055480378890392146e-01 6.235612728503723279e-01
6.055480378890392146e-01 6.242383209207853501e-01
6.075778078484438405e-01 6.242383209207853501e-01
6.075778078484438405e-01 6.249153689911983722e-01
6.082543978349120861e-01 6.249153689911983722e-01
6.082543978349120861e-01 6.269465132024373277e-01
6.096075778078484664e-01 6.269465132024373277e-01
6.109607577807848466e-01 6.269465132024373277e-01
6.129905277401894725e-01 6.269465132024373277e-01
6.129905277401894725e-01 6.276235612728503499e-01
6.136671177266576072e-01 6.276235612728503499e-01
6.156968876860622331e-01 6.276235612728503499e-01
6.156968876860622331e-01 6.289776574136763942e-01
6.177266576454668590e-01 6.289776574136763942e-01
6.177266576454668590e-01 6.330399458361544163e-01
6.184032476319349936e-01 6.330399458361544163e-01
6.184032476319349936e-01 6.337169939065673274e-01
6.190798376184032392e-01 6.337169939065673274e-01
6.190798376184032392e-01 6.343940419769803496e-01
6.197564276048714849e-01 6.343940419769803496e-01
6.197564276048714849e-01 6.371022342586323273e-01
6.211096075778078651e-01 6.371022342586323273e-01
6.231393775372124910e-01 6.371022342586323273e-01
6.244925575101488713e-01 6.371022342586323273e-01
6.244925575101488713e-01 6.377792823290453494e-01
6.251691474966170059e-01 6.377792823290453494e-01
6.251691474966170059e-01 6.391333784698713938e-01
6.265223274695534972e-01 6.391333784698713938e-01
6.271989174560216318e-01 6.391333784698713938e-01
6.285520974289580121e-01 6.391333784698713938e-01
6.285520974289580121e-01 6.411645226811103493e-01
6.292286874154262577e-01 6.411645226811103493e-01
6.292286874154262577e-01 6.425186188219363936e-01
6.305818673883626380e-01 6.425186188219363936e-01
6.305818673883626380e-01 6.438727149627623270e-01
6.326116373477672639e-01 6.438727149627623270e-01
6.326116373477672639e-01 6.452268111035883713e-01
6.339648173207036441e-01 6.452268111035883713e-01
6.339648173207036441e-01 6.465809072444143046e-01
6.353179972936400244e-01 6.465809072444143046e-01
6.353179972936400244e-01 6.492890995260663933e-01
6.373477672530446503e-01 6.492890995260663933e-01
6.380243572395128959e-01 6.492890995260663933e-01
6.380243572395128959e-01 6.499661475964793045e-01
6.387009472259810305e-01 6.499661475964793045e-01
6.407307171853856564e-01 6.499661475964793045e-01
6.414073071718539021e-01 6.499661475964793045e-01
6.414073071718539021e-01 6.506431956668923267e-01
6.420838971583220367e-01 6.513202437373053488e-01
6.420838971583220367e-01 6.526743398781313932e-01
6.434370771312584170e-01 6.526743398781313932e-01
6.434370771312584170e-01 6.533513879485443043e-01
6.468200270635994231e-01 6.533513879485443043e-01
6.481732070365359144e-01 6.533513879485443043e-01
6.488497970230040490e-01 6.533513879485443043e-01
6.488497970230040490e-01 6.560595802301963930e-01
6.502029769959404293e-01 6.560595802301963930e-01
6.502029769959404293e-01 6.567366283006093042e-01
6.508795669824086749e-01 6.567366283006093042e-01
6.508795669824086749e-01 6.574136763710223264e-01
6.522327469553450552e-01 6.574136763710223264e-01
6.522327469553450552e-01 6.587677725118483707e-01
6.529093369418133008e-01 6.587677725118483707e-01
6.529093369418133008e-01 6.594448205822613929e-01
6.549391069012178157e-01 6.594448205822613929e-01
6.549391069012178157e-01 6.648612051455653482e-01
6.562922868741543070e-01 6.648612051455653482e-01
6.562922868741543070e-01 6.662153012863912815e-01
6.562922868741543070e-01 6.675693974272173259e-01
6.562922868741543070e-01 6.716316858496953479e-01
6.576454668470906872e-01 6.716316858496953479e-01
6.576454668470906872e-01 6.736628300609343034e-01
6.589986468200270675e-01 6.736628300609343034e-01
6.589986468200270675e-01 6.743398781313473256e-01
6.603518267929634478e-01 6.743398781313473256e-01
6.603518267929634478e-01 6.756939742721733699e-01
6.610284167794316934e-01 6.756939742721733699e-01
6.610284167794316934e-01 6.763710223425862811e-01
6.617050067658998280e-01 6.763710223425862811e-01
6.617050067658998280e-01 6.770480704129993033e-01
6.623815967523680737e-01 6.770480704129993033e-01
6.623815967523680737e-01 6.777251184834123254e-01
6.630581867388363193e-01 6.777251184834123254e-01
6.630581867388363193e-01 6.797562626946512809e-01
6.637347767253044539e-01 6.797562626946512809e-01
6.650879566982408342e-01 6.797562626946512809e-01
6.657645466847090798e-01 6.797562626946512809e-01
6.657645466847090798e-01 6.811103588354773253e-01
6.684709066305818403e-01 6.811103588354773253e-01
6.684709066305818403e-01 6.824644549763033696e-01
6.705006765899864662e-01 6.824644549763033696e-01
6.705006765899864662e-01 6.851726472579553473e-01
6.718538565629228465e-01 6.851726472579553473e-01
6.745602165087957180e-01 6.851726472579553473e-01
6.765899864682002329e-01 6.851726472579553473e-01
6.765899864682002329e-01 6.872037914691943028e-01
6.772665764546684786e-01 6.872037914691943028e-01
6.772665764546684786e-01 6.878808395396073250e-01
6.779431664411367242e-01 6.878808395396073250e-01
6.779431664411367242e-01 6.899119837508462805e-01
6.799729364005412391e-01 6.899119837508462805e-01
6.826792963464141106e-01 6.899119837508462805e-01
6.826792963464141106e-01 6.905890318212593026e-01
6.840324763193504909e-01 6.905890318212593026e-01
6.840324763193504909e-01 6.926201760324982581e-01
6.847090663058186255e-01 6.932972241029112803e-01
6.847090663058186255e-01 6.939742721733243025e-01
6.853856562922868711e-01 6.939742721733243025e-01
6.853856562922868711e-01 6.953283683141503468e-01
6.874154262516914971e-01 6.953283683141503468e-01
6.874154262516914971e-01 6.960054163845632580e-01
6.887686062246278773e-01 6.960054163845632580e-01
6.887686062246278773e-01 6.966824644549762802e-01
6.894451962110961230e-01 6.966824644549762802e-01
6.894451962110961230e-01 6.973595125253893023e-01
6.901217861975642576e-01 6.973595125253893023e-01
6.901217861975642576e-01 6.980365605958023245e-01
6.914749661705006378e-01 6.980365605958023245e-01
6.914749661705006378e-01 6.987136086662153467e-01
6.935047361299052637e-01 6.987136086662153467e-01
6.935047361299052637e-01 7.007447528774543022e-01
6.948579161028416440e-01 7.007447528774543022e-01
6.948579161028416440e-01 7.027758970886932577e-01
6.968876860622462699e-01 7.027758970886932577e-01
6.968876860622462699e-01 7.034529451591062799e-01
6.975642760487145155e-01 7.034529451591062799e-01
6.975642760487145155e-01 7.054840893703453464e-01
6.982408660351826502e-01 7.054840893703453464e-01
6.982408660351826502e-01 7.061611374407582575e-01
6.995940460081190304e-01 7.061611374407582575e-01
7.016238159675236563e-01 7.061611374407582575e-01
7.016238159675236563e-01 7.075152335815843019e-01
7.029769959404600366e-01 7.075152335815843019e-01
7.029769959404600366e-01 7.095463777928232574e-01
7.036535859269282822e-01 7.095463777928232574e-01
7.036535859269282822e-01 7.109004739336493017e-01
7.043301759133965279e-01 7.109004739336493017e-01
7.056833558863329081e-01 7.109004739336493017e-01
7.077131258457375340e-01 7.109004739336493017e-01
7.090663058186739143e-01 7.109004739336493017e-01
7.090663058186739143e-01 7.115775220040623239e-01
7.104194857916102945e-01 7.115775220040623239e-01
7.110960757780784292e-01 7.115775220040623239e-01
7.110960757780784292e-01 7.149627623561273237e-01
7.124492557510149204e-01 7.149627623561273237e-01
7.124492557510149204e-01 7.163168584969532571e-01
7.138024357239513007e-01 7.163168584969532571e-01
7.151556156968876810e-01 7.163168584969532571e-01
7.151556156968876810e-01 7.169939065673662792e-01
7.158322056833559266e-01 7.169939065673662792e-01
7.171853856562923069e-01 7.169939065673662792e-01
7.171853856562923069e-01 7.176709546377793014e-01
7.185385656292286871e-01 7.176709546377793014e-01
7.185385656292286871e-01 7.217332430602573234e-01
7.192151556156969328e-01 7.217332430602573234e-01
7.192151556156969328e-01 7.237643872714962789e-01
7.205683355886333130e-01 7.237643872714962789e-01
7.205683355886333130e-01 7.244414353419093011e-01
7.212449255751014476e-01 7.244414353419093011e-01
7.212449255751014476e-01 7.257955314827352344e-01
7.225981055480379389e-01 7.257955314827352344e-01
7.239512855209743192e-01 7.257955314827352344e-01
7.239512855209743192e-01 7.291807718348002343e-01
7.253044654939106994e-01 7.291807718348002343e-01
7.253044654939106994e-01 7.325660121868652341e-01
7.259810554803789451e-01 7.325660121868652341e-01
7.259810554803789451e-01 7.359512525389302340e-01
7.280108254397834600e-01 7.359512525389302340e-01
7.286874154262517056e-01 7.359512525389302340e-01
7.286874154262517056e-01 7.366283006093432562e-01
7.327469553450608464e-01 7.366283006093432562e-01
7.327469553450608464e-01 7.373053486797562783e-01
7.334235453315290920e-01 7.373053486797562783e-01
7.334235453315290920e-01 7.406905890318212782e-01
7.341001353179973377e-01 7.406905890318212782e-01
7.341001353179973377e-01 7.420446851726472115e-01
7.347767253044654723e-01 7.420446851726472115e-01
7.347767253044654723e-01 7.427217332430602337e-01
7.361299052774018525e-01 7.427217332430602337e-01
7.361299052774018525e-01 7.440758293838862780e-01
7.374830852503383438e-01 7.440758293838862780e-01
7.388362652232747241e-01 7.440758293838862780e-01
7.388362652232747241e-01 7.474610697359512779e-01
7.395128552097428587e-01 7.474610697359512779e-01
7.395128552097428587e-01 7.481381178063643000e-01
7.408660351826793500e-01 7.481381178063643000e-01
7.408660351826793500e-01 7.488151658767772112e-01
7.422192151556157302e-01 7.488151658767772112e-01
7.422192151556157302e-01 7.494922139471902334e-01
7.442489851150202451e-01 7.494922139471902334e-01
7.442489851150202451e-01 7.522004062288422110e-01
7.449255751014884908e-01 7.522004062288422110e-01
7.449255751014884908e-01 7.535545023696682554e-01
7.456021650879567364e-01 7.535545023696682554e-01
7.456021650879567364e-01 7.555856465809072109e-01
7.469553450608931167e-01 7.555856465809072109e-01
7.469553450608931167e-01 7.562626946513202331e-01
7.483085250338294969e-01 7.562626946513202331e-01
7.483085250338294969e-01 7.569397427217332552e-01
7.496617050067658772e-01 7.569397427217332552e-01
7.496617050067658772e-01 7.589708869329722107e-01
7.510148849797022574e-01 7.589708869329722107e-01
7.510148849797022574e-01 7.610020311442112773e-01
7.523680649526387487e-01 7.610020311442112773e-01
7.523680649526387487e-01 7.657413676371022104e-01
7.530446549391068833e-01 7.657413676371022104e-01
7.530446549391068833e-01 7.664184157075152326e-01
7.543978349120432636e-01 7.664184157075152326e-01
7.543978349120432636e-01 7.684495599187541881e-01
7.557510148849797549e-01 7.684495599187541881e-01
7.557510148849797549e-01 7.691266079891672103e-01
7.571041948579161351e-01 7.691266079891672103e-01
7.591339648173206500e-01 7.691266079891672103e-01
7.591339648173206500e-01 7.698036560595802325e-01
7.604871447902571413e-01 7.698036560595802325e-01
7.604871447902571413e-01 7.711577522004062768e-01
7.611637347767252759e-01 7.711577522004062768e-01
7.611637347767252759e-01 7.738659444820582545e-01
7.625169147496616562e-01 7.738659444820582545e-01
7.625169147496616562e-01 7.745429925524712766e-01
7.631935047361299018e-01 7.745429925524712766e-01
7.652232746955345277e-01 7.745429925524712766e-01
7.658998646820026623e-01 7.745429925524712766e-01
7.658998646820026623e-01 7.758970886932972100e-01
7.672530446549391536e-01 7.758970886932972100e-01
7.672530446549391536e-01 7.765741367637102321e-01
7.686062246278755339e-01 7.765741367637102321e-01
7.686062246278755339e-01 7.772511848341232543e-01
7.692828146143436685e-01 7.772511848341232543e-01
7.692828146143436685e-01 7.779282329045362765e-01
7.699594046008119141e-01 7.779282329045362765e-01
7.699594046008119141e-01 7.799593771157752320e-01
7.713125845737482944e-01 7.799593771157752320e-01
7.713125845737482944e-01 7.806364251861882542e-01
7.719891745602165400e-01 7.806364251861882542e-01
7.719891745602165400e-01 7.819905213270141875e-01
7.733423545331529203e-01 7.819905213270141875e-01
7.733423545331529203e-01 7.826675693974272097e-01
7.746955345060893006e-01 7.826675693974272097e-01
7.753721244925575462e-01 7.826675693974272097e-01
7.753721244925575462e-01 7.860528097494922095e-01
7.760487144790256808e-01 7.860528097494922095e-01
7.774018944519620611e-01 7.860528097494922095e-01
7.774018944519620611e-01 7.867298578199052317e-01
7.780784844384303067e-01 7.867298578199052317e-01
7.780784844384303067e-01 7.874069058903182539e-01
7.794316644113666870e-01 7.874069058903182539e-01
7.794316644113666870e-01 7.887610020311441872e-01
7.801082543978349326e-01 7.887610020311441872e-01
7.814614343707713129e-01 7.887610020311441872e-01
7.814614343707713129e-01 7.894380501015572094e-01
7.821380243572395585e-01 7.894380501015572094e-01
7.821380243572395585e-01 7.901150981719702315e-01
7.848443843031123190e-01 7.907921462423832537e-01
7.861975642760486993e-01 7.907921462423832537e-01
7.861975642760486993e-01 7.928232904536222092e-01
7.875507442489850796e-01 7.928232904536222092e-01
7.875507442489850796e-01 7.948544346648611647e-01
7.882273342354533252e-01 7.948544346648611647e-01
7.895805142083897055e-01 7.948544346648611647e-01
7.902571041948579511e-01 7.948544346648611647e-01
7.902571041948579511e-01 7.955314827352741869e-01
7.909336941813260857e-01 7.955314827352741869e-01
7.909336941813260857e-01 7.989167230873391867e-01
7.916102841677943314e-01 7.989167230873391867e-01
7.916102841677943314e-01 8.050101557210561642e-01
7.929634641407307116e-01 8.050101557210561642e-01
7.929634641407307116e-01 8.056872037914691864e-01
7.936400541271989573e-01 8.056872037914691864e-01
7.936400541271989573e-01 8.083953960731211641e-01
7.943166441136670919e-01 8.083953960731211641e-01
7.943166441136670919e-01 8.090724441435341863e-01
7.949932341001353375e-01 8.090724441435341863e-01
7.949932341001353375e-01 8.111035883547731418e-01
7.956698240866034721e-01 8.111035883547731418e-01
7.956698240866034721e-01 8.117806364251861639e-01
7.970230040595399634e-01 8.117806364251861639e-01
7.970230040595399634e-01 8.124576844955991861e-01
7.983761840324763437e-01 8.124576844955991861e-01
7.983761840324763437e-01 8.131347325660122083e-01
7.997293640054127239e-01 8.131347325660122083e-01
7.997293640054127239e-01 8.138117806364252305e-01
8.010825439783491042e-01 8.138117806364252305e-01
8.031123139377537301e-01 8.138117806364252305e-01
8.031123139377537301e-01 8.158429248476641860e-01
8.044654939106901104e-01 8.158429248476641860e-01
8.044654939106901104e-01 8.165199729180772081e-01
8.058186738836264906e-01 8.165199729180772081e-01
8.058186738836264906e-01 8.178740690589031415e-01
8.078484438430311165e-01 8.178740690589031415e-01
8.085250338294993622e-01 8.178740690589031415e-01
8.085250338294993622e-01 8.199052132701422080e-01
8.092016238159674968e-01 8.199052132701422080e-01
8.092016238159674968e-01 8.239675016926202300e-01
8.098782138024357424e-01 8.239675016926202300e-01
8.098782138024357424e-01 8.266756939742722077e-01
8.119079837618403683e-01 8.266756939742722077e-01
8.119079837618403683e-01 8.273527420446851188e-01
8.139377537212448832e-01 8.273527420446851188e-01
8.139377537212448832e-01 8.287068381855111632e-01
8.152909336941813745e-01 8.287068381855111632e-01
8.152909336941813745e-01 8.300609343263372075e-01
8.166441136671177548e-01 8.300609343263372075e-01
8.166441136671177548e-01 8.314150304671631408e-01
8.179972936400541350e-01 8.314150304671631408e-01
8.179972936400541350e-01 8.341232227488151185e-01
8.193504736129905153e-01 8.341232227488151185e-01
8.193504736129905153e-01 8.368314150304672072e-01
8.200270635994587609e-01 8.368314150304672072e-01
8.200270635994587609e-01 8.375084631008801184e-01
8.207036535859268955e-01 8.375084631008801184e-01
8.207036535859268955e-01 8.381855111712931405e-01
8.220568335588632758e-01 8.381855111712931405e-01
8.220568335588632758e-01 8.402166553825322071e-01
8.227334235453315214e-01 8.402166553825322071e-01
8.227334235453315214e-01 8.408937034529451182e-01
8.234100135317997671e-01 8.408937034529451182e-01
8.247631935047361473e-01 8.408937034529451182e-01
8.247631935047361473e-01 8.415707515233581404e-01
8.254397834912042820e-01 8.415707515233581404e-01
8.254397834912042820e-01 8.429248476641841847e-01
8.274695534506089079e-01 8.429248476641841847e-01
8.274695534506089079e-01 8.442789438050101181e-01
8.288227334235452881e-01 8.442789438050101181e-01
8.301759133964817794e-01 8.442789438050101181e-01
8.301759133964817794e-01 8.456330399458361624e-01
8.315290933694181597e-01 8.456330399458361624e-01
8.315290933694181597e-01 8.476641841570751179e-01
8.322056833558862943e-01 8.476641841570751179e-01
8.322056833558862943e-01 8.490182802979011623e-01
8.328822733423545399e-01 8.490182802979011623e-01
8.342354533152909202e-01 8.490182802979011623e-01
8.349120433017591658e-01 8.490182802979011623e-01
8.349120433017591658e-01 8.496953283683141844e-01
8.355886332882273004e-01 8.496953283683141844e-01
8.355886332882273004e-01 8.503723764387270956e-01
8.369418132611636807e-01 8.503723764387270956e-01
8.369418132611636807e-01 8.530805687203791843e-01
8.376184032476319263e-01 8.530805687203791843e-01
8.376184032476319263e-01 8.557887610020311620e-01
8.382949932341001720e-01 8.557887610020311620e-01
8.382949932341001720e-01 8.571428571428570953e-01
8.396481732070365522e-01 8.571428571428570953e-01
8.396481732070365522e-01 8.578199052132701175e-01
8.403247631935046869e-01 8.578199052132701175e-01
8.403247631935046869e-01 8.584969532836831396e-01
8.416779431664411781e-01 8.584969532836831396e-01
8.416779431664411781e-01 8.591740013540961618e-01
8.430311231393775584e-01 8.591740013540961618e-01
8.430311231393775584e-01 8.625592417061611616e-01
8.450608930987821843e-01 8.625592417061611616e-01
8.450608930987821843e-01 8.652674339878131393e-01
8.457374830852503189e-01 8.652674339878131393e-01
8.470906630581866992e-01 8.652674339878131393e-01
8.470906630581866992e-01 8.659444820582261615e-01
8.477672530446549448e-01 8.659444820582261615e-01
8.504736129905277053e-01 8.659444820582261615e-01
8.504736129905277053e-01 8.672985781990520948e-01
8.518267929634640856e-01 8.672985781990520948e-01
8.518267929634640856e-01 8.700067704807041835e-01
8.525033829499323312e-01 8.700067704807041835e-01
8.525033829499323312e-01 8.740690589031820945e-01
8.531799729364005769e-01 8.740690589031820945e-01
8.531799729364005769e-01 8.747461069735951167e-01
8.552097428958050918e-01 8.747461069735951167e-01
8.552097428958050918e-01 8.754231550440081389e-01
8.565629228687415830e-01 8.754231550440081389e-01
8.565629228687415830e-01 8.761002031144211610e-01
8.579161028416779633e-01 8.761002031144211610e-01
8.579161028416779633e-01 8.767772511848340722e-01
8.585926928281460979e-01 8.767772511848340722e-01
8.585926928281460979e-01 8.781313473256601165e-01
8.592692828146143436e-01 8.781313473256601165e-01
8.592692828146143436e-01 8.788083953960731387e-01
8.606224627875507238e-01 8.788083953960731387e-01
8.606224627875507238e-01 8.801624915368990720e-01
8.626522327469553497e-01 8.801624915368990720e-01
8.626522327469553497e-01 8.808395396073120942e-01
8.640054127198917300e-01 8.808395396073120942e-01
8.653585926928281102e-01 8.808395396073120942e-01
8.653585926928281102e-01 8.821936357481381386e-01
8.667117726657646015e-01 8.821936357481381386e-01
8.667117726657646015e-01 8.828706838185511607e-01
8.673883626522327361e-01 8.828706838185511607e-01
8.673883626522327361e-01 8.835477318889640719e-01
8.687415426251691164e-01 8.835477318889640719e-01
8.687415426251691164e-01 8.855788761002031384e-01
8.694181326116373620e-01 8.855788761002031384e-01
8.694181326116373620e-01 8.869329722410290717e-01
8.707713125845737423e-01 8.869329722410290717e-01
8.707713125845737423e-01 8.876100203114420939e-01
8.714479025710419879e-01 8.876100203114420939e-01
8.728010825439783682e-01 8.876100203114420939e-01
8.734776725304465028e-01 8.876100203114420939e-01
8.734776725304465028e-01 8.896411645226811604e-01
8.741542625169147485e-01 8.896411645226811604e-01
8.741542625169147485e-01 8.903182125930940716e-01
8.748308525033829941e-01 8.903182125930940716e-01
8.748308525033829941e-01 8.916723087339201159e-01
8.755074424898511287e-01 8.916723087339201159e-01
8.755074424898511287e-01 8.923493568043331381e-01
8.768606224627875090e-01 8.923493568043331381e-01
8.782138024357240003e-01 8.923493568043331381e-01
8.795669824086603805e-01 8.923493568043331381e-01
8.802435723951285151e-01 8.923493568043331381e-01
8.802435723951285151e-01 8.937034529451590714e-01
8.815967523680650064e-01 8.937034529451590714e-01
8.815967523680650064e-01 8.957345971563981379e-01
8.829499323410013867e-01 8.957345971563981379e-01
8.829499323410013867e-01 8.964116452268110491e-01
8.843031123139377669e-01 8.964116452268110491e-01
8.843031123139377669e-01 8.977657413676370934e-01
8.849797023004059016e-01 8.977657413676370934e-01
8.863328822733423928e-01 8.977657413676370934e-01
8.863328822733423928e-01 8.991198375084631378e-01
8.897158322056833990e-01 8.991198375084631378e-01
8.897158322056833990e-01 8.997968855788760489e-01
8.910690121786197793e-01 8.997968855788760489e-01
8.910690121786197793e-01 9.004739336492890711e-01
8.917456021650879139e-01 9.004739336492890711e-01
8.917456021650879139e-01 9.018280297901151155e-01
8.924221921515561595e-01 9.018280297901151155e-01
8.924221921515561595e-01 9.025050778605281376e-01
8.930987821380244052e-01 9.025050778605281376e-01
8.930987821380244052e-01 9.031821259309410488e-01
8.951285520974289200e-01 9.031821259309410488e-01
8.978349120433017916e-01 9.031821259309410488e-01
8.978349120433017916e-01 9.038591740013540710e-01
8.991880920162381718e-01 9.038591740013540710e-01
8.991880920162381718e-01 9.045362220717670931e-01
9.012178619756427977e-01 9.045362220717670931e-01
9.012178619756427977e-01 9.052132701421801153e-01
9.018944519621109324e-01 9.052132701421801153e-01
9.018944519621109324e-01 9.072444143534190708e-01
9.025710419485791780e-01 9.072444143534190708e-01
9.025710419485791780e-01 9.079214624238320930e-01
9.039242219215155583e-01 9.079214624238320930e-01
9.059539918809201842e-01 9.079214624238320930e-01
9.059539918809201842e-01 9.085985104942451152e-01
9.073071718538565644e-01 9.085985104942451152e-01
9.073071718538565644e-01 9.092755585646581373e-01
9.079837618403248101e-01 9.092755585646581373e-01
9.079837618403248101e-01 9.106296547054840707e-01
9.093369418132611903e-01 9.106296547054840707e-01
9.100135317997293249e-01 9.106296547054840707e-01
9.100135317997293249e-01 9.113067027758970928e-01
9.106901217861975706e-01 9.113067027758970928e-01
9.106901217861975706e-01 9.126607989167231372e-01
9.113667117726658162e-01 9.126607989167231372e-01
9.113667117726658162e-01 9.133378469871360483e-01
9.133964817320703311e-01 9.133378469871360483e-01
9.147496617050067114e-01 9.133378469871360483e-01
9.147496617050067114e-01 9.140148950575490705e-01
9.154262516914749570e-01 9.140148950575490705e-01
9.154262516914749570e-01 9.146919431279620927e-01
9.167794316644113373e-01 9.146919431279620927e-01
9.181326116373477175e-01 9.146919431279620927e-01
9.194857916102842088e-01 9.146919431279620927e-01
9.201623815967523434e-01 9.146919431279620927e-01
9.201623815967523434e-01 9.153689911983751148e-01
9.208389715832205891e-01 9.153689911983751148e-01
9.208389715832205891e-01 9.160460392687881370e-01
9.228687415426252150e-01 9.160460392687881370e-01
9.228687415426252150e-01 9.201083276912660480e-01
9.235453315290933496e-01 9.201083276912660480e-01
9.235453315290933496e-01 9.221394719025051145e-01
9.242219215155615952e-01 9.221394719025051145e-01
9.242219215155615952e-01 9.228165199729180257e-01
9.248985115020297298e-01 9.228165199729180257e-01
9.248985115020297298e-01 9.234935680433310479e-01
9.255751014884979755e-01 9.234935680433310479e-01
9.255751014884979755e-01 9.248476641841570922e-01
9.262516914749662211e-01 9.248476641841570922e-01
9.262516914749662211e-01 9.255247122545701144e-01
9.269282814614343557e-01 9.255247122545701144e-01
9.269282814614343557e-01 9.268788083953960477e-01
9.276048714479026014e-01 9.268788083953960477e-01
9.282814614343707360e-01 9.275558564658090699e-01
9.282814614343707360e-01 9.282329045362220921e-01
9.289580514208389816e-01 9.282329045362220921e-01
9.289580514208389816e-01 9.289099526066351142e-01
9.316644113667117422e-01 9.289099526066351142e-01
9.316644113667117422e-01 9.322951929587001141e-01
9.330175913396481224e-01 9.322951929587001141e-01
9.330175913396481224e-01 9.343263371699390696e-01
9.343707713125846137e-01 9.343263371699390696e-01
9.350473612990527483e-01 9.343263371699390696e-01
9.350473612990527483e-01 9.383886255924170916e-01
9.357239512855209940e-01 9.383886255924170916e-01
9.357239512855209940e-01 9.424509140148950026e-01
9.377537212449256199e-01 9.424509140148950026e-01
9.377537212449256199e-01 9.431279620853080248e-01
9.384303112313937545e-01 9.431279620853080248e-01
9.384303112313937545e-01 9.465132024373730246e-01
9.391069012178620001e-01 9.465132024373730246e-01
9.391069012178620001e-01 9.471902505077860468e-01
9.411366711772666260e-01 9.471902505077860468e-01
9.411366711772666260e-01 9.478672985781990690e-01
9.431664411366711409e-01 9.478672985781990690e-01
9.451962110960757668e-01 9.478672985781990690e-01
9.451962110960757668e-01 9.485443466486120911e-01
9.458728010825440125e-01 9.485443466486120911e-01
9.472259810554803927e-01 9.485443466486120911e-01
9.479025710419485273e-01 9.485443466486120911e-01
9.492557510148850186e-01 9.485443466486120911e-01
9.519621109607577791e-01 9.485443466486120911e-01
9.519621109607577791e-01 9.492213947190250023e-01
9.526387009472260248e-01 9.492213947190250023e-01
9.526387009472260248e-01 9.532836831415030243e-01
9.539918809201624050e-01 9.532836831415030243e-01
9.539918809201624050e-01 9.539607312119160465e-01
9.546684709066305397e-01 9.539607312119160465e-01
9.546684709066305397e-01 9.566689234935680242e-01
9.573748308525034112e-01 9.566689234935680242e-01
9.573748308525034112e-01 9.580230196343940685e-01
9.580514208389715458e-01 9.580230196343940685e-01
9.580514208389715458e-01 9.600541638456330240e-01
9.594046008119080371e-01 9.600541638456330240e-01
9.594046008119080371e-01 9.641164522681110460e-01
9.607577807848444174e-01 9.641164522681110460e-01
9.607577807848444174e-01 9.708869329722410457e-01
9.614343707713125520e-01 9.708869329722410457e-01
9.627875507442489322e-01 9.708869329722410457e-01
9.634641407307171779e-01 9.708869329722410457e-01
9.634641407307171779e-01 9.715639810426540679e-01
9.648173207036535581e-01 9.715639810426540679e-01
9.654939106901218038e-01 9.715639810426540679e-01
9.654939106901218038e-01 9.729180771834800012e-01
9.668470906630581840e-01 9.729180771834800012e-01
9.682002706359945643e-01 9.729180771834800012e-01
9.682002706359945643e-01 9.735951252538930234e-01
9.688768606224628099e-01 9.735951252538930234e-01
9.688768606224628099e-01 9.742721733243060456e-01
9.695534506089309446e-01 9.742721733243060456e-01
9.695534506089309446e-01 9.763033175355450011e-01
9.709066305818674358e-01 9.763033175355450011e-01
9.709066305818674358e-01 9.769803656059580232e-01
9.715832205683355705e-01 9.769803656059580232e-01
9.715832205683355705e-01 9.796885578876100009e-01
9.722598105548038161e-01 9.796885578876100009e-01
9.722598105548038161e-01 9.803656059580230231e-01
9.729364005412719507e-01 9.803656059580230231e-01
9.729364005412719507e-01 9.810426540284360453e-01
9.736129905277401964e-01 9.810426540284360453e-01
9.736129905277401964e-01 9.823967501692619786e-01
9.742895805142084420e-01 9.823967501692619786e-01
9.769959404600812025e-01 9.823967501692619786e-01
9.769959404600812025e-01 9.851049424509140673e-01
9.776725304465493371e-01 9.851049424509140673e-01
9.776725304465493371e-01 9.857819905213269784e-01
9.790257104194858284e-01 9.857819905213269784e-01
9.790257104194858284e-01 9.878131347325660450e-01
9.797023004059539630e-01 9.878131347325660450e-01
9.797023004059539630e-01 9.884901828029789561e-01
9.803788903924222087e-01 9.884901828029789561e-01
9.803788903924222087e-01 9.911983750846310448e-01
9.817320703653585889e-01 9.911983750846310448e-01
9.824086603518268346e-01 9.911983750846310448e-01
9.824086603518268346e-01 9.918754231550439560e-01
9.851150202976995951e-01 9.918754231550439560e-01
9.851150202976995951e-01 9.925524712254569781e-01
9.864682002706359754e-01 9.925524712254569781e-01
9.871447902571042210e-01 9.925524712254569781e-01
9.871447902571042210e-01 9.939065673662830225e-01
9.884979702300406013e-01 9.939065673662830225e-01
9.905277401894452272e-01 9.939065673662830225e-01
9.905277401894452272e-01 9.952606635071089558e-01
9.912043301759133618e-01 9.952606635071089558e-01
9.912043301759133618e-01 9.959377115775219780e-01
9.918809201623816074e-01 9.959377115775219780e-01
9.918809201623816074e-01 9.979688557887610445e-01
9.932341001353179877e-01 9.979688557887610445e-01
9.945872801082543679e-01 9.979688557887610445e-01
9.979702300405953741e-01 9.979688557887610445e-01
9.979702300405953741e-01 9.993229519295869778e-01
9.986468200270636197e-01 9.993229519295869778e-01
9.986468200270636197e-01 1.000000000000000000e+00
1.000000000000000000e+00 1.000000000000000000e+00
