# auc=0.756
# acc=0.686
0.000000000000000000e+00 0.000000000000000000e+00
0.000000000000000000e+00 6.770480704129992972e-04
0.000000000000000000e+00 6.093432633716994173e-02
0.000000000000000000e+00 6.228842247799593751e-02
0.000000000000000000e+00 1.184834123222748836e-01
6.765899864682003214e-04 1.184834123222748836e-01
6.765899864682003214e-04 1.563981042654028486e-01
1.353179972936400643e-03 1.563981042654028486e-01
1.353179972936400643e-03 1.672308733920108426e-01
2.029769959404600747e-03 1.672308733920108426e-01
2.029769959404600747e-03 1.800947867298578198e-01
2.706359945872801286e-03 1.800947867298578198e-01
2.706359945872801286e-03 1.861882193635748250e-01
3.382949932341001390e-03 1.861882193635748250e-01
3.382949932341001390e-03 2.004062288422477911e-01
4.059539918809201495e-03 2.004062288422477911e-01
4.059539918809201495e-03 2.092078537576168018e-01
4.736129905277402033e-03 2.092078537576168018e-01
4.736129905277402033e-03 2.105619498984427906e-01
5.412719891745602571e-03 2.105619498984427906e-01
5.412719891745602571e-03 2.173324306025727903e-01
6.089309878213802242e-03 2.173324306025727903e-01
6.089309878213802242e-03 2.207176709546377902e-01
6.765899864682002780e-03 2.207176709546377902e-01
6.765899864682002780e-03 2.281651997291807843e-01
7.442489851150203319e-03 2.281651997291807843e-01
7.442489851150203319e-03 2.308733920108327620e-01
8.119079837618402989e-03 2.308733920108327620e-01
8.119079837618402989e-03 2.403520649966147671e-01
9.472259810554804066e-03 2.403520649966147671e-01
9.472259810554804066e-03 2.498307379823967445e-01
1.014884979702300460e-02 2.498307379823967445e-01
1.014884979702300460e-02 2.613405551794177328e-01
1.082543978349120514e-02 2.613405551794177328e-01
1.082543978349120514e-02 2.647257955314827327e-01
1.150202976995940395e-02 2.647257955314827327e-01
1.150202976995940395e-02 2.654028436018957549e-01
1.217861975642760448e-02 2.654028436018957549e-01
1.217861975642760448e-02 2.681110358835477325e-01
1.353179972936400556e-02 2.681110358835477325e-01
1.353179972936400556e-02 2.701421800947867435e-01
1.623815967523680598e-02 2.701421800947867435e-01
1.623815967523680598e-02 2.721733243060257545e-01
1.759133964817320706e-02 2.721733243060257545e-01
1.759133964817320706e-02 2.782667569397427321e-01
1.826792963464140759e-02 2.782667569397427321e-01
1.962110960757780867e-02 2.782667569397427321e-01
2.029769959404600921e-02 2.782667569397427321e-01
2.029769959404600921e-02 2.823290453622206986e-01
2.097428958051420975e-02 2.823290453622206986e-01
2.097428958051420975e-02 2.830060934326337208e-01
2.232746955345060735e-02 2.830060934326337208e-01
2.232746955345060735e-02 2.897765741367637204e-01
2.300405953991880789e-02 2.897765741367637204e-01
2.300405953991880789e-02 2.911306702775897093e-01
2.368064952638700843e-02 2.911306702775897093e-01
2.368064952638700843e-02 2.999322951929587200e-01
2.435723951285520897e-02 2.999322951929587200e-01
2.435723951285520897e-02 3.094109681787406974e-01
2.503382949932340951e-02 3.094109681787406974e-01
2.503382949932340951e-02 3.107650643195666862e-01
2.571041948579161004e-02 3.107650643195666862e-01
2.774018944519621166e-02 3.107650643195666862e-01
2.774018944519621166e-02 3.121191604603926750e-01
2.841677943166441220e-02 3.121191604603926750e-01
2.841677943166441220e-02 3.134732566012186639e-01
2.909336941813261274e-02 3.134732566012186639e-01
2.909336941813261274e-02 3.155044008124576749e-01
2.976995940460081327e-02 3.155044008124576749e-01
2.976995940460081327e-02 3.182125930941097081e-01
3.044654939106901381e-02 3.182125930941097081e-01
3.044654939106901381e-02 3.188896411645226747e-01
3.179972936400541489e-02 3.188896411645226747e-01
3.179972936400541489e-02 3.202437373053486636e-01
3.247631935047361196e-02 3.202437373053486636e-01
3.247631935047361196e-02 3.276912660798916854e-01
3.315290933694181597e-02 3.276912660798916854e-01
3.315290933694181597e-02 3.283683141503046521e-01
3.382949932341001303e-02 3.283683141503046521e-01
3.585926928281461118e-02 3.283683141503046521e-01
3.653585926928281519e-02 3.283683141503046521e-01
3.653585926928281519e-02 3.303994583615436631e-01
3.721244925575101226e-02 3.303994583615436631e-01
3.721244925575101226e-02 3.324306025727826741e-01
3.788903924221921626e-02 3.324306025727826741e-01
3.788903924221921626e-02 3.351387948544346518e-01
3.924221921515561734e-02 3.351387948544346518e-01
3.924221921515561734e-02 3.371699390656736628e-01
3.991880920162381441e-02 3.371699390656736628e-01
3.991880920162381441e-02 3.392010832769126738e-01
4.127198917456021549e-02 3.392010832769126738e-01
4.127198917456021549e-02 3.425863236289776736e-01
4.194857916102841949e-02 3.425863236289776736e-01
4.194857916102841949e-02 3.432633716993906403e-01
4.262516914749661656e-02 3.432633716993906403e-01
4.262516914749661656e-02 3.459715639810426735e-01
4.330175913396482057e-02 3.459715639810426735e-01
4.330175913396482057e-02 3.480027081922816290e-01
4.397834912043301764e-02 3.480027081922816290e-01
4.397834912043301764e-02 3.520649966147596510e-01
4.465493910690121471e-02 3.520649966147596510e-01
4.465493910690121471e-02 3.527420446851726732e-01
4.600811907983761578e-02 3.527420446851726732e-01
4.600811907983761578e-02 3.554502369668246509e-01
4.668470906630581979e-02 3.554502369668246509e-01
4.668470906630581979e-02 3.588354773188896507e-01
4.736129905277401686e-02 3.588354773188896507e-01
4.736129905277401686e-02 3.595125253893026174e-01
4.871447902571041794e-02 3.595125253893026174e-01
4.871447902571041794e-02 3.601895734597156395e-01
4.939106901217862194e-02 3.601895734597156395e-01
4.939106901217862194e-02 3.608666215301286617e-01
5.006765899864681901e-02 3.608666215301286617e-01
5.006765899864681901e-02 3.615436696005416284e-01
5.074424898511502302e-02 3.615436696005416284e-01
5.074424898511502302e-02 3.683141503046716281e-01
5.209742895805142410e-02 3.683141503046716281e-01
5.209742895805142410e-02 3.696682464454976169e-01
5.548037889039242332e-02 3.696682464454976169e-01
5.548037889039242332e-02 3.703452945159106391e-01
5.615696887686062039e-02 3.703452945159106391e-01
5.615696887686062039e-02 3.710223425863236058e-01
5.683355886332882440e-02 3.710223425863236058e-01
5.683355886332882440e-02 3.723764387271496501e-01
5.818673883626522547e-02 3.723764387271496501e-01
5.953991880920162655e-02 3.723764387271496501e-01
5.953991880920162655e-02 3.730534867975626168e-01
6.021650879566982362e-02 3.730534867975626168e-01
6.021650879566982362e-02 3.744075829383886056e-01
6.156968876860622469e-02 3.744075829383886056e-01
6.224627875507442176e-02 3.744075829383886056e-01
6.224627875507442176e-02 3.798239675016926165e-01
6.292286874154262577e-02 3.798239675016926165e-01
6.292286874154262577e-02 3.845633039945836051e-01
6.359945872801082978e-02 3.845633039945836051e-01
6.359945872801082978e-02 3.859174001354095940e-01
6.630581867388363193e-02 3.859174001354095940e-01
6.765899864682002607e-02 3.859174001354095940e-01
6.765899864682002607e-02 3.886255924170616272e-01
6.833558863328823008e-02 3.886255924170616272e-01
6.833558863328823008e-02 3.893026404874745938e-01
6.968876860622462421e-02 3.893026404874745938e-01
6.968876860622462421e-02 3.920108327691266270e-01
7.036535859269282822e-02 3.920108327691266270e-01
7.036535859269282822e-02 3.953960731211916269e-01
7.171853856562922236e-02 3.953960731211916269e-01
7.239512855209742637e-02 3.953960731211916269e-01
7.239512855209742637e-02 3.981042654028436045e-01
7.510148849797022852e-02 3.981042654028436045e-01
7.510148849797022852e-02 3.994583615436695934e-01
7.577807848443843253e-02 3.994583615436695934e-01
7.577807848443843253e-02 4.021665538253215710e-01
7.713125845737482666e-02 4.021665538253215710e-01
7.713125845737482666e-02 4.041976980365605820e-01
7.780784844384303067e-02 4.041976980365605820e-01
7.780784844384303067e-02 4.055517941773865709e-01
7.916102841677942481e-02 4.055517941773865709e-01
7.916102841677942481e-02 4.069058903182126152e-01
7.983761840324762882e-02 4.069058903182126152e-01
7.983761840324762882e-02 4.075829383886255819e-01
8.119079837618403683e-02 4.075829383886255819e-01
8.119079837618403683e-02 4.082599864590386041e-01
8.186738836265222696e-02 4.082599864590386041e-01
8.186738836265222696e-02 4.109681787406905817e-01
8.254397834912043097e-02 4.109681787406905817e-01
8.254397834912043097e-02 4.123222748815165706e-01
8.389715832205683899e-02 4.123222748815165706e-01
8.457374830852502912e-02 4.123222748815165706e-01
8.457374830852502912e-02 4.143534190927555816e-01
8.592692828146143713e-02 4.143534190927555816e-01
8.592692828146143713e-02 4.177386594448205814e-01
8.660351826792964114e-02 4.177386594448205814e-01
8.660351826792964114e-02 4.184157075152336036e-01
8.728010825439783127e-02 4.184157075152336036e-01
8.728010825439783127e-02 4.190927555856465703e-01
8.795669824086603528e-02 4.190927555856465703e-01
8.795669824086603528e-02 4.211238997968855813e-01
8.863328822733423928e-02 4.211238997968855813e-01
8.863328822733423928e-02 4.218009478672986035e-01
8.930987821380242941e-02 4.218009478672986035e-01
8.930987821380242941e-02 4.231550440081245923e-01
9.066305818673883743e-02 4.231550440081245923e-01
9.066305818673883743e-02 4.245091401489505811e-01
9.201623815967523157e-02 4.245091401489505811e-01
9.336941813261163958e-02 4.245091401489505811e-01
9.404600811907984359e-02 4.245091401489505811e-01
9.404600811907984359e-02 4.272173324306025588e-01
9.472259810554803372e-02 4.272173324306025588e-01
9.472259810554803372e-02 4.278943805010155810e-01
9.539918809201623773e-02 4.278943805010155810e-01
9.539918809201623773e-02 4.292484766418415698e-01
9.607577807848444174e-02 4.292484766418415698e-01
9.607577807848444174e-02 4.312796208530805808e-01
9.742895805142083587e-02 4.312796208530805808e-01
9.742895805142083587e-02 4.319566689234935475e-01
9.810554803788903988e-02 4.319566689234935475e-01
9.810554803788903988e-02 4.333107650643195918e-01
9.945872801082543402e-02 4.333107650643195918e-01
9.945872801082543402e-02 4.360189573459715695e-01
1.001353179972936380e-01 4.360189573459715695e-01
1.001353179972936380e-01 4.366960054163845362e-01
1.014884979702300460e-01 4.366960054163845362e-01
1.014884979702300460e-01 4.387271496276235472e-01
1.021650879566982362e-01 4.387271496276235472e-01
1.021650879566982362e-01 4.394041976980365694e-01
1.028416779431664402e-01 4.394041976980365694e-01
1.028416779431664402e-01 4.427894380501015692e-01
1.041948579161028482e-01 4.427894380501015692e-01
1.041948579161028482e-01 4.434664861205145359e-01
1.048714479025710383e-01 4.434664861205145359e-01
1.048714479025710383e-01 4.461746784021665690e-01
1.055480378890392423e-01 4.461746784021665690e-01
1.055480378890392423e-01 4.536222071767095354e-01
1.062246278755074463e-01 4.536222071767095354e-01
1.062246278755074463e-01 4.597156398104265129e-01
1.069012178619756365e-01 4.597156398104265129e-01
1.069012178619756365e-01 4.603926878808395351e-01
1.075778078484438405e-01 4.603926878808395351e-01
1.075778078484438405e-01 4.651320243737305238e-01
1.082543978349120445e-01 4.651320243737305238e-01
1.082543978349120445e-01 4.658090724441435460e-01
1.089309878213802485e-01 4.658090724441435460e-01
1.102841677943166426e-01 4.658090724441435460e-01
1.102841677943166426e-01 4.671631685849695348e-01
1.109607577807848466e-01 4.671631685849695348e-01
1.123139377537212408e-01 4.671631685849695348e-01
1.123139377537212408e-01 4.698713608666215125e-01
1.129905277401894448e-01 4.698713608666215125e-01
1.129905277401894448e-01 4.712254570074475013e-01
1.136671177266576488e-01 4.712254570074475013e-01
1.136671177266576488e-01 4.719025050778605235e-01
1.143437077131258389e-01 4.719025050778605235e-01
1.143437077131258389e-01 4.732566012186865123e-01
1.156968876860622469e-01 4.732566012186865123e-01
1.156968876860622469e-01 4.739336492890995345e-01
1.163734776725304509e-01 4.739336492890995345e-01
1.163734776725304509e-01 4.759647935003385455e-01
1.170500676589986411e-01 4.759647935003385455e-01
1.184032476319350491e-01 4.759647935003385455e-01
1.184032476319350491e-01 4.773188896411645343e-01
1.190798376184032531e-01 4.773188896411645343e-01
1.190798376184032531e-01 4.800270819228165120e-01
1.224627875507442454e-01 4.800270819228165120e-01
1.224627875507442454e-01 4.807041299932295342e-01
1.231393775372124494e-01 4.807041299932295342e-01
1.231393775372124494e-01 4.820582261340555230e-01
1.238159675236806534e-01 4.820582261340555230e-01
1.238159675236806534e-01 4.840893703452945340e-01
1.251691474966170614e-01 4.840893703452945340e-01
1.251691474966170614e-01 4.854434664861205229e-01
1.271989174560216596e-01 4.854434664861205229e-01
1.271989174560216596e-01 4.861205145565334895e-01
1.285520974289580398e-01 4.861205145565334895e-01
1.285520974289580398e-01 4.874746106973595339e-01
1.299052774018944478e-01 4.874746106973595339e-01
1.299052774018944478e-01 4.881516587677725005e-01
1.305818673883626657e-01 4.881516587677725005e-01
1.305818673883626657e-01 4.888287068381855227e-01
1.312584573748308558e-01 4.888287068381855227e-01
1.312584573748308558e-01 4.915368991198375004e-01
1.326116373477672639e-01 4.915368991198375004e-01
1.332882273342354540e-01 4.915368991198375004e-01
1.332882273342354540e-01 4.935680433310765114e-01
1.339648173207036441e-01 4.935680433310765114e-01
1.339648173207036441e-01 4.949221394719025002e-01
1.353179972936400521e-01 4.949221394719025002e-01
1.353179972936400521e-01 4.962762356127284891e-01
1.359945872801082423e-01 4.962762356127284891e-01
1.359945872801082423e-01 4.996614759647934889e-01
1.380243572395128682e-01 4.996614759647934889e-01
1.380243572395128682e-01 5.023696682464454666e-01
1.387009472259810583e-01 5.023696682464454666e-01
1.387009472259810583e-01 5.044008124576845331e-01
1.393775372124492484e-01 5.044008124576845331e-01
1.393775372124492484e-01 5.064319566689234886e-01
1.407307171853856564e-01 5.064319566689234886e-01
1.407307171853856564e-01 5.098171970209884885e-01
1.414073071718538466e-01 5.098171970209884885e-01
1.414073071718538466e-01 5.125253893026404661e-01
1.441136671177266626e-01 5.125253893026404661e-01
1.441136671177266626e-01 5.138794854434665105e-01
1.447902571041948527e-01 5.138794854434665105e-01
1.474966170500676688e-01 5.138794854434665105e-01
1.481732070365358589e-01 5.138794854434665105e-01
1.481732070365358589e-01 5.152335815842924438e-01
1.495263870094722669e-01 5.152335815842924438e-01
1.508795669824086472e-01 5.152335815842924438e-01
1.508795669824086472e-01 5.159106296547054660e-01
1.515561569688768651e-01 5.159106296547054660e-01
1.515561569688768651e-01 5.165876777251184881e-01
1.522327469553450552e-01 5.165876777251184881e-01
1.522327469553450552e-01 5.179417738659445325e-01
1.529093369418132731e-01 5.179417738659445325e-01
1.529093369418132731e-01 5.233581584292484878e-01
1.535859269282814632e-01 5.233581584292484878e-01
1.535859269282814632e-01 5.247122545700744212e-01
1.549391069012178712e-01 5.247122545700744212e-01
1.569688768606224694e-01 5.247122545700744212e-01
1.569688768606224694e-01 5.267433987813134877e-01
1.583220568335588496e-01 5.267433987813134877e-01
1.583220568335588496e-01 5.294515910629654654e-01
1.589986468200270675e-01 5.294515910629654654e-01
1.589986468200270675e-01 5.321597833446174430e-01
1.596752368064952576e-01 5.321597833446174430e-01
1.596752368064952576e-01 5.341909275558565096e-01
1.610284167794316657e-01 5.341909275558565096e-01
1.610284167794316657e-01 5.348679756262694207e-01
1.644113667117726718e-01 5.348679756262694207e-01
1.644113667117726718e-01 5.368991198375084872e-01
1.650879566982408619e-01 5.368991198375084872e-01
1.650879566982408619e-01 5.416384563303994204e-01
1.657645466847090798e-01 5.416384563303994204e-01
1.657645466847090798e-01 5.463777928232904646e-01
1.664411366711772700e-01 5.463777928232904646e-01
1.664411366711772700e-01 5.517941773865944199e-01
1.671177266576454601e-01 5.517941773865944199e-01
1.671177266576454601e-01 5.524712254570074421e-01
1.677943166441136780e-01 5.524712254570074421e-01
1.677943166441136780e-01 5.565335138794854641e-01
1.684709066305818681e-01 5.565335138794854641e-01
1.684709066305818681e-01 5.592417061611374418e-01
1.691474966170500582e-01 5.592417061611374418e-01
1.691474966170500582e-01 5.605958023019634862e-01
1.711772665764546564e-01 5.605958023019634862e-01
1.711772665764546564e-01 5.626269465132024417e-01
1.718538565629228743e-01 5.626269465132024417e-01
1.718538565629228743e-01 5.646580907244413972e-01
1.725304465493910644e-01 5.646580907244413972e-01
1.725304465493910644e-01 5.660121868652674415e-01
1.738836265223274724e-01 5.660121868652674415e-01
1.738836265223274724e-01 5.673662830060934859e-01
1.752368064952638804e-01 5.673662830060934859e-01
1.759133964817320706e-01 5.673662830060934859e-01
1.759133964817320706e-01 5.680433310765063970e-01
1.765899864682002607e-01 5.680433310765063970e-01
1.765899864682002607e-01 5.687203791469194192e-01
1.779431664411366687e-01 5.687203791469194192e-01
1.779431664411366687e-01 5.693974272173324414e-01
1.792963464140730767e-01 5.693974272173324414e-01
1.792963464140730767e-01 5.714285714285713969e-01
1.799729364005412668e-01 5.714285714285713969e-01
1.799729364005412668e-01 5.721056194989844190e-01
1.813261163734776749e-01 5.721056194989844190e-01
1.813261163734776749e-01 5.727826675693974412e-01
1.820027063599458650e-01 5.727826675693974412e-01
1.833558863328822730e-01 5.727826675693974412e-01
1.833558863328822730e-01 5.748138117806363967e-01
1.860622462787550613e-01 5.748138117806363967e-01
1.860622462787550613e-01 5.761679079214624410e-01
1.867388362652232792e-01 5.761679079214624410e-01
1.867388362652232792e-01 5.775220040622883744e-01
1.894451962110960674e-01 5.775220040622883744e-01
1.894451962110960674e-01 5.781990521327013965e-01
1.907983761840324755e-01 5.781990521327013965e-01
1.914749661705006656e-01 5.781990521327013965e-01
1.914749661705006656e-01 5.795531482735274409e-01
1.928281461434370736e-01 5.795531482735274409e-01
1.928281461434370736e-01 5.836154366960054629e-01
1.935047361299052637e-01 5.836154366960054629e-01
1.935047361299052637e-01 5.849695328368313962e-01
1.941813261163734816e-01 5.849695328368313962e-01
1.941813261163734816e-01 5.856465809072444184e-01
1.955345060893098896e-01 5.856465809072444184e-01
1.955345060893098896e-01 5.876777251184833739e-01
1.962110960757780798e-01 5.876777251184833739e-01
1.962110960757780798e-01 5.917400135409613959e-01
1.968876860622462699e-01 5.917400135409613959e-01
1.968876860622462699e-01 5.930941096817874403e-01
1.989174560216508680e-01 5.930941096817874403e-01
1.989174560216508680e-01 5.937711577522003514e-01
2.002706359945872761e-01 5.937711577522003514e-01
2.002706359945872761e-01 5.944482058226133736e-01
2.009472259810554939e-01 5.944482058226133736e-01
2.009472259810554939e-01 5.958023019634394180e-01
2.016238159675236841e-01 5.958023019634394180e-01
2.016238159675236841e-01 5.978334461746783735e-01
2.029769959404600921e-01 5.978334461746783735e-01
2.029769959404600921e-01 5.991875423155044178e-01
2.043301759133964723e-01 5.991875423155044178e-01
2.043301759133964723e-01 5.998645903859174400e-01
2.056833558863328804e-01 5.998645903859174400e-01
2.056833558863328804e-01 6.012186865267433733e-01
2.063599458728010705e-01 6.012186865267433733e-01
2.063599458728010705e-01 6.025727826675694176e-01
2.090663058186738865e-01 6.025727826675694176e-01
2.090663058186738865e-01 6.032498307379824398e-01
2.097428958051420766e-01 6.032498307379824398e-01
2.110960757780784847e-01 6.032498307379824398e-01
2.124492557510148927e-01 6.032498307379824398e-01
2.124492557510148927e-01 6.066350710900474397e-01
2.131258457374830828e-01 6.066350710900474397e-01
2.131258457374830828e-01 6.079891672308733730e-01
2.138024357239512729e-01 6.079891672308733730e-01
2.138024357239512729e-01 6.086662153012863952e-01
2.151556156968876810e-01 6.086662153012863952e-01
2.151556156968876810e-01 6.093432633716994173e-01
2.158322056833558988e-01 6.093432633716994173e-01
2.158322056833558988e-01 6.134055517941774394e-01
2.192151556156968772e-01 6.134055517941774394e-01
2.192151556156968772e-01 6.140825998645903505e-01
2.219215155615696933e-01 6.140825998645903505e-01
2.232746955345061013e-01 6.140825998645903505e-01
2.253044654939106994e-01 6.140825998645903505e-01
2.253044654939106994e-01 6.147596479350033727e-01
2.259810554803788896e-01 6.147596479350033727e-01
2.259810554803788896e-01 6.181448882870683725e-01
2.273342354533152976e-01 6.181448882870683725e-01
2.273342354533152976e-01 6.188219363574813947e-01
2.293640054127198957e-01 6.188219363574813947e-01
2.293640054127198957e-01 6.194989844278944169e-01
2.300405953991880859e-01 6.194989844278944169e-01
2.300405953991880859e-01 6.208530805687203502e-01
2.307171853856563037e-01 6.208530805687203502e-01
2.320703653585926840e-01 6.208530805687203502e-01
2.320703653585926840e-01 6.235612728503723279e-01
2.327469553450609019e-01 6.235612728503723279e-01
2.327469553450609019e-01 6.249153689911983722e-01
2.347767253044655000e-01 6.249153689911983722e-01
2.354533152909336902e-01 6.249153689911983722e-01
2.354533152909336902e-01 6.255924170616113944e-01
2.408660351826792945e-01 6.255924170616113944e-01
2.408660351826792945e-01 6.269465132024373277e-01
2.415426251691474846e-01 6.269465132024373277e-01
2.415426251691474846e-01 6.289776574136763942e-01
2.422192151556157025e-01 6.289776574136763942e-01
2.422192151556157025e-01 6.296547054840894164e-01
2.428958051420838926e-01 6.296547054840894164e-01
2.428958051420838926e-01 6.303317535545023276e-01
2.435723951285521105e-01 6.303317535545023276e-01
2.435723951285521105e-01 6.316858496953283719e-01
2.442489851150203006e-01 6.316858496953283719e-01
2.442489851150203006e-01 6.323628977657413941e-01
2.449255751014884908e-01 6.323628977657413941e-01
2.449255751014884908e-01 6.337169939065673274e-01
2.469553450608930889e-01 6.337169939065673274e-01
2.469553450608930889e-01 6.343940419769803496e-01
2.489851150202976870e-01 6.343940419769803496e-01
2.489851150202976870e-01 6.350710900473933718e-01
2.496617050067659049e-01 6.350710900473933718e-01
2.510148849797023130e-01 6.350710900473933718e-01
2.523680649526386932e-01 6.350710900473933718e-01
2.523680649526386932e-01 6.364251861882194161e-01
2.543978349120433191e-01 6.364251861882194161e-01
2.543978349120433191e-01 6.377792823290453494e-01
2.557510148849796994e-01 6.377792823290453494e-01
2.584573748308525154e-01 6.377792823290453494e-01
2.591339648173207055e-01 6.377792823290453494e-01
2.591339648173207055e-01 6.384563303994583716e-01
2.598105548037888957e-01 6.384563303994583716e-01
2.598105548037888957e-01 6.398104265402843049e-01
2.611637347767253314e-01 6.398104265402843049e-01
2.611637347767253314e-01 6.411645226811103493e-01
2.625169147496617117e-01 6.411645226811103493e-01
2.625169147496617117e-01 6.418415707515233715e-01
2.638700947225980920e-01 6.418415707515233715e-01
2.645466847090662821e-01 6.418415707515233715e-01
2.645466847090662821e-01 6.431956668923493048e-01
2.652232746955345277e-01 6.431956668923493048e-01
2.652232746955345277e-01 6.438727149627623270e-01
2.658998646820027179e-01 6.438727149627623270e-01
2.658998646820027179e-01 6.445497630331753491e-01
2.665764546684709080e-01 6.445497630331753491e-01
2.665764546684709080e-01 6.452268111035883713e-01
2.672530446549390981e-01 6.452268111035883713e-01
2.686062246278755339e-01 6.452268111035883713e-01
2.706359945872801043e-01 6.452268111035883713e-01
2.706359945872801043e-01 6.465809072444143046e-01
2.719891745602164845e-01 6.465809072444143046e-01
2.719891745602164845e-01 6.472579553148273268e-01
2.726657645466847302e-01 6.472579553148273268e-01
2.726657645466847302e-01 6.479350033852403490e-01
2.740189445196211104e-01 6.479350033852403490e-01
2.740189445196211104e-01 6.492890995260663933e-01
2.746955345060893006e-01 6.492890995260663933e-01
2.746955345060893006e-01 6.499661475964793045e-01
2.753721244925574907e-01 6.499661475964793045e-01
2.753721244925574907e-01 6.519972918077183710e-01
2.774018944519621166e-01 6.519972918077183710e-01
2.774018944519621166e-01 6.526743398781313932e-01
2.787550744248984969e-01 6.526743398781313932e-01
2.787550744248984969e-01 6.553825321597833709e-01
2.801082543978349326e-01 6.553825321597833709e-01
2.801082543978349326e-01 6.567366283006093042e-01
2.814614343707713129e-01 6.567366283006093042e-01
2.814614343707713129e-01 6.574136763710223264e-01
2.821380243572395030e-01 6.574136763710223264e-01
2.834912043301759388e-01 6.574136763710223264e-01
2.841677943166441289e-01 6.574136763710223264e-01
2.841677943166441289e-01 6.587677725118483707e-01
2.855209742895805092e-01 6.587677725118483707e-01
2.855209742895805092e-01 6.594448205822613929e-01
2.868741542625168894e-01 6.594448205822613929e-01
2.882273342354533252e-01 6.594448205822613929e-01
2.882273342354533252e-01 6.621530128639133705e-01
2.895805142083897055e-01 6.621530128639133705e-01
2.916102841677943314e-01 6.621530128639133705e-01
2.916102841677943314e-01 6.628300609343262817e-01
2.936400541271989018e-01 6.628300609343262817e-01
2.936400541271989018e-01 6.635071090047393039e-01
2.943166441136670919e-01 6.635071090047393039e-01
2.943166441136670919e-01 6.641841570751523260e-01
2.949932341001353375e-01 6.641841570751523260e-01
2.949932341001353375e-01 6.648612051455653482e-01
2.976995940460080980e-01 6.648612051455653482e-01
2.976995940460080980e-01 6.668923493568043037e-01
2.983761840324763437e-01 6.668923493568043037e-01
2.983761840324763437e-01 6.675693974272173259e-01
2.997293640054127239e-01 6.675693974272173259e-01
2.997293640054127239e-01 6.682464454976303481e-01
3.010825439783491042e-01 6.682464454976303481e-01
3.010825439783491042e-01 6.689234935680433702e-01
3.024357239512855400e-01 6.689234935680433702e-01
3.024357239512855400e-01 6.696005416384562814e-01
3.031123139377537301e-01 6.696005416384562814e-01
3.044654939106901104e-01 6.696005416384562814e-01
3.051420838971583005e-01 6.696005416384562814e-01
3.051420838971583005e-01 6.702775897088693036e-01
3.058186738836265461e-01 6.702775897088693036e-01
3.058186738836265461e-01 6.709546377792823257e-01
3.064952638700947363e-01 6.709546377792823257e-01
3.064952638700947363e-01 6.723087339201083701e-01
3.071718538565629264e-01 6.723087339201083701e-01
3.071718538565629264e-01 6.736628300609343034e-01
3.098782138024357424e-01 6.736628300609343034e-01
3.098782138024357424e-01 6.743398781313473256e-01
3.105548037889039326e-01 6.743398781313473256e-01
3.105548037889039326e-01 6.750169262017603478e-01
3.125845737483085029e-01 6.750169262017603478e-01
3.125845737483085029e-01 6.756939742721733699e-01
3.139377537212449387e-01 6.756939742721733699e-01
3.139377537212449387e-01 6.770480704129993033e-01
3.146143437077131289e-01 6.770480704129993033e-01
3.146143437077131289e-01 6.777251184834123254e-01
3.159675236806495091e-01 6.777251184834123254e-01
3.159675236806495091e-01 6.790792146242383698e-01
3.166441136671176992e-01 6.790792146242383698e-01
3.179972936400541350e-01 6.790792146242383698e-01
3.200270635994587054e-01 6.790792146242383698e-01
3.200270635994587054e-01 6.797562626946512809e-01
3.213802435723951412e-01 6.797562626946512809e-01
3.213802435723951412e-01 6.804333107650643031e-01
3.220568335588633313e-01 6.804333107650643031e-01
3.220568335588633313e-01 6.851726472579553473e-01
3.234100135317997116e-01 6.851726472579553473e-01
3.247631935047361473e-01 6.851726472579553473e-01
3.247631935047361473e-01 6.892349356804332583e-01
3.254397834912043375e-01 6.892349356804332583e-01
3.254397834912043375e-01 6.905890318212593026e-01
3.261163734776725276e-01 6.905890318212593026e-01
3.261163734776725276e-01 6.926201760324982581e-01
3.267929634641407177e-01 6.926201760324982581e-01
3.267929634641407177e-01 6.939742721733243025e-01
3.288227334235453436e-01 6.939742721733243025e-01
3.301759133964817239e-01 6.939742721733243025e-01
3.301759133964817239e-01 6.946513202437373247e-01
3.342354533152909202e-01 6.946513202437373247e-01
3.342354533152909202e-01 6.987136086662153467e-01
3.349120433017591103e-01 6.987136086662153467e-01
3.362652232746955461e-01 6.987136086662153467e-01
3.362652232746955461e-01 6.993906567366282578e-01
3.376184032476319263e-01 6.993906567366282578e-01
3.382949932341001165e-01 6.993906567366282578e-01
3.382949932341001165e-01 7.007447528774543022e-01
3.396481732070365522e-01 7.007447528774543022e-01
3.403247631935047424e-01 7.007447528774543022e-01
3.403247631935047424e-01 7.014218009478673244e-01
3.410013531799729325e-01 7.014218009478673244e-01
3.410013531799729325e-01 7.034529451591062799e-01
3.423545331529093128e-01 7.034529451591062799e-01
3.423545331529093128e-01 7.048070412999323242e-01
3.443843031123139387e-01 7.048070412999323242e-01
3.443843031123139387e-01 7.054840893703453464e-01
3.450608930987821288e-01 7.054840893703453464e-01
3.450608930987821288e-01 7.061611374407582575e-01
3.464140730717185646e-01 7.061611374407582575e-01
3.464140730717185646e-01 7.088693297224103462e-01
3.470906630581867547e-01 7.088693297224103462e-01
3.470906630581867547e-01 7.095463777928232574e-01
3.477672530446549448e-01 7.095463777928232574e-01
3.477672530446549448e-01 7.129316181448882572e-01
3.491204330175913251e-01 7.129316181448882572e-01
3.491204330175913251e-01 7.149627623561273237e-01
3.497970230040595152e-01 7.149627623561273237e-01
3.511502029769959510e-01 7.149627623561273237e-01
3.531799729364005214e-01 7.149627623561273237e-01
3.531799729364005214e-01 7.156398104265402349e-01
3.538565629228687670e-01 7.156398104265402349e-01
3.538565629228687670e-01 7.169939065673662792e-01
3.545331529093369571e-01 7.169939065673662792e-01
3.545331529093369571e-01 7.176709546377793014e-01
3.558863328822733374e-01 7.176709546377793014e-01
3.565629228687415275e-01 7.176709546377793014e-01
3.565629228687415275e-01 7.203791469194312791e-01
3.572395128552097177e-01 7.203791469194312791e-01
3.572395128552097177e-01 7.230873392010832568e-01
3.606224627875507238e-01 7.230873392010832568e-01
3.606224627875507238e-01 7.237643872714962789e-01
3.619756427604871596e-01 7.237643872714962789e-01
3.619756427604871596e-01 7.251184834123223233e-01
3.633288227334235398e-01 7.251184834123223233e-01
3.633288227334235398e-01 7.257955314827352344e-01
3.660351826792963559e-01 7.257955314827352344e-01
3.673883626522327361e-01 7.257955314827352344e-01
3.687415426251691719e-01 7.257955314827352344e-01
3.687415426251691719e-01 7.271496276235612788e-01
3.707713125845737423e-01 7.271496276235612788e-01
3.707713125845737423e-01 7.278266756939743010e-01
3.714479025710419324e-01 7.278266756939743010e-01
3.714479025710419324e-01 7.291807718348002343e-01
3.748308525033829386e-01 7.291807718348002343e-01
3.748308525033829386e-01 7.305348679756262786e-01
3.761840324763193744e-01 7.305348679756262786e-01
3.761840324763193744e-01 7.312119160460393008e-01
3.782138024357239448e-01 7.312119160460393008e-01
3.782138024357239448e-01 7.318889641164523230e-01
3.788903924221921349e-01 7.318889641164523230e-01
3.788903924221921349e-01 7.325660121868652341e-01
3.802435723951285707e-01 7.325660121868652341e-01
3.815967523680649509e-01 7.325660121868652341e-01
3.815967523680649509e-01 7.332430602572782563e-01
3.822733423545331410e-01 7.332430602572782563e-01
3.822733423545331410e-01 7.339201083276912785e-01
3.836265223274695768e-01 7.339201083276912785e-01
3.836265223274695768e-01 7.352742044685172118e-01
3.843031123139377669e-01 7.352742044685172118e-01
3.870094722598105275e-01 7.352742044685172118e-01
3.876860622462787731e-01 7.352742044685172118e-01
3.876860622462787731e-01 7.359512525389302340e-01
3.897158322056833435e-01 7.359512525389302340e-01
3.897158322056833435e-01 7.373053486797562783e-01
3.910690121786197793e-01 7.373053486797562783e-01
3.917456021650879694e-01 7.373053486797562783e-01
3.917456021650879694e-01 7.379823967501693005e-01
3.924221921515561595e-01 7.379823967501693005e-01
3.924221921515561595e-01 7.400135409614082560e-01
3.951285520974289756e-01 7.400135409614082560e-01
3.951285520974289756e-01 7.406905890318212782e-01
3.964817320703653558e-01 7.406905890318212782e-01
3.964817320703653558e-01 7.413676371022343004e-01
3.978349120433017361e-01 7.413676371022343004e-01
3.985115020297699817e-01 7.413676371022343004e-01
3.985115020297699817e-01 7.420446851726472115e-01
4.018944519621109879e-01 7.420446851726472115e-01
4.018944519621109879e-01 7.427217332430602337e-01
4.046008119079837484e-01 7.427217332430602337e-01
4.046008119079837484e-01 7.433987813134732558e-01
4.059539918809201842e-01 7.433987813134732558e-01
4.059539918809201842e-01 7.440758293838862780e-01
4.073071718538565644e-01 7.440758293838862780e-01
4.079837618403247546e-01 7.440758293838862780e-01
4.079837618403247546e-01 7.447528774542993002e-01
4.086603518267929447e-01 7.447528774542993002e-01
4.086603518267929447e-01 7.467840216655382557e-01
4.100135317997293805e-01 7.467840216655382557e-01
4.100135317997293805e-01 7.481381178063643000e-01
4.113667117726657607e-01 7.481381178063643000e-01
4.133964817320703866e-01 7.481381178063643000e-01
4.133964817320703866e-01 7.501692620176032555e-01
4.147496617050067669e-01 7.501692620176032555e-01
4.167794316644113928e-01 7.501692620176032555e-01
4.174560216508795829e-01 7.501692620176032555e-01
4.174560216508795829e-01 7.508463100880162777e-01
4.201623815967523434e-01 7.508463100880162777e-01
4.201623815967523434e-01 7.522004062288422110e-01
4.215155615696887792e-01 7.522004062288422110e-01
4.215155615696887792e-01 7.528774542992552332e-01
4.221921515561569693e-01 7.528774542992552332e-01
4.221921515561569693e-01 7.535545023696682554e-01
4.235453315290933496e-01 7.535545023696682554e-01
4.235453315290933496e-01 7.542315504400812776e-01
4.248985115020297854e-01 7.542315504400812776e-01
4.262516914749661656e-01 7.542315504400812776e-01
4.276048714479025459e-01 7.542315504400812776e-01
4.276048714479025459e-01 7.549085985104942997e-01
4.289580514208389816e-01 7.549085985104942997e-01
4.289580514208389816e-01 7.562626946513202331e-01
4.303112313937753619e-01 7.562626946513202331e-01
4.303112313937753619e-01 7.569397427217332552e-01
4.316644113667117977e-01 7.569397427217332552e-01
4.330175913396481779e-01 7.569397427217332552e-01
4.336941813261163681e-01 7.569397427217332552e-01
4.336941813261163681e-01 7.582938388625591886e-01
4.343707713125845582e-01 7.582938388625591886e-01
4.343707713125845582e-01 7.589708869329722107e-01
4.350473612990527483e-01 7.589708869329722107e-01
4.350473612990527483e-01 7.610020311442112773e-01
4.370771312584573742e-01 7.610020311442112773e-01
4.384303112313937545e-01 7.610020311442112773e-01
4.404600811907983804e-01 7.610020311442112773e-01
4.404600811907983804e-01 7.623561272850372106e-01
4.431664411366711964e-01 7.623561272850372106e-01
4.431664411366711964e-01 7.643872714962762771e-01
4.438430311231393866e-01 7.643872714962762771e-01
4.438430311231393866e-01 7.650643195666891883e-01
4.451962110960757668e-01 7.650643195666891883e-01
4.451962110960757668e-01 7.657413676371022104e-01
4.458728010825439569e-01 7.657413676371022104e-01
4.458728010825439569e-01 7.670954637779282548e-01
4.479025710419485828e-01 7.670954637779282548e-01
4.499323410013531532e-01 7.670954637779282548e-01
4.506089309878213989e-01 7.670954637779282548e-01
4.506089309878213989e-01 7.691266079891672103e-01
4.533152909336941594e-01 7.691266079891672103e-01
4.533152909336941594e-01 7.698036560595802325e-01
4.539918809201624050e-01 7.698036560595802325e-01
4.539918809201624050e-01 7.704807041299932546e-01
4.553450608930987853e-01 7.704807041299932546e-01
4.566982408660351656e-01 7.704807041299932546e-01
4.566982408660351656e-01 7.711577522004062768e-01
4.594046008119079816e-01 7.711577522004062768e-01
4.600811907983761717e-01 7.711577522004062768e-01
4.600811907983761717e-01 7.725118483412322101e-01
4.607577807848443618e-01 7.725118483412322101e-01
4.607577807848443618e-01 7.731888964116452323e-01
4.621109607577807976e-01 7.731888964116452323e-01
4.621109607577807976e-01 7.745429925524712766e-01
4.627875507442489877e-01 7.745429925524712766e-01
4.627875507442489877e-01 7.752200406228841878e-01
4.641407307171853680e-01 7.752200406228841878e-01
4.641407307171853680e-01 7.779282329045362765e-01
4.648173207036536136e-01 7.779282329045362765e-01
4.648173207036536136e-01 7.786052809749491876e-01
4.675236806495263742e-01 7.786052809749491876e-01
4.695534506089310001e-01 7.786052809749491876e-01
4.709066305818673803e-01 7.786052809749491876e-01
4.709066305818673803e-01 7.792823290453622098e-01
4.722598105548038161e-01 7.792823290453622098e-01
4.742895805142083865e-01 7.792823290453622098e-01
4.749661705006765766e-01 7.792823290453622098e-01
4.749661705006765766e-01 7.799593771157752320e-01
4.783491204330175828e-01 7.799593771157752320e-01
4.783491204330175828e-01 7.826675693974272097e-01
4.810554803788903988e-01 7.826675693974272097e-01
4.824086603518267791e-01 7.826675693974272097e-01
4.837618403247632148e-01 7.826675693974272097e-01
4.837618403247632148e-01 7.833446174678402318e-01
4.844384303112314050e-01 7.833446174678402318e-01
4.844384303112314050e-01 7.846987136086661652e-01
4.857916102841677852e-01 7.846987136086661652e-01
4.864682002706359754e-01 7.846987136086661652e-01
4.864682002706359754e-01 7.860528097494922095e-01
4.871447902571042210e-01 7.860528097494922095e-01
4.871447902571042210e-01 7.867298578199052317e-01
4.884979702300406013e-01 7.867298578199052317e-01
4.884979702300406013e-01 7.874069058903182539e-01
4.898511502029769815e-01 7.874069058903182539e-01
4.898511502029769815e-01 7.887610020311441872e-01
4.905277401894451716e-01 7.887610020311441872e-01
4.905277401894451716e-01 7.907921462423832537e-01
4.912043301759134173e-01 7.907921462423832537e-01
4.912043301759134173e-01 7.921462423832091870e-01
4.925575101488497975e-01 7.921462423832091870e-01
4.939106901217861778e-01 7.921462423832091870e-01
4.939106901217861778e-01 7.928232904536222092e-01
4.945872801082544234e-01 7.928232904536222092e-01
4.945872801082544234e-01 7.935003385240352314e-01
4.952638700947226136e-01 7.935003385240352314e-01
4.952638700947226136e-01 7.941773865944482536e-01
4.959404600811908037e-01 7.941773865944482536e-01
4.959404600811908037e-01 7.948544346648611647e-01
4.979702300405953741e-01 7.948544346648611647e-01
4.979702300405953741e-01 7.975626269465132534e-01
4.986468200270636197e-01 7.975626269465132534e-01
4.986468200270636197e-01 7.989167230873391867e-01
5.000000000000000000e-01 7.989167230873391867e-01
5.013531799729363803e-01 7.989167230873391867e-01
5.013531799729363803e-01 7.995937711577522089e-01
5.027063599458727605e-01 7.995937711577522089e-01
5.047361299052773864e-01 7.995937711577522089e-01
5.054127198917456321e-01 7.995937711577522089e-01
5.054127198917456321e-01 8.009478672985782532e-01
5.067658998646820123e-01 8.009478672985782532e-01
5.067658998646820123e-01 8.023019634394041866e-01
5.074424898511502580e-01 8.023019634394041866e-01
5.074424898511502580e-01 8.029790115098172087e-01
5.101488497970230185e-01 8.029790115098172087e-01
5.101488497970230185e-01 8.063642518618822086e-01
5.108254397834911531e-01 8.063642518618822086e-01
5.108254397834911531e-01 8.070412999322952308e-01
5.115020297699593987e-01 8.070412999322952308e-01
5.115020297699593987e-01 8.090724441435341863e-01
5.128552097428957790e-01 8.090724441435341863e-01
5.135317997293640246e-01 8.090724441435341863e-01
5.135317997293640246e-01 8.097494922139472084e-01
5.155615696887686505e-01 8.097494922139472084e-01
5.155615696887686505e-01 8.124576844955991861e-01
5.169147496617050308e-01 8.124576844955991861e-01
5.169147496617050308e-01 8.131347325660122083e-01
5.196211096075777913e-01 8.131347325660122083e-01
5.196211096075777913e-01 8.151658767772511638e-01
5.236806495263870431e-01 8.151658767772511638e-01
5.236806495263870431e-01 8.158429248476641860e-01
5.243572395128551777e-01 8.158429248476641860e-01
5.243572395128551777e-01 8.171970209884902303e-01
5.250338294993234234e-01 8.171970209884902303e-01
5.250338294993234234e-01 8.185511171293161636e-01
5.257104194857915580e-01 8.185511171293161636e-01
5.257104194857915580e-01 8.192281651997291858e-01
5.263870094722598036e-01 8.192281651997291858e-01
5.263870094722598036e-01 8.205822613405552302e-01
5.277401894451961839e-01 8.205822613405552302e-01
5.277401894451961839e-01 8.212593094109681413e-01
5.290933694181325642e-01 8.212593094109681413e-01
5.304465493910690554e-01 8.212593094109681413e-01
5.311231393775371901e-01 8.212593094109681413e-01
5.311231393775371901e-01 8.219363574813811635e-01
5.317997293640054357e-01 8.219363574813811635e-01
5.317997293640054357e-01 8.226134055517941857e-01
5.324763193504735703e-01 8.226134055517941857e-01
5.324763193504735703e-01 8.232904536222072078e-01
5.345060893098781962e-01 8.232904536222072078e-01
5.345060893098781962e-01 8.273527420446851188e-01
5.358592692828145765e-01 8.273527420446851188e-01
5.358592692828145765e-01 8.280297901150981410e-01
5.365358592692828221e-01 8.280297901150981410e-01
5.365358592692828221e-01 8.287068381855111632e-01
5.372124492557510678e-01 8.287068381855111632e-01
5.372124492557510678e-01 8.307379823967501187e-01
5.378890392422192024e-01 8.307379823967501187e-01
5.378890392422192024e-01 8.314150304671631408e-01
5.385656292286874480e-01 8.314150304671631408e-01
5.385656292286874480e-01 8.320920785375761630e-01
5.399188092016238283e-01 8.320920785375761630e-01
5.399188092016238283e-01 8.341232227488151185e-01
5.412719891745602085e-01 8.341232227488151185e-01
5.412719891745602085e-01 8.354773188896411629e-01
5.419485791610284542e-01 8.354773188896411629e-01
5.419485791610284542e-01 8.361543669600541850e-01
5.446549391069012147e-01 8.361543669600541850e-01
5.446549391069012147e-01 8.368314150304672072e-01
5.460081190798375950e-01 8.368314150304672072e-01
5.473612990527739752e-01 8.368314150304672072e-01
5.487144790257104665e-01 8.368314150304672072e-01
5.500676589986468468e-01 8.368314150304672072e-01
5.520974289580514727e-01 8.368314150304672072e-01
5.520974289580514727e-01 8.375084631008801184e-01
5.541271989174559875e-01 8.375084631008801184e-01
5.541271989174559875e-01 8.381855111712931405e-01
5.554803788903923678e-01 8.381855111712931405e-01
5.575101488497969937e-01 8.381855111712931405e-01
5.575101488497969937e-01 8.388625592417061627e-01
5.581867388362652393e-01 8.388625592417061627e-01
5.581867388362652393e-01 8.395396073121191849e-01
5.602165087956698653e-01 8.395396073121191849e-01
5.615696887686062455e-01 8.395396073121191849e-01
5.615696887686062455e-01 8.408937034529451182e-01
5.629228687415426258e-01 8.408937034529451182e-01
5.629228687415426258e-01 8.436018957345972069e-01
5.642760487144790060e-01 8.436018957345972069e-01
5.642760487144790060e-01 8.456330399458361624e-01
5.656292286874153863e-01 8.456330399458361624e-01
5.656292286874153863e-01 8.463100880162491846e-01
5.669824086603518776e-01 8.463100880162491846e-01
5.676589986468200122e-01 8.463100880162491846e-01
5.676589986468200122e-01 8.469871360866622068e-01
5.690121786197563925e-01 8.469871360866622068e-01
5.690121786197563925e-01 8.476641841570751179e-01
5.696887686062246381e-01 8.476641841570751179e-01
5.696887686062246381e-01 8.483412322274881401e-01
5.710419485791610184e-01 8.483412322274881401e-01
5.710419485791610184e-01 8.490182802979011623e-01
5.717185385656292640e-01 8.490182802979011623e-01
5.717185385656292640e-01 8.496953283683141844e-01
5.723951285520973986e-01 8.496953283683141844e-01
5.723951285520973986e-01 8.503723764387270956e-01
5.730717185385656443e-01 8.503723764387270956e-01
5.744248985115020245e-01 8.503723764387270956e-01
5.744248985115020245e-01 8.510494245091401178e-01
5.757780784844384048e-01 8.510494245091401178e-01
5.757780784844384048e-01 8.530805687203791843e-01
5.771312584573747850e-01 8.530805687203791843e-01
5.771312584573747850e-01 8.537576167907920954e-01
5.778078484438430307e-01 8.537576167907920954e-01
5.778078484438430307e-01 8.544346648612051176e-01
5.825439783491204171e-01 8.544346648612051176e-01
5.825439783491204171e-01 8.551117129316181398e-01
5.832205683355886627e-01 8.551117129316181398e-01
5.832205683355886627e-01 8.557887610020311620e-01
5.838971583220567974e-01 8.557887610020311620e-01
5.852503382949932886e-01 8.557887610020311620e-01
5.872801082543978035e-01 8.557887610020311620e-01
5.879566982408660492e-01 8.557887610020311620e-01
5.893098782138024294e-01 8.557887610020311620e-01
5.953991880920161961e-01 8.557887610020311620e-01
5.953991880920161961e-01 8.578199052132701175e-01
5.960757780784844417e-01 8.578199052132701175e-01
5.960757780784844417e-01 8.584969532836831396e-01
5.967523680649526874e-01 8.584969532836831396e-01
5.967523680649526874e-01 8.598510494245091840e-01
6.008119079837618282e-01 8.598510494245091840e-01
6.008119079837618282e-01 8.605280974949220951e-01
6.014884979702300738e-01 8.605280974949220951e-01
6.014884979702300738e-01 8.618821936357481395e-01
6.028416779431664541e-01 8.618821936357481395e-01
6.055480378890392146e-01 8.618821936357481395e-01
6.055480378890392146e-01 8.625592417061611616e-01
6.062246278755074602e-01 8.625592417061611616e-01
6.082543978349120861e-01 8.625592417061611616e-01
6.096075778078484664e-01 8.625592417061611616e-01
6.109607577807848466e-01 8.625592417061611616e-01
6.123139377537212269e-01 8.625592417061611616e-01
6.143437077131258528e-01 8.625592417061611616e-01
6.143437077131258528e-01 8.639133378469870950e-01
6.156968876860622331e-01 8.639133378469870950e-01
6.156968876860622331e-01 8.645903859174001171e-01
6.163734776725304787e-01 8.645903859174001171e-01
6.177266576454668590e-01 8.645903859174001171e-01
6.177266576454668590e-01 8.652674339878131393e-01
6.184032476319349936e-01 8.652674339878131393e-01
6.184032476319349936e-01 8.666215301286391837e-01
6.204330175913396195e-01 8.666215301286391837e-01
6.204330175913396195e-01 8.672985781990520948e-01
6.217861975642759997e-01 8.672985781990520948e-01
6.231393775372124910e-01 8.672985781990520948e-01
6.231393775372124910e-01 8.679756262694651170e-01
6.258457374830852515e-01 8.679756262694651170e-01
6.258457374830852515e-01 8.727149627623561612e-01
6.271989174560216318e-01 8.727149627623561612e-01
6.271989174560216318e-01 8.747461069735951167e-01
6.299052774018945033e-01 8.747461069735951167e-01
6.299052774018945033e-01 8.754231550440081389e-01
6.305818673883626380e-01 8.754231550440081389e-01
6.305818673883626380e-01 8.767772511848340722e-01
6.319350473612990182e-01 8.767772511848340722e-01
6.353179972936400244e-01 8.767772511848340722e-01
6.366711772665764046e-01 8.767772511848340722e-01
6.373477672530446503e-01 8.767772511848340722e-01
6.373477672530446503e-01 8.781313473256601165e-01
6.380243572395128959e-01 8.781313473256601165e-01
6.380243572395128959e-01 8.788083953960731387e-01
6.387009472259810305e-01 8.788083953960731387e-01
6.387009472259810305e-01 8.794854434664861609e-01
6.400541271989174108e-01 8.794854434664861609e-01
6.400541271989174108e-01 8.801624915368990720e-01
6.420838971583220367e-01 8.801624915368990720e-01
6.420838971583220367e-01 8.808395396073120942e-01
6.434370771312584170e-01 8.808395396073120942e-01
6.447902571041949082e-01 8.808395396073120942e-01
6.447902571041949082e-01 8.815165876777251164e-01
6.461434370771312885e-01 8.815165876777251164e-01
6.474966170500676688e-01 8.815165876777251164e-01
6.495263870094722947e-01 8.815165876777251164e-01
6.495263870094722947e-01 8.821936357481381386e-01
6.522327469553450552e-01 8.821936357481381386e-01
6.522327469553450552e-01 8.828706838185511607e-01
6.529093369418133008e-01 8.828706838185511607e-01
6.542625169147496811e-01 8.828706838185511607e-01
6.549391069012178157e-01 8.828706838185511607e-01
6.549391069012178157e-01 8.835477318889640719e-01
6.569688768606224416e-01 8.835477318889640719e-01
6.576454668470906872e-01 8.835477318889640719e-01
6.576454668470906872e-01 8.849018280297901162e-01
6.583220568335588219e-01 8.849018280297901162e-01
6.596752368064953131e-01 8.849018280297901162e-01
6.603518267929634478e-01 8.849018280297901162e-01
6.617050067658998280e-01 8.849018280297901162e-01
6.637347767253044539e-01 8.849018280297901162e-01
6.637347767253044539e-01 8.855788761002031384e-01
6.664411366711772144e-01 8.855788761002031384e-01
6.677943166441137057e-01 8.855788761002031384e-01
6.677943166441137057e-01 8.869329722410290717e-01
6.684709066305818403e-01 8.869329722410290717e-01
6.684709066305818403e-01 8.876100203114420939e-01
6.691474966170500860e-01 8.876100203114420939e-01
6.711772665764547119e-01 8.876100203114420939e-01
6.732070365358592268e-01 8.876100203114420939e-01
6.732070365358592268e-01 8.882870683818551161e-01
6.738836265223274724e-01 8.882870683818551161e-01
6.738836265223274724e-01 8.889641164522681382e-01
6.752368064952638527e-01 8.889641164522681382e-01
6.765899864682002329e-01 8.889641164522681382e-01
6.765899864682002329e-01 8.903182125930940716e-01
6.772665764546684786e-01 8.903182125930940716e-01
6.772665764546684786e-01 8.916723087339201159e-01
6.786197564276048588e-01 8.916723087339201159e-01
6.786197564276048588e-01 8.923493568043331381e-01
6.806495263870094847e-01 8.923493568043331381e-01
6.806495263870094847e-01 8.930264048747461603e-01
6.826792963464141106e-01 8.930264048747461603e-01
6.826792963464141106e-01 8.937034529451590714e-01
6.833558863328822452e-01 8.937034529451590714e-01
6.847090663058186255e-01 8.937034529451590714e-01
6.853856562922868711e-01 8.937034529451590714e-01
6.867388362652232514e-01 8.937034529451590714e-01
6.867388362652232514e-01 8.943805010155720936e-01
6.894451962110961230e-01 8.943805010155720936e-01
6.894451962110961230e-01 8.950575490859851158e-01
6.901217861975642576e-01 8.950575490859851158e-01
6.914749661705006378e-01 8.950575490859851158e-01
6.921515561569688835e-01 8.950575490859851158e-01
6.921515561569688835e-01 8.957345971563981379e-01
6.948579161028416440e-01 8.957345971563981379e-01
6.948579161028416440e-01 8.964116452268110491e-01
6.962110960757780243e-01 8.964116452268110491e-01
6.982408660351826502e-01 8.964116452268110491e-01
6.995940460081190304e-01 8.964116452268110491e-01
7.009472259810555217e-01 8.964116452268110491e-01
7.009472259810555217e-01 8.970886932972240713e-01
7.023004059539919020e-01 8.970886932972240713e-01
7.077131258457375340e-01 8.970886932972240713e-01
7.077131258457375340e-01 8.977657413676370934e-01
7.083897158322056686e-01 8.977657413676370934e-01
7.083897158322056686e-01 8.984427894380501156e-01
7.097428958051420489e-01 8.984427894380501156e-01
7.097428958051420489e-01 8.991198375084631378e-01
7.110960757780784292e-01 8.991198375084631378e-01
7.110960757780784292e-01 8.997968855788760489e-01
7.124492557510149204e-01 8.997968855788760489e-01
7.131258457374830551e-01 8.997968855788760489e-01
7.131258457374830551e-01 9.004739336492890711e-01
7.151556156968876810e-01 9.004739336492890711e-01
7.151556156968876810e-01 9.018280297901151155e-01
7.165087956698240612e-01 9.018280297901151155e-01
7.165087956698240612e-01 9.025050778605281376e-01
7.178619756427604415e-01 9.025050778605281376e-01
7.178619756427604415e-01 9.031821259309410488e-01
7.198917456021650674e-01 9.031821259309410488e-01
7.198917456021650674e-01 9.038591740013540710e-01
7.219215155615696933e-01 9.038591740013540710e-01
7.219215155615696933e-01 9.045362220717670931e-01
7.239512855209743192e-01 9.045362220717670931e-01
7.246278755074424538e-01 9.045362220717670931e-01
7.246278755074424538e-01 9.058903182125931375e-01
7.259810554803789451e-01 9.058903182125931375e-01
7.259810554803789451e-01 9.079214624238320930e-01
7.273342354533153253e-01 9.079214624238320930e-01
7.273342354533153253e-01 9.099526066350710485e-01
7.280108254397834600e-01 9.099526066350710485e-01
7.280108254397834600e-01 9.113067027758970928e-01
7.286874154262517056e-01 9.113067027758970928e-01
7.286874154262517056e-01 9.119837508463101150e-01
7.293640054127198402e-01 9.119837508463101150e-01
7.293640054127198402e-01 9.126607989167231372e-01
7.300405953991880859e-01 9.126607989167231372e-01
7.300405953991880859e-01 9.133378469871360483e-01
7.334235453315290920e-01 9.133378469871360483e-01
7.347767253044654723e-01 9.133378469871360483e-01
7.347767253044654723e-01 9.146919431279620927e-01
7.354533152909337179e-01 9.146919431279620927e-01
7.381596752368064784e-01 9.146919431279620927e-01
7.381596752368064784e-01 9.153689911983751148e-01
7.388362652232747241e-01 9.153689911983751148e-01
7.388362652232747241e-01 9.160460392687881370e-01
7.395128552097428587e-01 9.160460392687881370e-01
7.395128552097428587e-01 9.167230873392010482e-01
7.401894451962111043e-01 9.167230873392010482e-01
7.415426251691474846e-01 9.167230873392010482e-01
7.415426251691474846e-01 9.174001354096140703e-01
7.428958051420838649e-01 9.174001354096140703e-01
7.428958051420838649e-01 9.180771834800270925e-01
7.435723951285521105e-01 9.180771834800270925e-01
7.435723951285521105e-01 9.187542315504401147e-01
7.489851150202977426e-01 9.187542315504401147e-01
7.489851150202977426e-01 9.207853757616790702e-01
7.503382949932341228e-01 9.207853757616790702e-01
7.516914749661705031e-01 9.207853757616790702e-01
7.523680649526387487e-01 9.207853757616790702e-01
7.523680649526387487e-01 9.214624238320920924e-01
7.543978349120432636e-01 9.214624238320920924e-01
7.543978349120432636e-01 9.221394719025051145e-01
7.550744248985115092e-01 9.221394719025051145e-01
7.550744248985115092e-01 9.228165199729180257e-01
7.557510148849797549e-01 9.228165199729180257e-01
7.571041948579161351e-01 9.228165199729180257e-01
7.577807848443842698e-01 9.228165199729180257e-01
7.577807848443842698e-01 9.234935680433310479e-01
7.584573748308525154e-01 9.234935680433310479e-01
7.598105548037888957e-01 9.234935680433310479e-01
7.598105548037888957e-01 9.241706161137440700e-01
7.618403247631935216e-01 9.241706161137440700e-01
7.625169147496616562e-01 9.241706161137440700e-01
7.625169147496616562e-01 9.255247122545701144e-01
7.645466847090662821e-01 9.255247122545701144e-01
7.645466847090662821e-01 9.262017603249830255e-01
7.699594046008119141e-01 9.262017603249830255e-01
7.699594046008119141e-01 9.268788083953960477e-01
7.706359945872801598e-01 9.268788083953960477e-01
7.706359945872801598e-01 9.275558564658090699e-01
7.713125845737482944e-01 9.275558564658090699e-01
7.726657645466846747e-01 9.275558564658090699e-01
7.733423545331529203e-01 9.275558564658090699e-01
7.733423545331529203e-01 9.289099526066351142e-01
7.740189445196210549e-01 9.289099526066351142e-01
7.740189445196210549e-01 9.295870006770480254e-01
7.746955345060893006e-01 9.295870006770480254e-01
7.746955345060893006e-01 9.302640487474610476e-01
7.753721244925575462e-01 9.302640487474610476e-01
7.767253044654939265e-01 9.302640487474610476e-01
7.767253044654939265e-01 9.316181448882870919e-01
7.807848443843030672e-01 9.316181448882870919e-01
7.807848443843030672e-01 9.322951929587001141e-01
7.814614343707713129e-01 9.322951929587001141e-01
7.814614343707713129e-01 9.329722410291130252e-01
7.821380243572395585e-01 9.329722410291130252e-01
7.821380243572395585e-01 9.336492890995260474e-01
7.828146143437076931e-01 9.336492890995260474e-01
7.828146143437076931e-01 9.343263371699390696e-01
7.841677943166440734e-01 9.343263371699390696e-01
7.841677943166440734e-01 9.356804333107651139e-01
7.855209742895805647e-01 9.356804333107651139e-01
7.855209742895805647e-01 9.363574813811780251e-01
7.861975642760486993e-01 9.363574813811780251e-01
7.861975642760486993e-01 9.370345294515910473e-01
7.875507442489850796e-01 9.370345294515910473e-01
7.875507442489850796e-01 9.377115775220040694e-01
7.882273342354533252e-01 9.377115775220040694e-01
7.882273342354533252e-01 9.383886255924170916e-01
7.889039242219215708e-01 9.383886255924170916e-01
7.889039242219215708e-01 9.390656736628301138e-01
7.902571041948579511e-01 9.390656736628301138e-01
7.902571041948579511e-01 9.397427217332430249e-01
7.916102841677943314e-01 9.397427217332430249e-01
7.916102841677943314e-01 9.404197698036560471e-01
7.929634641407307116e-01 9.404197698036560471e-01
7.929634641407307116e-01 9.410968178740690693e-01
7.956698240866034721e-01 9.410968178740690693e-01
7.976995940460080980e-01 9.410968178740690693e-01
7.990527740189444783e-01 9.410968178740690693e-01
8.004059539918809696e-01 9.410968178740690693e-01
8.004059539918809696e-01 9.417738659444820915e-01
8.037889039242219757e-01 9.417738659444820915e-01
8.037889039242219757e-01 9.424509140148950026e-01
8.051420838971583560e-01 9.424509140148950026e-01
8.064952638700947363e-01 9.424509140148950026e-01
8.064952638700947363e-01 9.431279620853080248e-01
8.071718538565628709e-01 9.431279620853080248e-01
8.071718538565628709e-01 9.458361543669600024e-01
8.085250338294993622e-01 9.458361543669600024e-01
8.098782138024357424e-01 9.458361543669600024e-01
8.098782138024357424e-01 9.465132024373730246e-01
8.119079837618403683e-01 9.465132024373730246e-01
8.132611637347767486e-01 9.465132024373730246e-01
8.139377537212448832e-01 9.465132024373730246e-01
8.139377537212448832e-01 9.478672985781990690e-01
8.207036535859268955e-01 9.478672985781990690e-01
8.220568335588632758e-01 9.478672985781990690e-01
8.227334235453315214e-01 9.478672985781990690e-01
8.240866035182679017e-01 9.478672985781990690e-01
8.254397834912042820e-01 9.478672985781990690e-01
8.254397834912042820e-01 9.485443466486120911e-01
8.261163734776725276e-01 9.485443466486120911e-01
8.261163734776725276e-01 9.498984427894380245e-01
8.267929634641407732e-01 9.498984427894380245e-01
8.267929634641407732e-01 9.505754908598510466e-01
8.288227334235452881e-01 9.505754908598510466e-01
8.288227334235452881e-01 9.512525389302640688e-01
8.294993234100135338e-01 9.512525389302640688e-01
8.294993234100135338e-01 9.519295870006770910e-01
8.308525033829499140e-01 9.519295870006770910e-01
8.322056833558862943e-01 9.519295870006770910e-01
8.335588633288227856e-01 9.519295870006770910e-01
8.335588633288227856e-01 9.532836831415030243e-01
8.362652232746955461e-01 9.532836831415030243e-01
8.362652232746955461e-01 9.546377792823290687e-01
8.369418132611636807e-01 9.546377792823290687e-01
8.369418132611636807e-01 9.553148273527420908e-01
8.382949932341001720e-01 9.553148273527420908e-01
8.382949932341001720e-01 9.573459715639810463e-01
8.389715832205683066e-01 9.573459715639810463e-01
8.389715832205683066e-01 9.580230196343940685e-01
8.403247631935046869e-01 9.580230196343940685e-01
8.403247631935046869e-01 9.593771157752200018e-01
8.410013531799729325e-01 9.593771157752200018e-01
8.410013531799729325e-01 9.600541638456330240e-01
8.416779431664411781e-01 9.600541638456330240e-01
8.430311231393775584e-01 9.600541638456330240e-01
8.430311231393775584e-01 9.607312119160460462e-01
8.443843031123139387e-01 9.607312119160460462e-01
8.464140730717185646e-01 9.607312119160460462e-01
8.477672530446549448e-01 9.607312119160460462e-01
8.477672530446549448e-01 9.620853080568720905e-01
8.491204330175913251e-01 9.620853080568720905e-01
8.491204330175913251e-01 9.627623561272850017e-01
8.511502029769959510e-01 9.627623561272850017e-01
8.511502029769959510e-01 9.634394041976980239e-01
8.518267929634640856e-01 9.634394041976980239e-01
8.538565629228687115e-01 9.634394041976980239e-01
8.538565629228687115e-01 9.641164522681110460e-01
8.579161028416779633e-01 9.641164522681110460e-01
8.579161028416779633e-01 9.654705484089369794e-01
8.599458728010825892e-01 9.654705484089369794e-01
8.606224627875507238e-01 9.654705484089369794e-01
8.619756427604871041e-01 9.654705484089369794e-01
8.619756427604871041e-01 9.668246445497630237e-01
8.626522327469553497e-01 9.668246445497630237e-01
8.626522327469553497e-01 9.675016926201760459e-01
8.640054127198917300e-01 9.675016926201760459e-01
8.646820027063599756e-01 9.675016926201760459e-01
8.646820027063599756e-01 9.695328368314150014e-01
8.653585926928281102e-01 9.695328368314150014e-01
8.653585926928281102e-01 9.708869329722410457e-01
8.673883626522327361e-01 9.708869329722410457e-01
8.680649526387009818e-01 9.708869329722410457e-01
8.680649526387009818e-01 9.715639810426540679e-01
8.707713125845737423e-01 9.715639810426540679e-01
8.707713125845737423e-01 9.722410291130669791e-01
8.721244925575101226e-01 9.722410291130669791e-01
8.734776725304465028e-01 9.722410291130669791e-01
8.734776725304465028e-01 9.729180771834800012e-01
8.748308525033829941e-01 9.729180771834800012e-01
8.761840324763193744e-01 9.729180771834800012e-01
8.761840324763193744e-01 9.735951252538930234e-01
8.795669824086603805e-01 9.735951252538930234e-01
8.809201623815967608e-01 9.735951252538930234e-01
8.843031123139377669e-01 9.735951252538930234e-01
8.843031123139377669e-01 9.749492213947190677e-01
8.849797023004059016e-01 9.749492213947190677e-01
8.849797023004059016e-01 9.776574136763710454e-01
8.856562922868741472e-01 9.776574136763710454e-01
8.876860622462787731e-01 9.776574136763710454e-01
8.883626522327469077e-01 9.776574136763710454e-01
8.883626522327469077e-01 9.783344617467840676e-01
8.903924221921515336e-01 9.783344617467840676e-01
8.903924221921515336e-01 9.790115098171969787e-01
8.917456021650879139e-01 9.790115098171969787e-01
8.917456021650879139e-01 9.803656059580230231e-01
8.930987821380244052e-01 9.803656059580230231e-01
8.958051420838971657e-01 9.803656059580230231e-01
8.978349120433017916e-01 9.803656059580230231e-01
8.991880920162381718e-01 9.803656059580230231e-01
9.046008119079838039e-01 9.803656059580230231e-01
9.066305818673883188e-01 9.803656059580230231e-01
9.066305818673883188e-01 9.810426540284360453e-01
9.079837618403248101e-01 9.810426540284360453e-01
9.086603518267929447e-01 9.810426540284360453e-01
9.086603518267929447e-01 9.817197020988490674e-01
9.106901217861975706e-01 9.817197020988490674e-01
9.106901217861975706e-01 9.823967501692619786e-01
9.120433017591339508e-01 9.823967501692619786e-01
9.127198917456021965e-01 9.823967501692619786e-01
9.140730717185385767e-01 9.823967501692619786e-01
9.181326116373477175e-01 9.823967501692619786e-01
9.181326116373477175e-01 9.837508463100880229e-01
9.208389715832205891e-01 9.837508463100880229e-01
9.221921515561569693e-01 9.837508463100880229e-01
9.235453315290933496e-01 9.837508463100880229e-01
9.235453315290933496e-01 9.844278943805010451e-01
9.242219215155615952e-01 9.844278943805010451e-01
9.242219215155615952e-01 9.851049424509140673e-01
9.255751014884979755e-01 9.851049424509140673e-01
9.269282814614343557e-01 9.851049424509140673e-01
9.289580514208389816e-01 9.851049424509140673e-01
9.303112313937753619e-01 9.851049424509140673e-01
9.303112313937753619e-01 9.864590385917400006e-01
9.384303112313937545e-01 9.864590385917400006e-01
9.404600811907983804e-01 9.864590385917400006e-01
9.418132611637347607e-01 9.864590385917400006e-01
9.431664411366711409e-01 9.864590385917400006e-01
9.458728010825440125e-01 9.864590385917400006e-01
9.479025710419485273e-01 9.864590385917400006e-01
9.499323410013531532e-01 9.864590385917400006e-01
9.499323410013531532e-01 9.884901828029789561e-01
9.512855209742895335e-01 9.884901828029789561e-01
9.526387009472260248e-01 9.884901828029789561e-01
9.553450608930987853e-01 9.884901828029789561e-01
9.560216508795670309e-01 9.884901828029789561e-01
9.573748308525034112e-01 9.884901828029789561e-01
9.600811907983761717e-01 9.884901828029789561e-01
9.600811907983761717e-01 9.891672308733919783e-01
9.607577807848444174e-01 9.891672308733919783e-01
9.607577807848444174e-01 9.905213270142180226e-01
9.634641407307171779e-01 9.905213270142180226e-01
9.641407307171854235e-01 9.905213270142180226e-01
9.641407307171854235e-01 9.911983750846310448e-01
9.654939106901218038e-01 9.911983750846310448e-01
9.654939106901218038e-01 9.918754231550439560e-01
9.668470906630581840e-01 9.918754231550439560e-01
9.709066305818674358e-01 9.918754231550439560e-01
9.722598105548038161e-01 9.918754231550439560e-01
9.729364005412719507e-01 9.918754231550439560e-01
9.742895805142084420e-01 9.918754231550439560e-01
9.742895805142084420e-01 9.925524712254569781e-01
9.749661705006765766e-01 9.925524712254569781e-01
9.763193504736129569e-01 9.925524712254569781e-01
9.776725304465493371e-01 9.925524712254569781e-01
9.776725304465493371e-01 9.939065673662830225e-01
9.790257104194858284e-01 9.939065673662830225e-01
9.790257104194858284e-01 9.945836154366960447e-01
9.797023004059539630e-01 9.945836154366960447e-01
9.817320703653585889e-01 9.945836154366960447e-01
9.837618403247632148e-01 9.945836154366960447e-01
9.837618403247632148e-01 9.952606635071089558e-01
9.851150202976995951e-01 9.952606635071089558e-01
9.851150202976995951e-01 9.959377115775219780e-01
9.857916102841678407e-01 9.959377115775219780e-01
9.857916102841678407e-01 9.966147596479350002e-01
9.878213802435723556e-01 9.966147596479350002e-01
9.878213802435723556e-01 9.972918077183480223e-01
9.884979702300406013e-01 9.972918077183480223e-01
9.884979702300406013e-01 9.979688557887610445e-01
9.912043301759133618e-01 9.979688557887610445e-01
9.912043301759133618e-01 9.986459038591739557e-01
9.925575101488497420e-01 9.986459038591739557e-01
9.925575101488497420e-01 9.993229519295869778e-01
9.939106901217862333e-01 9.993229519295869778e-01
9.952638700947226136e-01 9.993229519295869778e-01
9.959404600811907482e-01 9.993229519295869778e-01
9.972936400541272395e-01 9.993229519295869778e-01
9.979702300405953741e-01 9.993229519295869778e-01
9.979702300405953741e-01 1.000000000000000000e+00
1.000000000000000000e+00 1.000000000000000000e+00
