# auc=0.591
# acc=0.561
0.000000000000000000e+00 0.000000000000000000e+00
0.000000000000000000e+00 6.770480704129992972e-04
0.000000000000000000e+00 1.150981719702098838e-02
6.765899864682003214e-04 1.150981719702098838e-02
6.765899864682003214e-04 1.828029790115098113e-02
1.353179972936400643e-03 1.828029790115098113e-02
1.353179972936400643e-03 3.249830737982396800e-02
2.706359945872801286e-03 3.249830737982396800e-02
2.706359945872801286e-03 3.520649966147596649e-02
3.382949932341001390e-03 3.520649966147596649e-02
4.736129905277402033e-03 3.520649966147596649e-02
4.736129905277402033e-03 3.859174001354095940e-02
5.412719891745602571e-03 3.859174001354095940e-02
5.412719891745602571e-03 3.926878808395396075e-02
6.089309878213802242e-03 3.926878808395396075e-02
6.089309878213802242e-03 4.129993229519295789e-02
6.765899864682002780e-03 4.129993229519295789e-02
6.765899864682002780e-03 4.197698036560595924e-02
7.442489851150203319e-03 4.197698036560595924e-02
7.442489851150203319e-03 4.265402843601896060e-02
8.119079837618402989e-03 4.265402843601896060e-02
8.119079837618402989e-03 4.468517264725795773e-02
8.795669824086603528e-03 4.468517264725795773e-02
8.795669824086603528e-03 4.942450914014895336e-02
9.472259810554804066e-03 4.942450914014895336e-02
9.472259810554804066e-03 5.145565335138795049e-02
1.014884979702300460e-02 5.145565335138795049e-02
1.014884979702300460e-02 5.416384563303994898e-02
1.082543978349120514e-02 5.416384563303994898e-02
1.082543978349120514e-02 5.484089370345294340e-02
1.217861975642760448e-02 5.484089370345294340e-02
1.217861975642760448e-02 5.619498984427894611e-02
1.353179972936400556e-02 5.619498984427894611e-02
1.353179972936400556e-02 5.687203791469194053e-02
1.488497970230040664e-02 5.687203791469194053e-02
1.488497970230040664e-02 5.822613405551794324e-02
1.623815967523680598e-02 5.822613405551794324e-02
1.623815967523680598e-02 6.161137440758293615e-02
1.759133964817320706e-02 6.161137440758293615e-02
1.759133964817320706e-02 6.228842247799593751e-02
1.826792963464140759e-02 6.228842247799593751e-02
1.826792963464140759e-02 6.499661475964793600e-02
1.894451962110960813e-02 6.499661475964793600e-02
1.894451962110960813e-02 6.770480704129992755e-02
2.029769959404600921e-02 6.770480704129992755e-02
2.029769959404600921e-02 7.041299932295193298e-02
2.165087956698241028e-02 7.041299932295193298e-02
2.165087956698241028e-02 7.312119160460392453e-02
2.300405953991880789e-02 7.312119160460392453e-02
2.300405953991880789e-02 7.718348002708191880e-02
2.368064952638700843e-02 7.718348002708191880e-02
2.368064952638700843e-02 7.921462423832091593e-02
2.435723951285520897e-02 7.921462423832091593e-02
2.435723951285520897e-02 8.395396073121191849e-02
2.571041948579161004e-02 8.395396073121191849e-02
2.571041948579161004e-02 8.530805687203792120e-02
2.638700947225981058e-02 8.530805687203792120e-02
2.638700947225981058e-02 8.598510494245091562e-02
2.774018944519621166e-02 8.598510494245091562e-02
2.841677943166441220e-02 8.598510494245091562e-02
2.841677943166441220e-02 8.666215301286391004e-02
2.909336941813261274e-02 8.666215301286391004e-02
3.044654939106901381e-02 8.666215301286391004e-02
3.044654939106901381e-02 9.072444143534190431e-02
3.112313937753721088e-02 9.072444143534190431e-02
3.112313937753721088e-02 9.275558564658090144e-02
3.382949932341001303e-02 9.275558564658090144e-02
3.382949932341001303e-02 9.614082599864590128e-02
3.585926928281461118e-02 9.614082599864590128e-02
3.585926928281461118e-02 9.817197020988489842e-02
3.788903924221921626e-02 9.817197020988489842e-02
3.788903924221921626e-02 1.022342586323628927e-01
3.856562922868741333e-02 1.022342586323628927e-01
3.856562922868741333e-02 1.029113067027759010e-01
3.991880920162381441e-02 1.029113067027759010e-01
3.991880920162381441e-02 1.042654028436018898e-01
4.194857916102841949e-02 1.042654028436018898e-01
4.194857916102841949e-02 1.062965470548408869e-01
4.330175913396482057e-02 1.062965470548408869e-01
4.330175913396482057e-02 1.103588354773188951e-01
4.397834912043301764e-02 1.103588354773188951e-01
4.397834912043301764e-02 1.117129316181448839e-01
4.600811907983761578e-02 1.117129316181448839e-01
4.600811907983761578e-02 1.171293161814488809e-01
4.736129905277401686e-02 1.171293161814488809e-01
4.736129905277401686e-02 1.184834123222748836e-01
4.803788903924222087e-02 1.184834123222748836e-01
4.803788903924222087e-02 1.198375084631008863e-01
4.871447902571041794e-02 1.198375084631008863e-01
4.871447902571041794e-02 1.225457007447528779e-01
5.006765899864681901e-02 1.225457007447528779e-01
5.006765899864681901e-02 1.238997968855788806e-01
5.074424898511502302e-02 1.238997968855788806e-01
5.074424898511502302e-02 1.272850372376438666e-01
5.345060893098781823e-02 1.272850372376438666e-01
5.345060893098781823e-02 1.306702775897088664e-01
5.480378890392421931e-02 1.306702775897088664e-01
5.548037889039242332e-02 1.306702775897088664e-01
5.548037889039242332e-02 1.333784698713608718e-01
5.615696887686062039e-02 1.333784698713608718e-01
5.615696887686062039e-02 1.394719025050778494e-01
5.818673883626522547e-02 1.394719025050778494e-01
5.818673883626522547e-02 1.421800947867298548e-01
5.953991880920162655e-02 1.421800947867298548e-01
5.953991880920162655e-02 1.442112389979688658e-01
6.021650879566982362e-02 1.442112389979688658e-01
6.021650879566982362e-02 1.455653351387948546e-01
6.089309878213802762e-02 1.455653351387948546e-01
6.089309878213802762e-02 1.475964793500338657e-01
6.224627875507442176e-02 1.475964793500338657e-01
6.224627875507442176e-02 1.489505754908598545e-01
6.359945872801082978e-02 1.489505754908598545e-01
6.562922868741542792e-02 1.489505754908598545e-01
6.562922868741542792e-02 1.536899119837508432e-01
6.698240866035182206e-02 1.536899119837508432e-01
6.698240866035182206e-02 1.550440081245768320e-01
6.833558863328823008e-02 1.550440081245768320e-01
6.833558863328823008e-02 1.557210561949898542e-01
7.104194857916103223e-02 1.557210561949898542e-01
7.104194857916103223e-02 1.570751523358158430e-01
7.171853856562922236e-02 1.570751523358158430e-01
7.171853856562922236e-02 1.584292484766418319e-01
7.239512855209742637e-02 1.584292484766418319e-01
7.239512855209742637e-02 1.591062965470548540e-01
7.374830852503383438e-02 1.591062965470548540e-01
7.374830852503383438e-02 1.611374407582938373e-01
7.510148849797022852e-02 1.611374407582938373e-01
7.510148849797022852e-02 1.624915368991198261e-01
7.577807848443843253e-02 1.624915368991198261e-01
7.577807848443843253e-02 1.645226811103588371e-01
7.983761840324762882e-02 1.645226811103588371e-01
7.983761840324762882e-02 1.658767772511848260e-01
8.051420838971583283e-02 1.658767772511848260e-01
8.051420838971583283e-02 1.672308733920108426e-01
8.119079837618403683e-02 1.672308733920108426e-01
8.119079837618403683e-02 1.679079214624238370e-01
8.322056833558863498e-02 1.679079214624238370e-01
8.322056833558863498e-02 1.753554502369668311e-01
8.457374830852502912e-02 1.753554502369668311e-01
8.457374830852502912e-02 1.800947867298578198e-01
8.525033829499323312e-02 1.800947867298578198e-01
8.525033829499323312e-02 1.807718348002708142e-01
8.660351826792964114e-02 1.807718348002708142e-01
8.660351826792964114e-02 1.814488828706838086e-01
8.728010825439783127e-02 1.814488828706838086e-01
8.728010825439783127e-02 1.834800270819228196e-01
8.930987821380242941e-02 1.834800270819228196e-01
9.066305818673883743e-02 1.834800270819228196e-01
9.066305818673883743e-02 1.841570751523358140e-01
9.133964817320704144e-02 1.841570751523358140e-01
9.133964817320704144e-02 1.861882193635748250e-01
9.201623815967523157e-02 1.861882193635748250e-01
9.201623815967523157e-02 1.882193635748138083e-01
9.269282814614343557e-02 1.882193635748138083e-01
9.269282814614343557e-02 1.888964116452268027e-01
9.336941813261163958e-02 1.888964116452268027e-01
9.336941813261163958e-02 1.895734597156397971e-01
9.539918809201623773e-02 1.895734597156397971e-01
9.539918809201623773e-02 1.902505077860528193e-01
9.607577807848444174e-02 1.902505077860528193e-01
9.607577807848444174e-02 1.909275558564658137e-01
9.675236806495263187e-02 1.909275558564658137e-01
9.810554803788903988e-02 1.909275558564658137e-01
9.878213802435724389e-02 1.909275558564658137e-01
9.878213802435724389e-02 1.916046039268788082e-01
9.945872801082543402e-02 1.916046039268788082e-01
9.945872801082543402e-02 1.949898442789438080e-01
1.008119079837618420e-01 1.949898442789438080e-01
1.014884979702300460e-01 1.949898442789438080e-01
1.014884979702300460e-01 1.956668923493568024e-01
1.021650879566982362e-01 1.956668923493568024e-01
1.021650879566982362e-01 1.976980365605958134e-01
1.028416779431664402e-01 1.976980365605958134e-01
1.028416779431664402e-01 1.983750846310088078e-01
1.035182679296346442e-01 1.983750846310088078e-01
1.035182679296346442e-01 2.004062288422477911e-01
1.048714479025710383e-01 2.004062288422477911e-01
1.048714479025710383e-01 2.017603249830738077e-01
1.062246278755074463e-01 2.017603249830738077e-01
1.062246278755074463e-01 2.024373730534868021e-01
1.082543978349120445e-01 2.024373730534868021e-01
1.082543978349120445e-01 2.037914691943127909e-01
1.089309878213802485e-01 2.037914691943127909e-01
1.089309878213802485e-01 2.044685172647257854e-01
1.096075778078484386e-01 2.044685172647257854e-01
1.096075778078484386e-01 2.058226134055518020e-01
1.102841677943166426e-01 2.058226134055518020e-01
1.102841677943166426e-01 2.064996614759647964e-01
1.116373477672530506e-01 2.064996614759647964e-01
1.116373477672530506e-01 2.153012863913337793e-01
1.123139377537212408e-01 2.153012863913337793e-01
1.123139377537212408e-01 2.180094786729857848e-01
1.136671177266576488e-01 2.180094786729857848e-01
1.136671177266576488e-01 2.186865267433987792e-01
1.143437077131258389e-01 2.186865267433987792e-01
1.143437077131258389e-01 2.227488151658767734e-01
1.150202976995940429e-01 2.227488151658767734e-01
1.150202976995940429e-01 2.261340555179417733e-01
1.156968876860622469e-01 2.261340555179417733e-01
1.156968876860622469e-01 2.268111035883547677e-01
1.163734776725304509e-01 2.268111035883547677e-01
1.163734776725304509e-01 2.295192958700067731e-01
1.170500676589986411e-01 2.295192958700067731e-01
1.184032476319350491e-01 2.295192958700067731e-01
1.190798376184032531e-01 2.295192958700067731e-01
1.190798376184032531e-01 2.301963439404197675e-01
1.211096075778078512e-01 2.301963439404197675e-01
1.211096075778078512e-01 2.308733920108327620e-01
1.217861975642760552e-01 2.308733920108327620e-01
1.217861975642760552e-01 2.315504400812457564e-01
1.224627875507442454e-01 2.315504400812457564e-01
1.224627875507442454e-01 2.322274881516587786e-01
1.231393775372124494e-01 2.322274881516587786e-01
1.244925575101488435e-01 2.322274881516587786e-01
1.251691474966170614e-01 2.322274881516587786e-01
1.251691474966170614e-01 2.329045362220717730e-01
1.258457374830852515e-01 2.329045362220717730e-01
1.258457374830852515e-01 2.342586323628977618e-01
1.271989174560216596e-01 2.342586323628977618e-01
1.271989174560216596e-01 2.349356804333107562e-01
1.285520974289580398e-01 2.349356804333107562e-01
1.285520974289580398e-01 2.410291130670277615e-01
1.292286874154262577e-01 2.410291130670277615e-01
1.292286874154262577e-01 2.423832092078537503e-01
1.299052774018944478e-01 2.423832092078537503e-01
1.299052774018944478e-01 2.471225457007447390e-01
1.312584573748308558e-01 2.471225457007447390e-01
1.312584573748308558e-01 2.484766418415707556e-01
1.319350473612990460e-01 2.484766418415707556e-01
1.319350473612990460e-01 2.518618821936357555e-01
1.332882273342354540e-01 2.518618821936357555e-01
1.332882273342354540e-01 2.532159783344617443e-01
1.339648173207036441e-01 2.532159783344617443e-01
1.339648173207036441e-01 2.552471225457007553e-01
1.346414073071718620e-01 2.552471225457007553e-01
1.346414073071718620e-01 2.559241706161137220e-01
1.353179972936400521e-01 2.559241706161137220e-01
1.353179972936400521e-01 2.566012186865267442e-01
1.359945872801082423e-01 2.566012186865267442e-01
1.359945872801082423e-01 2.586323628977657552e-01
1.380243572395128682e-01 2.586323628977657552e-01
1.393775372124492484e-01 2.586323628977657552e-01
1.400541271989174663e-01 2.586323628977657552e-01
1.400541271989174663e-01 2.593094109681787218e-01
1.407307171853856564e-01 2.593094109681787218e-01
1.407307171853856564e-01 2.620176032498307550e-01
1.414073071718538466e-01 2.620176032498307550e-01
1.414073071718538466e-01 2.667569397427217437e-01
1.420838971583220645e-01 2.667569397427217437e-01
1.420838971583220645e-01 2.681110358835477325e-01
1.434370771312584447e-01 2.681110358835477325e-01
1.461434370771312607e-01 2.681110358835477325e-01
1.495263870094722669e-01 2.681110358835477325e-01
1.508795669824086472e-01 2.681110358835477325e-01
1.508795669824086472e-01 2.701421800947867435e-01
1.515561569688768651e-01 2.701421800947867435e-01
1.515561569688768651e-01 2.708192281651997102e-01
1.529093369418132731e-01 2.708192281651997102e-01
1.529093369418132731e-01 2.714962762356127324e-01
1.542625169147496533e-01 2.714962762356127324e-01
1.556156968876860613e-01 2.714962762356127324e-01
1.556156968876860613e-01 2.721733243060257545e-01
1.562922868741542515e-01 2.721733243060257545e-01
1.562922868741542515e-01 2.735274204468517434e-01
1.576454668470906595e-01 2.735274204468517434e-01
1.576454668470906595e-01 2.748815165876777322e-01
1.583220568335588496e-01 2.748815165876777322e-01
1.583220568335588496e-01 2.755585646580906989e-01
1.596752368064952576e-01 2.755585646580906989e-01
1.596752368064952576e-01 2.762356127285037211e-01
1.610284167794316657e-01 2.762356127285037211e-01
1.610284167794316657e-01 2.775897088693297099e-01
1.623815967523680737e-01 2.775897088693297099e-01
1.623815967523680737e-01 2.789438050101556987e-01
1.630581867388362638e-01 2.789438050101556987e-01
1.630581867388362638e-01 2.809749492213947097e-01
1.637347767253044539e-01 2.809749492213947097e-01
1.637347767253044539e-01 2.823290453622206986e-01
1.664411366711772700e-01 2.823290453622206986e-01
1.671177266576454601e-01 2.823290453622206986e-01
1.671177266576454601e-01 2.870683818551116873e-01
1.691474966170500582e-01 2.870683818551116873e-01
1.691474966170500582e-01 2.877454299255247094e-01
1.698240866035182761e-01 2.877454299255247094e-01
1.698240866035182761e-01 2.884224779959377316e-01
1.725304465493910644e-01 2.884224779959377316e-01
1.725304465493910644e-01 2.890995260663506983e-01
1.732070365358592823e-01 2.890995260663506983e-01
1.732070365358592823e-01 2.904536222071766871e-01
1.738836265223274724e-01 2.904536222071766871e-01
1.738836265223274724e-01 2.924847664184156981e-01
1.752368064952638804e-01 2.924847664184156981e-01
1.752368064952638804e-01 2.931618144888287203e-01
1.759133964817320706e-01 2.931618144888287203e-01
1.759133964817320706e-01 2.945159106296547091e-01
1.765899864682002607e-01 2.945159106296547091e-01
1.765899864682002607e-01 2.958700067704806980e-01
1.779431664411366687e-01 2.958700067704806980e-01
1.779431664411366687e-01 2.965470548408937201e-01
1.786197564276048588e-01 2.965470548408937201e-01
1.786197564276048588e-01 2.972241029113066868e-01
1.792963464140730767e-01 2.972241029113066868e-01
1.792963464140730767e-01 2.979011509817197090e-01
1.799729364005412668e-01 2.979011509817197090e-01
1.799729364005412668e-01 2.985781990521326756e-01
1.813261163734776749e-01 2.985781990521326756e-01
1.813261163734776749e-01 2.992552471225456978e-01
1.820027063599458650e-01 2.992552471225456978e-01
1.820027063599458650e-01 2.999322951929587200e-01
1.833558863328822730e-01 2.999322951929587200e-01
1.833558863328822730e-01 3.026404874746106977e-01
1.840324763193504631e-01 3.026404874746106977e-01
1.840324763193504631e-01 3.039945836154366865e-01
1.847090663058186810e-01 3.039945836154366865e-01
1.847090663058186810e-01 3.087339201083276752e-01
1.860622462787550613e-01 3.087339201083276752e-01
1.867388362652232792e-01 3.087339201083276752e-01
1.867388362652232792e-01 3.094109681787406974e-01
1.874154262516914693e-01 3.094109681787406974e-01
1.874154262516914693e-01 3.100880162491536640e-01
1.901217861975642853e-01 3.100880162491536640e-01
1.901217861975642853e-01 3.107650643195666862e-01
1.907983761840324755e-01 3.107650643195666862e-01
1.921515561569688835e-01 3.107650643195666862e-01
1.921515561569688835e-01 3.114421123899797084e-01
1.935047361299052637e-01 3.114421123899797084e-01
1.935047361299052637e-01 3.141503046716316860e-01
1.948579161028416717e-01 3.141503046716316860e-01
1.948579161028416717e-01 3.148273527420447082e-01
1.955345060893098896e-01 3.148273527420447082e-01
1.955345060893098896e-01 3.155044008124576749e-01
1.962110960757780798e-01 3.155044008124576749e-01
1.962110960757780798e-01 3.161814488828706970e-01
1.968876860622462699e-01 3.161814488828706970e-01
1.968876860622462699e-01 3.168584969532836637e-01
1.975642760487144878e-01 3.168584969532836637e-01
1.975642760487144878e-01 3.188896411645226747e-01
1.982408660351826779e-01 3.188896411645226747e-01
1.982408660351826779e-01 3.209207853757616857e-01
1.995940460081190859e-01 3.209207853757616857e-01
1.995940460081190859e-01 3.222748815165876746e-01
2.002706359945872761e-01 3.222748815165876746e-01
2.016238159675236841e-01 3.222748815165876746e-01
2.023004059539918742e-01 3.222748815165876746e-01
2.036535859269282822e-01 3.222748815165876746e-01
2.036535859269282822e-01 3.249830737982396522e-01
2.056833558863328804e-01 3.249830737982396522e-01
2.056833558863328804e-01 3.256601218686526744e-01
2.070365358592692884e-01 3.256601218686526744e-01
2.070365358592692884e-01 3.297224102911306964e-01
2.077131258457374785e-01 3.297224102911306964e-01
2.077131258457374785e-01 3.303994583615436631e-01
2.090663058186738865e-01 3.303994583615436631e-01
2.090663058186738865e-01 3.310765064319566853e-01
2.104194857916102945e-01 3.310765064319566853e-01
2.104194857916102945e-01 3.331076506431956408e-01
2.110960757780784847e-01 3.331076506431956408e-01
2.110960757780784847e-01 3.398781313473256405e-01
2.124492557510148927e-01 3.398781313473256405e-01
2.124492557510148927e-01 3.412322274881516848e-01
2.131258457374830828e-01 3.412322274881516848e-01
2.131258457374830828e-01 3.432633716993906403e-01
2.144790257104194908e-01 3.432633716993906403e-01
2.144790257104194908e-01 3.439404197698036625e-01
2.158322056833558988e-01 3.439404197698036625e-01
2.158322056833558988e-01 3.446174678402166291e-01
2.165087956698240890e-01 3.446174678402166291e-01
2.165087956698240890e-01 3.466486120514556402e-01
2.185385656292286871e-01 3.466486120514556402e-01
2.185385656292286871e-01 3.493568043331076733e-01
2.212449255751014754e-01 3.493568043331076733e-01
2.219215155615696933e-01 3.493568043331076733e-01
2.219215155615696933e-01 3.507109004739336622e-01
2.225981055480378834e-01 3.507109004739336622e-01
2.225981055480378834e-01 3.534190927555856399e-01
2.239512855209742914e-01 3.534190927555856399e-01
2.239512855209742914e-01 3.540961408259986620e-01
2.253044654939106994e-01 3.540961408259986620e-01
2.253044654939106994e-01 3.554502369668246509e-01
2.273342354533152976e-01 3.554502369668246509e-01
2.273342354533152976e-01 3.568043331076506397e-01
2.286874154262516778e-01 3.568043331076506397e-01
2.300405953991880859e-01 3.568043331076506397e-01
2.300405953991880859e-01 3.574813811780636619e-01
2.307171853856563037e-01 3.574813811780636619e-01
2.320703653585926840e-01 3.574813811780636619e-01
2.327469553450609019e-01 3.574813811780636619e-01
2.327469553450609019e-01 3.595125253893026174e-01
2.341001353179972821e-01 3.595125253893026174e-01
2.341001353179972821e-01 3.642518618821936616e-01
2.347767253044655000e-01 3.642518618821936616e-01
2.347767253044655000e-01 3.656059580230196504e-01
2.354533152909336902e-01 3.656059580230196504e-01
2.354533152909336902e-01 3.689911983750846503e-01
2.368064952638700982e-01 3.689911983750846503e-01
2.381596752368065062e-01 3.689911983750846503e-01
2.381596752368065062e-01 3.696682464454976169e-01
2.395128552097428865e-01 3.696682464454976169e-01
2.415426251691474846e-01 3.696682464454976169e-01
2.415426251691474846e-01 3.710223425863236058e-01
2.422192151556157025e-01 3.710223425863236058e-01
2.422192151556157025e-01 3.716993906567366279e-01
2.428958051420838926e-01 3.716993906567366279e-01
2.428958051420838926e-01 3.723764387271496501e-01
2.442489851150203006e-01 3.723764387271496501e-01
2.442489851150203006e-01 3.737305348679756389e-01
2.449255751014884908e-01 3.737305348679756389e-01
2.449255751014884908e-01 3.744075829383886056e-01
2.456021650879567086e-01 3.744075829383886056e-01
2.456021650879567086e-01 3.750846310088016278e-01
2.469553450608930889e-01 3.750846310088016278e-01
2.469553450608930889e-01 3.757616790792146499e-01
2.476319350473613068e-01 3.757616790792146499e-01
2.476319350473613068e-01 3.771157752200406388e-01
2.489851150202976870e-01 3.771157752200406388e-01
2.489851150202976870e-01 3.777928232904536054e-01
2.496617050067659049e-01 3.777928232904536054e-01
2.510148849797023130e-01 3.777928232904536054e-01
2.510148849797023130e-01 3.798239675016926165e-01
2.523680649526386932e-01 3.798239675016926165e-01
2.523680649526386932e-01 3.825321597833445941e-01
2.537212449255751290e-01 3.825321597833445941e-01
2.537212449255751290e-01 3.832092078537576163e-01
2.550744248985115092e-01 3.832092078537576163e-01
2.550744248985115092e-01 3.852403520649966273e-01
2.564276048714478895e-01 3.852403520649966273e-01
2.584573748308525154e-01 3.852403520649966273e-01
2.584573748308525154e-01 3.859174001354095940e-01
2.598105548037888957e-01 3.859174001354095940e-01
2.598105548037888957e-01 3.865944482058226161e-01
2.604871447902570858e-01 3.865944482058226161e-01
2.604871447902570858e-01 3.879485443466486050e-01
2.625169147496617117e-01 3.879485443466486050e-01
2.625169147496617117e-01 3.926878808395395937e-01
2.631935047361299018e-01 3.926878808395395937e-01
2.631935047361299018e-01 3.933649289099526158e-01
2.652232746955345277e-01 3.933649289099526158e-01
2.665764546684709080e-01 3.933649289099526158e-01
2.665764546684709080e-01 3.940419769803655825e-01
2.672530446549390981e-01 3.940419769803655825e-01
2.672530446549390981e-01 3.953960731211916269e-01
2.679296346414072882e-01 3.953960731211916269e-01
2.679296346414072882e-01 3.967501692620176157e-01
2.686062246278755339e-01 3.967501692620176157e-01
2.686062246278755339e-01 3.981042654028436045e-01
2.692828146143437240e-01 3.981042654028436045e-01
2.692828146143437240e-01 3.994583615436695934e-01
2.699594046008119141e-01 3.994583615436695934e-01
2.699594046008119141e-01 4.008124576844955822e-01
2.726657645466847302e-01 4.008124576844955822e-01
2.740189445196211104e-01 4.008124576844955822e-01
2.740189445196211104e-01 4.014895057549086044e-01
2.746955345060893006e-01 4.014895057549086044e-01
2.746955345060893006e-01 4.028436018957345932e-01
2.753721244925574907e-01 4.028436018957345932e-01
2.753721244925574907e-01 4.041976980365605820e-01
2.767253044654939265e-01 4.041976980365605820e-01
2.767253044654939265e-01 4.048747461069736042e-01
2.774018944519621166e-01 4.048747461069736042e-01
2.774018944519621166e-01 4.062288422477995931e-01
2.780784844384303067e-01 4.062288422477995931e-01
2.780784844384303067e-01 4.075829383886255819e-01
2.794316644113666870e-01 4.075829383886255819e-01
2.794316644113666870e-01 4.116452268111036039e-01
2.801082543978349326e-01 4.116452268111036039e-01
2.801082543978349326e-01 4.123222748815165706e-01
2.821380243572395030e-01 4.123222748815165706e-01
2.821380243572395030e-01 4.136763710223425594e-01
2.834912043301759388e-01 4.136763710223425594e-01
2.841677943166441289e-01 4.136763710223425594e-01
2.841677943166441289e-01 4.150304671631686038e-01
2.855209742895805092e-01 4.150304671631686038e-01
2.855209742895805092e-01 4.163845633039945926e-01
2.868741542625168894e-01 4.163845633039945926e-01
2.868741542625168894e-01 4.170616113744075593e-01
2.875507442489851351e-01 4.170616113744075593e-01
2.889039242219215153e-01 4.170616113744075593e-01
2.889039242219215153e-01 4.184157075152336036e-01
2.902571041948578956e-01 4.184157075152336036e-01
2.902571041948578956e-01 4.190927555856465703e-01
2.909336941813261412e-01 4.190927555856465703e-01
2.909336941813261412e-01 4.197698036560595924e-01
2.916102841677943314e-01 4.197698036560595924e-01
2.916102841677943314e-01 4.204468517264725591e-01
2.943166441136670919e-01 4.204468517264725591e-01
2.943166441136670919e-01 4.218009478672986035e-01
2.956698240866035277e-01 4.218009478672986035e-01
2.970230040595399079e-01 4.218009478672986035e-01
2.970230040595399079e-01 4.224779959377115701e-01
2.976995940460080980e-01 4.224779959377115701e-01
2.976995940460080980e-01 4.245091401489505811e-01
2.990527740189445338e-01 4.245091401489505811e-01
2.990527740189445338e-01 4.251861882193635478e-01
2.997293640054127239e-01 4.251861882193635478e-01
2.997293640054127239e-01 4.265402843601895921e-01
3.004059539918809141e-01 4.265402843601895921e-01
3.004059539918809141e-01 4.278943805010155810e-01
3.024357239512855400e-01 4.278943805010155810e-01
3.024357239512855400e-01 4.299255247122545920e-01
3.037889039242219202e-01 4.299255247122545920e-01
3.037889039242219202e-01 4.312796208530805808e-01
3.064952638700947363e-01 4.312796208530805808e-01
3.064952638700947363e-01 4.319566689234935475e-01
3.085250338294993067e-01 4.319566689234935475e-01
3.085250338294993067e-01 4.339878131347325585e-01
3.098782138024357424e-01 4.339878131347325585e-01
3.112313937753721227e-01 4.339878131347325585e-01
3.112313937753721227e-01 4.360189573459715695e-01
3.119079837618403128e-01 4.360189573459715695e-01
3.119079837618403128e-01 4.373730534867975583e-01
3.125845737483085029e-01 4.373730534867975583e-01
3.125845737483085029e-01 4.387271496276235472e-01
3.139377537212449387e-01 4.387271496276235472e-01
3.146143437077131289e-01 4.387271496276235472e-01
3.146143437077131289e-01 4.421123899796885470e-01
3.152909336941813190e-01 4.421123899796885470e-01
3.166441136671176992e-01 4.421123899796885470e-01
3.173207036535859449e-01 4.421123899796885470e-01
3.173207036535859449e-01 4.427894380501015692e-01
3.186738836265223251e-01 4.427894380501015692e-01
3.186738836265223251e-01 4.441435341909275580e-01
3.193504736129905153e-01 4.441435341909275580e-01
3.193504736129905153e-01 4.502369668246445356e-01
3.200270635994587054e-01 4.502369668246445356e-01
3.200270635994587054e-01 4.515910629654705244e-01
3.207036535859269510e-01 4.515910629654705244e-01
3.207036535859269510e-01 4.536222071767095354e-01
3.213802435723951412e-01 4.536222071767095354e-01
3.213802435723951412e-01 4.556533513879485464e-01
3.220568335588633313e-01 4.556533513879485464e-01
3.220568335588633313e-01 4.563303994583615686e-01
3.240866035182679572e-01 4.563303994583615686e-01
3.240866035182679572e-01 4.583615436696005241e-01
3.247631935047361473e-01 4.583615436696005241e-01
3.247631935047361473e-01 4.610697359512525573e-01
3.254397834912043375e-01 4.610697359512525573e-01
3.267929634641407177e-01 4.610697359512525573e-01
3.267929634641407177e-01 4.617467840216655239e-01
3.294993234100135338e-01 4.617467840216655239e-01
3.294993234100135338e-01 4.637779282329045349e-01
3.301759133964817239e-01 4.637779282329045349e-01
3.301759133964817239e-01 4.658090724441435460e-01
3.308525033829499140e-01 4.658090724441435460e-01
3.308525033829499140e-01 4.664861205145565126e-01
3.322056833558863498e-01 4.664861205145565126e-01
3.322056833558863498e-01 4.678402166553825570e-01
3.328822733423545399e-01 4.678402166553825570e-01
3.328822733423545399e-01 4.691943127962085458e-01
3.335588633288227300e-01 4.691943127962085458e-01
3.335588633288227300e-01 4.705484089370345346e-01
3.362652232746955461e-01 4.705484089370345346e-01
3.376184032476319263e-01 4.705484089370345346e-01
3.376184032476319263e-01 4.712254570074475013e-01
3.389715832205683621e-01 4.712254570074475013e-01
3.396481732070365522e-01 4.712254570074475013e-01
3.396481732070365522e-01 4.732566012186865123e-01
3.403247631935047424e-01 4.732566012186865123e-01
3.416779431664411226e-01 4.732566012186865123e-01
3.423545331529093128e-01 4.732566012186865123e-01
3.423545331529093128e-01 4.739336492890995345e-01
3.430311231393775584e-01 4.739336492890995345e-01
3.443843031123139387e-01 4.739336492890995345e-01
3.450608930987821288e-01 4.739336492890995345e-01
3.450608930987821288e-01 4.773188896411645343e-01
3.464140730717185646e-01 4.773188896411645343e-01
3.464140730717185646e-01 4.786729857819905232e-01
3.497970230040595152e-01 4.786729857819905232e-01
3.497970230040595152e-01 4.807041299932295342e-01
3.504736129905277608e-01 4.807041299932295342e-01
3.504736129905277608e-01 4.834123222748815119e-01
3.511502029769959510e-01 4.834123222748815119e-01
3.511502029769959510e-01 4.840893703452945340e-01
3.518267929634641411e-01 4.840893703452945340e-01
3.518267929634641411e-01 4.847664184157075007e-01
3.525033829499323312e-01 4.847664184157075007e-01
3.525033829499323312e-01 4.854434664861205229e-01
3.538565629228687670e-01 4.854434664861205229e-01
3.552097428958051473e-01 4.854434664861205229e-01
3.552097428958051473e-01 4.867975626269465117e-01
3.565629228687415275e-01 4.867975626269465117e-01
3.565629228687415275e-01 4.874746106973595339e-01
3.572395128552097177e-01 4.874746106973595339e-01
3.572395128552097177e-01 4.881516587677725005e-01
3.579161028416779633e-01 4.881516587677725005e-01
3.579161028416779633e-01 4.888287068381855227e-01
3.606224627875507238e-01 4.888287068381855227e-01
3.606224627875507238e-01 4.915368991198375004e-01
3.619756427604871596e-01 4.915368991198375004e-01
3.619756427604871596e-01 4.922139471902505226e-01
3.633288227334235398e-01 4.922139471902505226e-01
3.640054127198917300e-01 4.922139471902505226e-01
3.640054127198917300e-01 4.928909952606634892e-01
3.653585926928281657e-01 4.928909952606634892e-01
3.653585926928281657e-01 4.935680433310765114e-01
3.673883626522327361e-01 4.935680433310765114e-01
3.673883626522327361e-01 4.949221394719025002e-01
3.700947225981055522e-01 4.949221394719025002e-01
3.700947225981055522e-01 4.969532836831415112e-01
3.728010825439783682e-01 4.969532836831415112e-01
3.728010825439783682e-01 4.976303317535544779e-01
3.734776725304465583e-01 4.976303317535544779e-01
3.748308525033829386e-01 4.976303317535544779e-01
3.748308525033829386e-01 4.989844278943805223e-01
3.761840324763193744e-01 4.989844278943805223e-01
3.761840324763193744e-01 4.996614759647934889e-01
3.775372124492557546e-01 4.996614759647934889e-01
3.782138024357239448e-01 4.996614759647934889e-01
3.782138024357239448e-01 5.003385240352065111e-01
3.788903924221921349e-01 5.003385240352065111e-01
3.788903924221921349e-01 5.010155721056195333e-01
3.795669824086603250e-01 5.010155721056195333e-01
3.795669824086603250e-01 5.016926201760324444e-01
3.802435723951285707e-01 5.016926201760324444e-01
3.802435723951285707e-01 5.023696682464454666e-01
3.809201623815967608e-01 5.023696682464454666e-01
3.809201623815967608e-01 5.064319566689234886e-01
3.822733423545331410e-01 5.064319566689234886e-01
3.836265223274695768e-01 5.064319566689234886e-01
3.836265223274695768e-01 5.071090047393365108e-01
3.856562922868741472e-01 5.071090047393365108e-01
3.856562922868741472e-01 5.104942450914015106e-01
3.876860622462787731e-01 5.104942450914015106e-01
3.890392422192151534e-01 5.104942450914015106e-01
3.890392422192151534e-01 5.111712931618145328e-01
3.897158322056833435e-01 5.111712931618145328e-01
3.897158322056833435e-01 5.132024373730534883e-01
3.903924221921515336e-01 5.132024373730534883e-01
3.903924221921515336e-01 5.138794854434665105e-01
3.910690121786197793e-01 5.138794854434665105e-01
3.910690121786197793e-01 5.145565335138795326e-01
3.924221921515561595e-01 5.145565335138795326e-01
3.924221921515561595e-01 5.152335815842924438e-01
3.944519621109607854e-01 5.152335815842924438e-01
3.958051420838971657e-01 5.152335815842924438e-01
3.964817320703653558e-01 5.152335815842924438e-01
3.964817320703653558e-01 5.172647257955315103e-01
3.985115020297699817e-01 5.172647257955315103e-01
3.985115020297699817e-01 5.213270142180095323e-01
3.991880920162381718e-01 5.213270142180095323e-01
3.991880920162381718e-01 5.220040622884224435e-01
3.998646820027063620e-01 5.220040622884224435e-01
3.998646820027063620e-01 5.226811103588354657e-01
4.025710419485791780e-01 5.226811103588354657e-01
4.025710419485791780e-01 5.253893026404874433e-01
4.039242219215155583e-01 5.253893026404874433e-01
4.039242219215155583e-01 5.260663507109004655e-01
4.059539918809201842e-01 5.260663507109004655e-01
4.059539918809201842e-01 5.274204468517265099e-01
4.066305818673883743e-01 5.274204468517265099e-01
4.093369418132611903e-01 5.274204468517265099e-01
4.093369418132611903e-01 5.280974949221394210e-01
4.100135317997293805e-01 5.280974949221394210e-01
4.100135317997293805e-01 5.308056872037915097e-01
4.106901217861975706e-01 5.308056872037915097e-01
4.106901217861975706e-01 5.314827352742044209e-01
4.113667117726657607e-01 5.314827352742044209e-01
4.113667117726657607e-01 5.368991198375084872e-01
4.120433017591339508e-01 5.368991198375084872e-01
4.133964817320703866e-01 5.368991198375084872e-01
4.140730717185385767e-01 5.368991198375084872e-01
4.140730717185385767e-01 5.389302640487474427e-01
4.154262516914749570e-01 5.389302640487474427e-01
4.154262516914749570e-01 5.402843601895734871e-01
4.181326116373477730e-01 5.402843601895734871e-01
4.181326116373477730e-01 5.409614082599865093e-01
4.194857916102841533e-01 5.409614082599865093e-01
4.201623815967523434e-01 5.409614082599865093e-01
4.201623815967523434e-01 5.423155044008124426e-01
4.215155615696887792e-01 5.423155044008124426e-01
4.215155615696887792e-01 5.436696005416384869e-01
4.221921515561569693e-01 5.436696005416384869e-01
4.221921515561569693e-01 5.443466486120515091e-01
4.228687415426251595e-01 5.443466486120515091e-01
4.242219215155615952e-01 5.443466486120515091e-01
4.242219215155615952e-01 5.463777928232904646e-01
4.255751014884979755e-01 5.463777928232904646e-01
4.255751014884979755e-01 5.477318889641163979e-01
4.276048714479025459e-01 5.477318889641163979e-01
4.276048714479025459e-01 5.484089370345294201e-01
4.282814614343707915e-01 5.484089370345294201e-01
4.282814614343707915e-01 5.504400812457684866e-01
4.296346414073071718e-01 5.504400812457684866e-01
4.296346414073071718e-01 5.538253215978334865e-01
4.303112313937753619e-01 5.538253215978334865e-01
4.316644113667117977e-01 5.538253215978334865e-01
4.316644113667117977e-01 5.585646580907244196e-01
4.323410013531799878e-01 5.585646580907244196e-01
4.323410013531799878e-01 5.592417061611374418e-01
4.357239512855209940e-01 5.592417061611374418e-01
4.357239512855209940e-01 5.612728503723763973e-01
4.370771312584573742e-01 5.612728503723763973e-01
4.370771312584573742e-01 5.619498984427894195e-01
4.377537212449255644e-01 5.619498984427894195e-01
4.391069012178620001e-01 5.619498984427894195e-01
4.391069012178620001e-01 5.633039945836154638e-01
4.404600811907983804e-01 5.633039945836154638e-01
4.404600811907983804e-01 5.653351387948544193e-01
4.418132611637347607e-01 5.653351387948544193e-01
4.418132611637347607e-01 5.660121868652674415e-01
4.424898511502029508e-01 5.660121868652674415e-01
4.424898511502029508e-01 5.666892349356804637e-01
4.431664411366711964e-01 5.666892349356804637e-01
4.431664411366711964e-01 5.680433310765063970e-01
4.445196211096075767e-01 5.680433310765063970e-01
4.445196211096075767e-01 5.714285714285713969e-01
4.451962110960757668e-01 5.714285714285713969e-01
4.451962110960757668e-01 5.721056194989844190e-01
4.458728010825439569e-01 5.721056194989844190e-01
4.458728010825439569e-01 5.727826675693974412e-01
4.465493910690122026e-01 5.727826675693974412e-01
4.465493910690122026e-01 5.754908598510494189e-01
4.472259810554803927e-01 5.754908598510494189e-01
4.472259810554803927e-01 5.768449559918754632e-01
4.485791610284167730e-01 5.768449559918754632e-01
4.485791610284167730e-01 5.815842924847663964e-01
4.492557510148849631e-01 5.815842924847663964e-01
4.492557510148849631e-01 5.822613405551794186e-01
4.499323410013531532e-01 5.822613405551794186e-01
4.499323410013531532e-01 5.829383886255924407e-01
4.506089309878213989e-01 5.829383886255924407e-01
4.506089309878213989e-01 5.890318212593094183e-01
4.512855209742895890e-01 5.890318212593094183e-01
4.512855209742895890e-01 5.897088693297224404e-01
4.526387009472259693e-01 5.897088693297224404e-01
4.526387009472259693e-01 5.903859174001354626e-01
4.533152909336941594e-01 5.903859174001354626e-01
4.546684709066305952e-01 5.903859174001354626e-01
4.553450608930987853e-01 5.903859174001354626e-01
4.553450608930987853e-01 5.930941096817874403e-01
4.560216508795669754e-01 5.930941096817874403e-01
4.560216508795669754e-01 5.937711577522003514e-01
4.566982408660351656e-01 5.937711577522003514e-01
4.566982408660351656e-01 5.944482058226133736e-01
4.573748308525033557e-01 5.944482058226133736e-01
4.573748308525033557e-01 5.958023019634394180e-01
4.580514208389716013e-01 5.958023019634394180e-01
4.580514208389716013e-01 5.971563981042653513e-01
4.600811907983761717e-01 5.971563981042653513e-01
4.600811907983761717e-01 5.978334461746783735e-01
4.614343707713126075e-01 5.978334461746783735e-01
4.614343707713126075e-01 5.985104942450913956e-01
4.634641407307171779e-01 5.985104942450913956e-01
4.648173207036536136e-01 5.985104942450913956e-01
4.648173207036536136e-01 5.991875423155044178e-01
4.661705006765899939e-01 5.991875423155044178e-01
4.661705006765899939e-01 5.998645903859174400e-01
4.668470906630581840e-01 5.998645903859174400e-01
4.668470906630581840e-01 6.005416384563303511e-01
4.675236806495263742e-01 6.005416384563303511e-01
4.675236806495263742e-01 6.018957345971563955e-01
4.682002706359945643e-01 6.018957345971563955e-01
4.682002706359945643e-01 6.032498307379824398e-01
4.709066305818673803e-01 6.032498307379824398e-01
4.709066305818673803e-01 6.039268788083953510e-01
4.729364005412720062e-01 6.039268788083953510e-01
4.729364005412720062e-01 6.059580230196344175e-01
4.742895805142083865e-01 6.059580230196344175e-01
4.742895805142083865e-01 6.079891672308733730e-01
4.749661705006765766e-01 6.079891672308733730e-01
4.749661705006765766e-01 6.086662153012863952e-01
4.763193504736130124e-01 6.086662153012863952e-01
4.763193504736130124e-01 6.100203114421124395e-01
4.769959404600812025e-01 6.100203114421124395e-01
4.769959404600812025e-01 6.113744075829383728e-01
4.776725304465493926e-01 6.113744075829383728e-01
4.803788903924222087e-01 6.113744075829383728e-01
4.803788903924222087e-01 6.120514556533513950e-01
4.810554803788903988e-01 6.120514556533513950e-01
4.810554803788903988e-01 6.134055517941774394e-01
4.824086603518267791e-01 6.134055517941774394e-01
4.824086603518267791e-01 6.140825998645903505e-01
4.844384303112314050e-01 6.140825998645903505e-01
4.844384303112314050e-01 6.161137440758294170e-01
4.851150202976995951e-01 6.161137440758294170e-01
4.851150202976995951e-01 6.167907921462423282e-01
4.857916102841677852e-01 6.167907921462423282e-01
4.857916102841677852e-01 6.201760324983073280e-01
4.864682002706359754e-01 6.201760324983073280e-01
4.884979702300406013e-01 6.201760324983073280e-01
4.884979702300406013e-01 6.208530805687203502e-01
4.905277401894451716e-01 6.208530805687203502e-01
4.905277401894451716e-01 6.235612728503723279e-01
4.912043301759134173e-01 6.235612728503723279e-01
4.925575101488497975e-01 6.235612728503723279e-01
4.945872801082544234e-01 6.235612728503723279e-01
4.945872801082544234e-01 6.289776574136763942e-01
4.952638700947226136e-01 6.289776574136763942e-01
4.952638700947226136e-01 6.310088016249153497e-01
4.966170500676589938e-01 6.310088016249153497e-01
4.966170500676589938e-01 6.316858496953283719e-01
4.979702300405953741e-01 6.316858496953283719e-01
4.979702300405953741e-01 6.323628977657413941e-01
4.993234100135318099e-01 6.323628977657413941e-01
5.000000000000000000e-01 6.323628977657413941e-01
5.000000000000000000e-01 6.343940419769803496e-01
5.013531799729363803e-01 6.343940419769803496e-01
5.020297699594046259e-01 6.343940419769803496e-01
5.020297699594046259e-01 6.357481381178063939e-01
5.047361299052773864e-01 6.357481381178063939e-01
5.047361299052773864e-01 6.364251861882194161e-01
5.060893098782137667e-01 6.364251861882194161e-01
5.060893098782137667e-01 6.377792823290453494e-01
5.067658998646820123e-01 6.377792823290453494e-01
5.081190798376183926e-01 6.377792823290453494e-01
5.081190798376183926e-01 6.384563303994583716e-01
5.108254397834911531e-01 6.384563303994583716e-01
5.108254397834911531e-01 6.398104265402843049e-01
5.115020297699593987e-01 6.398104265402843049e-01
5.115020297699593987e-01 6.404874746106973271e-01
5.128552097428957790e-01 6.404874746106973271e-01
5.148849797023004049e-01 6.404874746106973271e-01
5.148849797023004049e-01 6.411645226811103493e-01
5.162381596752367852e-01 6.411645226811103493e-01
5.162381596752367852e-01 6.418415707515233715e-01
5.169147496617050308e-01 6.418415707515233715e-01
5.169147496617050308e-01 6.438727149627623270e-01
5.182679296346414111e-01 6.438727149627623270e-01
5.182679296346414111e-01 6.459038591740013935e-01
5.196211096075777913e-01 6.459038591740013935e-01
5.209742895805141716e-01 6.459038591740013935e-01
5.209742895805141716e-01 6.479350033852403490e-01
5.216508795669824172e-01 6.479350033852403490e-01
5.216508795669824172e-01 6.499661475964793045e-01
5.223274695534506629e-01 6.499661475964793045e-01
5.236806495263870431e-01 6.499661475964793045e-01
5.236806495263870431e-01 6.506431956668923267e-01
5.243572395128551777e-01 6.506431956668923267e-01
5.243572395128551777e-01 6.513202437373053488e-01
5.250338294993234234e-01 6.513202437373053488e-01
5.250338294993234234e-01 6.526743398781313932e-01
5.257104194857915580e-01 6.526743398781313932e-01
5.257104194857915580e-01 6.547054840893703487e-01
5.270635994587280493e-01 6.547054840893703487e-01
5.284167794316644295e-01 6.547054840893703487e-01
5.284167794316644295e-01 6.553825321597833709e-01
5.297699594046008098e-01 6.553825321597833709e-01
5.297699594046008098e-01 6.560595802301963930e-01
5.311231393775371901e-01 6.560595802301963930e-01
5.311231393775371901e-01 6.574136763710223264e-01
5.317997293640054357e-01 6.574136763710223264e-01
5.331529093369418160e-01 6.574136763710223264e-01
5.338294993234100616e-01 6.574136763710223264e-01
5.338294993234100616e-01 6.580907244414353485e-01
5.345060893098781962e-01 6.580907244414353485e-01
5.345060893098781962e-01 6.594448205822613929e-01
5.351826792963464419e-01 6.594448205822613929e-01
5.351826792963464419e-01 6.601218686526743040e-01
5.358592692828145765e-01 6.601218686526743040e-01
5.358592692828145765e-01 6.607989167230873262e-01
5.372124492557510678e-01 6.607989167230873262e-01
5.372124492557510678e-01 6.621530128639133705e-01
5.378890392422192024e-01 6.621530128639133705e-01
5.378890392422192024e-01 6.628300609343262817e-01
5.385656292286874480e-01 6.628300609343262817e-01
5.385656292286874480e-01 6.641841570751523260e-01
5.412719891745602085e-01 6.641841570751523260e-01
5.412719891745602085e-01 6.655382532159783704e-01
5.426251691474965888e-01 6.655382532159783704e-01
5.439783491204329691e-01 6.655382532159783704e-01
5.439783491204329691e-01 6.662153012863912815e-01
5.453315290933694603e-01 6.662153012863912815e-01
5.460081190798375950e-01 6.662153012863912815e-01
5.460081190798375950e-01 6.668923493568043037e-01
5.473612990527739752e-01 6.668923493568043037e-01
5.473612990527739752e-01 6.675693974272173259e-01
5.480378890392422209e-01 6.675693974272173259e-01
5.480378890392422209e-01 6.682464454976303481e-01
5.493910690121786011e-01 6.682464454976303481e-01
5.493910690121786011e-01 6.689234935680433702e-01
5.500676589986468468e-01 6.689234935680433702e-01
5.500676589986468468e-01 6.702775897088693036e-01
5.514208389715832270e-01 6.702775897088693036e-01
5.534506089309878529e-01 6.702775897088693036e-01
5.534506089309878529e-01 6.709546377792823257e-01
5.541271989174559875e-01 6.709546377792823257e-01
5.541271989174559875e-01 6.716316858496953479e-01
5.548037889039242332e-01 6.716316858496953479e-01
5.548037889039242332e-01 6.723087339201083701e-01
5.554803788903923678e-01 6.723087339201083701e-01
5.554803788903923678e-01 6.729857819905212812e-01
5.561569688768606134e-01 6.729857819905212812e-01
5.581867388362652393e-01 6.729857819905212812e-01
5.595399188092016196e-01 6.729857819905212812e-01
5.602165087956698653e-01 6.729857819905212812e-01
5.602165087956698653e-01 6.736628300609343034e-01
5.608930987821379999e-01 6.736628300609343034e-01
5.608930987821379999e-01 6.743398781313473256e-01
5.622462787550743801e-01 6.743398781313473256e-01
5.635994587280108714e-01 6.743398781313473256e-01
5.635994587280108714e-01 6.750169262017603478e-01
5.649526387009472517e-01 6.750169262017603478e-01
5.649526387009472517e-01 6.756939742721733699e-01
5.656292286874153863e-01 6.756939742721733699e-01
5.656292286874153863e-01 6.763710223425862811e-01
5.663058186738836319e-01 6.763710223425862811e-01
5.663058186738836319e-01 6.770480704129993033e-01
5.676589986468200122e-01 6.770480704129993033e-01
5.696887686062246381e-01 6.770480704129993033e-01
5.703653585926927727e-01 6.770480704129993033e-01
5.703653585926927727e-01 6.777251184834123254e-01
5.717185385656292640e-01 6.777251184834123254e-01
5.717185385656292640e-01 6.790792146242383698e-01
5.723951285520973986e-01 6.790792146242383698e-01
5.723951285520973986e-01 6.797562626946512809e-01
5.730717185385656443e-01 6.797562626946512809e-01
5.730717185385656443e-01 6.804333107650643031e-01
5.737483085250337789e-01 6.804333107650643031e-01
5.751014884979702702e-01 6.811103588354773253e-01
5.751014884979702702e-01 6.824644549763033696e-01
5.764546684709066504e-01 6.824644549763033696e-01
5.764546684709066504e-01 6.838185511171293030e-01
5.778078484438430307e-01 6.838185511171293030e-01
5.805142083897157912e-01 6.838185511171293030e-01
5.805142083897157912e-01 6.844955991875423251e-01
5.811907983761840368e-01 6.844955991875423251e-01
5.811907983761840368e-01 6.885578876100203471e-01
5.825439783491204171e-01 6.885578876100203471e-01
5.838971583220567974e-01 6.885578876100203471e-01
5.845737483085250430e-01 6.885578876100203471e-01
5.845737483085250430e-01 6.905890318212593026e-01
5.852503382949932886e-01 6.905890318212593026e-01
5.852503382949932886e-01 6.919431279620853470e-01
5.859269282814614233e-01 6.919431279620853470e-01
5.859269282814614233e-01 6.926201760324982581e-01
5.886332882273341838e-01 6.926201760324982581e-01
5.886332882273341838e-01 6.932972241029112803e-01
5.893098782138024294e-01 6.932972241029112803e-01
5.893098782138024294e-01 6.939742721733243025e-01
5.899864682002706751e-01 6.939742721733243025e-01
5.899864682002706751e-01 6.960054163845632580e-01
5.906630581867388097e-01 6.960054163845632580e-01
5.906630581867388097e-01 6.966824644549762802e-01
5.920162381596751899e-01 6.966824644549762802e-01
5.920162381596751899e-01 6.973595125253893023e-01
5.926928281461434356e-01 6.973595125253893023e-01
5.926928281461434356e-01 6.980365605958023245e-01
5.953991880920161961e-01 6.980365605958023245e-01
5.953991880920161961e-01 7.000677048070412800e-01
5.967523680649526874e-01 7.000677048070412800e-01
5.967523680649526874e-01 7.014218009478673244e-01
5.974289580514208220e-01 7.014218009478673244e-01
5.974289580514208220e-01 7.027758970886932577e-01
5.981055480378890676e-01 7.027758970886932577e-01
5.981055480378890676e-01 7.034529451591062799e-01
5.994587280108254479e-01 7.034529451591062799e-01
5.994587280108254479e-01 7.041299932295193020e-01
6.001353179972936935e-01 7.041299932295193020e-01
6.001353179972936935e-01 7.054840893703453464e-01
6.014884979702300738e-01 7.054840893703453464e-01
6.014884979702300738e-01 7.061611374407582575e-01
6.021650879566982084e-01 7.061611374407582575e-01
6.021650879566982084e-01 7.075152335815843019e-01
6.035182679296345887e-01 7.075152335815843019e-01
6.035182679296345887e-01 7.081922816519973241e-01
6.069012178619755948e-01 7.081922816519973241e-01
6.069012178619755948e-01 7.136086662153012794e-01
6.075778078484438405e-01 7.136086662153012794e-01
6.075778078484438405e-01 7.142857142857143016e-01
6.089309878213802207e-01 7.142857142857143016e-01
6.089309878213802207e-01 7.156398104265402349e-01
6.102841677943166010e-01 7.156398104265402349e-01
6.116373477672530923e-01 7.156398104265402349e-01
6.116373477672530923e-01 7.163168584969532571e-01
6.123139377537212269e-01 7.163168584969532571e-01
6.150202976995940984e-01 7.163168584969532571e-01
6.150202976995940984e-01 7.176709546377793014e-01
6.156968876860622331e-01 7.176709546377793014e-01
6.156968876860622331e-01 7.183480027081923236e-01
6.163734776725304787e-01 7.183480027081923236e-01
6.163734776725304787e-01 7.197020988490182569e-01
6.170500676589986133e-01 7.197020988490182569e-01
6.170500676589986133e-01 7.210561949898443013e-01
6.184032476319349936e-01 7.210561949898443013e-01
6.184032476319349936e-01 7.217332430602573234e-01
6.190798376184032392e-01 7.217332430602573234e-01
6.190798376184032392e-01 7.224102911306702346e-01
6.211096075778078651e-01 7.224102911306702346e-01
6.224627875507442454e-01 7.224102911306702346e-01
6.231393775372124910e-01 7.224102911306702346e-01
6.231393775372124910e-01 7.237643872714962789e-01
6.244925575101488713e-01 7.237643872714962789e-01
6.244925575101488713e-01 7.244414353419093011e-01
6.258457374830852515e-01 7.244414353419093011e-01
6.271989174560216318e-01 7.244414353419093011e-01
6.271989174560216318e-01 7.257955314827352344e-01
6.285520974289580121e-01 7.257955314827352344e-01
6.285520974289580121e-01 7.264725795531482566e-01
6.299052774018945033e-01 7.264725795531482566e-01
6.312584573748308836e-01 7.264725795531482566e-01
6.312584573748308836e-01 7.271496276235612788e-01
6.326116373477672639e-01 7.271496276235612788e-01
6.366711772665764046e-01 7.271496276235612788e-01
6.380243572395128959e-01 7.271496276235612788e-01
6.380243572395128959e-01 7.298578199052132565e-01
6.393775372124492762e-01 7.298578199052132565e-01
6.393775372124492762e-01 7.312119160460393008e-01
6.400541271989174108e-01 7.312119160460393008e-01
6.400541271989174108e-01 7.345971563981043007e-01
6.407307171853856564e-01 7.345971563981043007e-01
6.407307171853856564e-01 7.366283006093432562e-01
6.414073071718539021e-01 7.366283006093432562e-01
6.414073071718539021e-01 7.373053486797562783e-01
6.427604871447902823e-01 7.373053486797562783e-01
6.427604871447902823e-01 7.379823967501693005e-01
6.434370771312584170e-01 7.379823967501693005e-01
6.434370771312584170e-01 7.386594448205822117e-01
6.447902571041949082e-01 7.386594448205822117e-01
6.447902571041949082e-01 7.406905890318212782e-01
6.454668470906630429e-01 7.406905890318212782e-01
6.454668470906630429e-01 7.413676371022343004e-01
6.468200270635994231e-01 7.413676371022343004e-01
6.468200270635994231e-01 7.420446851726472115e-01
6.474966170500676688e-01 7.420446851726472115e-01
6.474966170500676688e-01 7.433987813134732558e-01
6.481732070365359144e-01 7.433987813134732558e-01
6.481732070365359144e-01 7.447528774542993002e-01
6.488497970230040490e-01 7.447528774542993002e-01
6.488497970230040490e-01 7.454299255247122113e-01
6.495263870094722947e-01 7.454299255247122113e-01
6.495263870094722947e-01 7.481381178063643000e-01
6.502029769959404293e-01 7.481381178063643000e-01
6.502029769959404293e-01 7.488151658767772112e-01
6.508795669824086749e-01 7.488151658767772112e-01
6.508795669824086749e-01 7.501692620176032555e-01
6.515561569688768095e-01 7.501692620176032555e-01
6.515561569688768095e-01 7.515233581584292999e-01
6.529093369418133008e-01 7.515233581584292999e-01
6.529093369418133008e-01 7.528774542992552332e-01
6.535859269282814354e-01 7.528774542992552332e-01
6.535859269282814354e-01 7.535545023696682554e-01
6.542625169147496811e-01 7.535545023696682554e-01
6.542625169147496811e-01 7.542315504400812776e-01
6.556156968876860613e-01 7.542315504400812776e-01
6.562922868741543070e-01 7.542315504400812776e-01
6.562922868741543070e-01 7.555856465809072109e-01
6.576454668470906872e-01 7.555856465809072109e-01
6.576454668470906872e-01 7.569397427217332552e-01
6.589986468200270675e-01 7.569397427217332552e-01
6.589986468200270675e-01 7.576167907921462774e-01
6.603518267929634478e-01 7.576167907921462774e-01
6.610284167794316934e-01 7.576167907921462774e-01
6.610284167794316934e-01 7.589708869329722107e-01
6.617050067658998280e-01 7.589708869329722107e-01
6.617050067658998280e-01 7.596479350033852329e-01
6.623815967523680737e-01 7.596479350033852329e-01
6.623815967523680737e-01 7.603249830737982551e-01
6.650879566982408342e-01 7.603249830737982551e-01
6.650879566982408342e-01 7.630331753554502328e-01
6.657645466847090798e-01 7.630331753554502328e-01
6.657645466847090798e-01 7.637102234258632549e-01
6.671177266576454601e-01 7.637102234258632549e-01
6.671177266576454601e-01 7.643872714962762771e-01
6.691474966170500860e-01 7.643872714962762771e-01
6.705006765899864662e-01 7.643872714962762771e-01
6.705006765899864662e-01 7.650643195666891883e-01
6.711772665764547119e-01 7.650643195666891883e-01
6.725304465493910921e-01 7.650643195666891883e-01
6.725304465493910921e-01 7.664184157075152326e-01
6.732070365358592268e-01 7.664184157075152326e-01
6.732070365358592268e-01 7.677725118483412770e-01
6.752368064952638527e-01 7.677725118483412770e-01
6.752368064952638527e-01 7.684495599187541881e-01
6.772665764546684786e-01 7.684495599187541881e-01
6.772665764546684786e-01 7.691266079891672103e-01
6.779431664411367242e-01 7.691266079891672103e-01
6.779431664411367242e-01 7.698036560595802325e-01
6.786197564276048588e-01 7.698036560595802325e-01
6.786197564276048588e-01 7.704807041299932546e-01
6.792963464140731045e-01 7.704807041299932546e-01
6.792963464140731045e-01 7.718348002708191880e-01
6.799729364005412391e-01 7.718348002708191880e-01
6.799729364005412391e-01 7.731888964116452323e-01
6.813261163734776193e-01 7.731888964116452323e-01
6.813261163734776193e-01 7.765741367637102321e-01
6.826792963464141106e-01 7.765741367637102321e-01
6.826792963464141106e-01 7.779282329045362765e-01
6.833558863328822452e-01 7.779282329045362765e-01
6.833558863328822452e-01 7.786052809749491876e-01
6.847090663058186255e-01 7.786052809749491876e-01
6.847090663058186255e-01 7.799593771157752320e-01
6.860622462787551168e-01 7.799593771157752320e-01
6.860622462787551168e-01 7.806364251861882542e-01
6.874154262516914971e-01 7.806364251861882542e-01
6.894451962110961230e-01 7.806364251861882542e-01
6.894451962110961230e-01 7.819905213270141875e-01
6.907983761840325032e-01 7.819905213270141875e-01
6.907983761840325032e-01 7.846987136086661652e-01
6.914749661705006378e-01 7.846987136086661652e-01
6.928281461434371291e-01 7.846987136086661652e-01
6.941813261163735094e-01 7.846987136086661652e-01
6.941813261163735094e-01 7.860528097494922095e-01
6.948579161028416440e-01 7.860528097494922095e-01
6.948579161028416440e-01 7.867298578199052317e-01
6.955345060893098896e-01 7.867298578199052317e-01
6.955345060893098896e-01 7.880839539607311650e-01
6.982408660351826502e-01 7.880839539607311650e-01
6.995940460081190304e-01 7.880839539607311650e-01
6.995940460081190304e-01 7.887610020311441872e-01
7.002706359945872761e-01 7.887610020311441872e-01
7.023004059539919020e-01 7.887610020311441872e-01
7.043301759133965279e-01 7.887610020311441872e-01
7.056833558863329081e-01 7.887610020311441872e-01
7.056833558863329081e-01 7.901150981719702315e-01
7.063599458728010427e-01 7.901150981719702315e-01
7.063599458728010427e-01 7.914691943127961649e-01
7.077131258457375340e-01 7.914691943127961649e-01
7.077131258457375340e-01 7.921462423832091870e-01
7.090663058186739143e-01 7.921462423832091870e-01
7.110960757780784292e-01 7.921462423832091870e-01
7.124492557510149204e-01 7.921462423832091870e-01
7.124492557510149204e-01 7.928232904536222092e-01
7.138024357239513007e-01 7.928232904536222092e-01
7.138024357239513007e-01 7.941773865944482536e-01
7.151556156968876810e-01 7.941773865944482536e-01
7.151556156968876810e-01 7.962085308056872091e-01
7.158322056833559266e-01 7.962085308056872091e-01
7.158322056833559266e-01 7.982396750169261646e-01
7.185385656292286871e-01 7.982396750169261646e-01
7.198917456021650674e-01 7.982396750169261646e-01
7.198917456021650674e-01 7.995937711577522089e-01
7.205683355886333130e-01 7.995937711577522089e-01
7.205683355886333130e-01 8.002708192281652311e-01
7.219215155615696933e-01 8.002708192281652311e-01
7.219215155615696933e-01 8.009478672985782532e-01
7.225981055480379389e-01 8.009478672985782532e-01
7.239512855209743192e-01 8.009478672985782532e-01
7.239512855209743192e-01 8.029790115098172087e-01
7.253044654939106994e-01 8.029790115098172087e-01
7.253044654939106994e-01 8.036560595802302309e-01
7.266576454668470797e-01 8.036560595802302309e-01
7.273342354533153253e-01 8.036560595802302309e-01
7.273342354533153253e-01 8.056872037914691864e-01
7.280108254397834600e-01 8.056872037914691864e-01
7.280108254397834600e-01 8.070412999322952308e-01
7.300405953991880859e-01 8.070412999322952308e-01
7.300405953991880859e-01 8.083953960731211641e-01
7.307171853856563315e-01 8.083953960731211641e-01
7.307171853856563315e-01 8.104265402843602306e-01
7.320703653585927118e-01 8.104265402843602306e-01
7.320703653585927118e-01 8.111035883547731418e-01
7.327469553450608464e-01 8.111035883547731418e-01
7.341001353179973377e-01 8.111035883547731418e-01
7.341001353179973377e-01 8.117806364251861639e-01
7.347767253044654723e-01 8.117806364251861639e-01
7.361299052774018525e-01 8.117806364251861639e-01
7.361299052774018525e-01 8.151658767772511638e-01
7.368064952638700982e-01 8.151658767772511638e-01
7.368064952638700982e-01 8.165199729180772081e-01
7.374830852503383438e-01 8.165199729180772081e-01
7.374830852503383438e-01 8.192281651997291858e-01
7.395128552097428587e-01 8.192281651997291858e-01
7.395128552097428587e-01 8.199052132701422080e-01
7.401894451962111043e-01 8.199052132701422080e-01
7.401894451962111043e-01 8.212593094109681413e-01
7.408660351826793500e-01 8.212593094109681413e-01
7.408660351826793500e-01 8.219363574813811635e-01
7.422192151556157302e-01 8.219363574813811635e-01
7.442489851150202451e-01 8.219363574813811635e-01
7.442489851150202451e-01 8.226134055517941857e-01
7.456021650879567364e-01 8.226134055517941857e-01
7.456021650879567364e-01 8.232904536222072078e-01
7.462787550744248710e-01 8.232904536222072078e-01
7.462787550744248710e-01 8.239675016926202300e-01
7.469553450608931167e-01 8.239675016926202300e-01
7.469553450608931167e-01 8.246445497630331412e-01
7.483085250338294969e-01 8.246445497630331412e-01
7.483085250338294969e-01 8.253215978334461633e-01
7.496617050067658772e-01 8.253215978334461633e-01
7.496617050067658772e-01 8.266756939742722077e-01
7.503382949932341228e-01 8.266756939742722077e-01
7.503382949932341228e-01 8.273527420446851188e-01
7.510148849797022574e-01 8.273527420446851188e-01
7.510148849797022574e-01 8.287068381855111632e-01
7.516914749661705031e-01 8.287068381855111632e-01
7.516914749661705031e-01 8.293838862559241853e-01
7.530446549391068833e-01 8.293838862559241853e-01
7.543978349120432636e-01 8.293838862559241853e-01
7.543978349120432636e-01 8.300609343263372075e-01
7.557510148849797549e-01 8.300609343263372075e-01
7.557510148849797549e-01 8.307379823967501187e-01
7.564276048714478895e-01 8.307379823967501187e-01
7.564276048714478895e-01 8.341232227488151185e-01
7.577807848443842698e-01 8.341232227488151185e-01
7.584573748308525154e-01 8.341232227488151185e-01
7.584573748308525154e-01 8.354773188896411629e-01
7.604871447902571413e-01 8.354773188896411629e-01
7.618403247631935216e-01 8.354773188896411629e-01
7.638700947225981475e-01 8.354773188896411629e-01
7.652232746955345277e-01 8.354773188896411629e-01
7.658998646820026623e-01 8.354773188896411629e-01
7.672530446549391536e-01 8.354773188896411629e-01
7.679296346414072882e-01 8.354773188896411629e-01
7.679296346414072882e-01 8.368314150304672072e-01
7.686062246278755339e-01 8.368314150304672072e-01
7.686062246278755339e-01 8.388625592417061627e-01
7.706359945872801598e-01 8.388625592417061627e-01
7.706359945872801598e-01 8.395396073121191849e-01
7.733423545331529203e-01 8.395396073121191849e-01
7.740189445196210549e-01 8.395396073121191849e-01
7.740189445196210549e-01 8.402166553825322071e-01
7.753721244925575462e-01 8.402166553825322071e-01
7.753721244925575462e-01 8.422477995937711626e-01
7.760487144790256808e-01 8.422477995937711626e-01
7.760487144790256808e-01 8.429248476641841847e-01
7.767253044654939265e-01 8.429248476641841847e-01
7.767253044654939265e-01 8.436018957345972069e-01
7.794316644113666870e-01 8.436018957345972069e-01
7.794316644113666870e-01 8.442789438050101181e-01
7.801082543978349326e-01 8.442789438050101181e-01
7.801082543978349326e-01 8.463100880162491846e-01
7.807848443843030672e-01 8.463100880162491846e-01
7.807848443843030672e-01 8.469871360866622068e-01
7.821380243572395585e-01 8.469871360866622068e-01
7.841677943166440734e-01 8.469871360866622068e-01
7.841677943166440734e-01 8.496953283683141844e-01
7.855209742895805647e-01 8.496953283683141844e-01
7.868741542625169449e-01 8.496953283683141844e-01
7.868741542625169449e-01 8.503723764387270956e-01
7.882273342354533252e-01 8.503723764387270956e-01
7.882273342354533252e-01 8.510494245091401178e-01
7.895805142083897055e-01 8.510494245091401178e-01
7.895805142083897055e-01 8.517264725795531399e-01
7.902571041948579511e-01 8.517264725795531399e-01
7.902571041948579511e-01 8.524035206499661621e-01
7.916102841677943314e-01 8.524035206499661621e-01
7.936400541271989573e-01 8.524035206499661621e-01
7.943166441136670919e-01 8.524035206499661621e-01
7.943166441136670919e-01 8.530805687203791843e-01
7.963464140730717178e-01 8.530805687203791843e-01
7.963464140730717178e-01 8.537576167907920954e-01
7.976995940460080980e-01 8.537576167907920954e-01
7.976995940460080980e-01 8.544346648612051176e-01
7.990527740189444783e-01 8.544346648612051176e-01
7.990527740189444783e-01 8.551117129316181398e-01
8.031123139377537301e-01 8.551117129316181398e-01
8.031123139377537301e-01 8.571428571428570953e-01
8.044654939106901104e-01 8.571428571428570953e-01
8.044654939106901104e-01 8.578199052132701175e-01
8.058186738836264906e-01 8.578199052132701175e-01
8.064952638700947363e-01 8.578199052132701175e-01
8.064952638700947363e-01 8.584969532836831396e-01
8.078484438430311165e-01 8.584969532836831396e-01
8.078484438430311165e-01 8.598510494245091840e-01
8.085250338294993622e-01 8.598510494245091840e-01
8.085250338294993622e-01 8.612051455653351173e-01
8.092016238159674968e-01 8.612051455653351173e-01
8.112313937753721227e-01 8.612051455653351173e-01
8.119079837618403683e-01 8.612051455653351173e-01
8.119079837618403683e-01 8.618821936357481395e-01
8.125845737483085029e-01 8.618821936357481395e-01
8.125845737483085029e-01 8.645903859174001171e-01
8.152909336941813745e-01 8.645903859174001171e-01
8.152909336941813745e-01 8.659444820582261615e-01
8.166441136671177548e-01 8.659444820582261615e-01
8.186738836265223807e-01 8.659444820582261615e-01
8.186738836265223807e-01 8.693297224102911613e-01
8.193504736129905153e-01 8.693297224102911613e-01
8.193504736129905153e-01 8.700067704807041835e-01
8.213802435723951412e-01 8.700067704807041835e-01
8.213802435723951412e-01 8.713608666215301168e-01
8.227334235453315214e-01 8.713608666215301168e-01
8.240866035182679017e-01 8.713608666215301168e-01
8.240866035182679017e-01 8.727149627623561612e-01
8.247631935047361473e-01 8.727149627623561612e-01
8.247631935047361473e-01 8.733920108327690723e-01
8.267929634641407732e-01 8.733920108327690723e-01
8.281461434370771535e-01 8.733920108327690723e-01
8.281461434370771535e-01 8.747461069735951167e-01
8.288227334235452881e-01 8.747461069735951167e-01
8.288227334235452881e-01 8.767772511848340722e-01
8.301759133964817794e-01 8.767772511848340722e-01
8.301759133964817794e-01 8.788083953960731387e-01
8.308525033829499140e-01 8.788083953960731387e-01
8.308525033829499140e-01 8.794854434664861609e-01
8.315290933694181597e-01 8.794854434664861609e-01
8.315290933694181597e-01 8.808395396073120942e-01
8.322056833558862943e-01 8.808395396073120942e-01
8.322056833558862943e-01 8.821936357481381386e-01
8.335588633288227856e-01 8.821936357481381386e-01
8.335588633288227856e-01 8.828706838185511607e-01
8.342354533152909202e-01 8.828706838185511607e-01
8.342354533152909202e-01 8.835477318889640719e-01
8.349120433017591658e-01 8.835477318889640719e-01
8.349120433017591658e-01 8.842247799593770941e-01
8.355886332882273004e-01 8.842247799593770941e-01
8.355886332882273004e-01 8.849018280297901162e-01
8.362652232746955461e-01 8.849018280297901162e-01
8.362652232746955461e-01 8.862559241706161606e-01
8.369418132611636807e-01 8.862559241706161606e-01
8.369418132611636807e-01 8.876100203114420939e-01
8.376184032476319263e-01 8.876100203114420939e-01
8.376184032476319263e-01 8.882870683818551161e-01
8.396481732070365522e-01 8.882870683818551161e-01
8.396481732070365522e-01 8.896411645226811604e-01
8.410013531799729325e-01 8.896411645226811604e-01
8.410013531799729325e-01 8.903182125930940716e-01
8.423545331529093128e-01 8.903182125930940716e-01
8.437077131258456930e-01 8.903182125930940716e-01
8.437077131258456930e-01 8.909952606635070937e-01
8.443843031123139387e-01 8.909952606635070937e-01
8.443843031123139387e-01 8.923493568043331381e-01
8.457374830852503189e-01 8.923493568043331381e-01
8.457374830852503189e-01 8.930264048747461603e-01
8.464140730717185646e-01 8.930264048747461603e-01
8.464140730717185646e-01 8.937034529451590714e-01
8.470906630581866992e-01 8.937034529451590714e-01
8.497970230040595707e-01 8.937034529451590714e-01
8.497970230040595707e-01 8.943805010155720936e-01
8.511502029769959510e-01 8.943805010155720936e-01
8.525033829499323312e-01 8.943805010155720936e-01
8.538565629228687115e-01 8.943805010155720936e-01
8.538565629228687115e-01 8.957345971563981379e-01
8.552097428958050918e-01 8.957345971563981379e-01
8.579161028416779633e-01 8.957345971563981379e-01
8.606224627875507238e-01 8.957345971563981379e-01
8.606224627875507238e-01 8.970886932972240713e-01
8.640054127198917300e-01 8.970886932972240713e-01
8.640054127198917300e-01 8.991198375084631378e-01
8.660351826792963559e-01 8.991198375084631378e-01
8.660351826792963559e-01 9.004739336492890711e-01
8.667117726657646015e-01 9.004739336492890711e-01
8.687415426251691164e-01 9.004739336492890711e-01
8.694181326116373620e-01 9.004739336492890711e-01
8.694181326116373620e-01 9.025050778605281376e-01
8.700947225981054967e-01 9.025050778605281376e-01
8.700947225981054967e-01 9.038591740013540710e-01
8.714479025710419879e-01 9.038591740013540710e-01
8.714479025710419879e-01 9.052132701421801153e-01
8.728010825439783682e-01 9.052132701421801153e-01
8.728010825439783682e-01 9.079214624238320930e-01
8.761840324763193744e-01 9.079214624238320930e-01
8.761840324763193744e-01 9.092755585646581373e-01
8.775372124492557546e-01 9.092755585646581373e-01
8.795669824086603805e-01 9.092755585646581373e-01
8.795669824086603805e-01 9.099526066350710485e-01
8.802435723951285151e-01 9.099526066350710485e-01
8.802435723951285151e-01 9.113067027758970928e-01
8.815967523680650064e-01 9.113067027758970928e-01
8.822733423545331410e-01 9.113067027758970928e-01
8.822733423545331410e-01 9.119837508463101150e-01
8.843031123139377669e-01 9.119837508463101150e-01
8.856562922868741472e-01 9.119837508463101150e-01
8.856562922868741472e-01 9.133378469871360483e-01
8.863328822733423928e-01 9.133378469871360483e-01
8.863328822733423928e-01 9.140148950575490705e-01
8.876860622462787731e-01 9.140148950575490705e-01
8.890392422192151534e-01 9.140148950575490705e-01
8.890392422192151534e-01 9.160460392687881370e-01
8.897158322056833990e-01 9.160460392687881370e-01
8.910690121786197793e-01 9.160460392687881370e-01
8.917456021650879139e-01 9.160460392687881370e-01
8.917456021650879139e-01 9.167230873392010482e-01
8.924221921515561595e-01 9.167230873392010482e-01
8.937753721244925398e-01 9.167230873392010482e-01
8.951285520974289200e-01 9.167230873392010482e-01
8.951285520974289200e-01 9.174001354096140703e-01
8.958051420838971657e-01 9.174001354096140703e-01
8.958051420838971657e-01 9.207853757616790702e-01
8.964817320703654113e-01 9.207853757616790702e-01
8.964817320703654113e-01 9.214624238320920924e-01
8.985115020297699262e-01 9.214624238320920924e-01
8.985115020297699262e-01 9.221394719025051145e-01
8.998646820027063065e-01 9.221394719025051145e-01
8.998646820027063065e-01 9.228165199729180257e-01
9.012178619756427977e-01 9.228165199729180257e-01
9.012178619756427977e-01 9.241706161137440700e-01
9.018944519621109324e-01 9.241706161137440700e-01
9.018944519621109324e-01 9.248476641841570922e-01
9.032476319350473126e-01 9.248476641841570922e-01
9.046008119079838039e-01 9.248476641841570922e-01
9.046008119079838039e-01 9.275558564658090699e-01
9.066305818673883188e-01 9.275558564658090699e-01
9.073071718538565644e-01 9.275558564658090699e-01
9.093369418132611903e-01 9.275558564658090699e-01
9.113667117726658162e-01 9.275558564658090699e-01
9.113667117726658162e-01 9.302640487474610476e-01
9.120433017591339508e-01 9.302640487474610476e-01
9.120433017591339508e-01 9.309410968178740697e-01
9.127198917456021965e-01 9.309410968178740697e-01
9.127198917456021965e-01 9.316181448882870919e-01
9.133964817320703311e-01 9.316181448882870919e-01
9.147496617050067114e-01 9.316181448882870919e-01
9.147496617050067114e-01 9.336492890995260474e-01
9.167794316644113373e-01 9.336492890995260474e-01
9.167794316644113373e-01 9.343263371699390696e-01
9.181326116373477175e-01 9.343263371699390696e-01
9.188092016238159632e-01 9.343263371699390696e-01
9.201623815967523434e-01 9.343263371699390696e-01
9.201623815967523434e-01 9.350033852403520918e-01
9.215155615696887237e-01 9.350033852403520918e-01
9.228687415426252150e-01 9.350033852403520918e-01
9.228687415426252150e-01 9.363574813811780251e-01
9.242219215155615952e-01 9.363574813811780251e-01
9.242219215155615952e-01 9.370345294515910473e-01
9.248985115020297298e-01 9.370345294515910473e-01
9.262516914749662211e-01 9.370345294515910473e-01
9.276048714479026014e-01 9.370345294515910473e-01
9.276048714479026014e-01 9.377115775220040694e-01
9.289580514208389816e-01 9.377115775220040694e-01
9.289580514208389816e-01 9.383886255924170916e-01
9.303112313937753619e-01 9.383886255924170916e-01
9.303112313937753619e-01 9.397427217332430249e-01
9.316644113667117422e-01 9.397427217332430249e-01
9.323410013531799878e-01 9.397427217332430249e-01
9.336941813261163681e-01 9.397427217332430249e-01
9.336941813261163681e-01 9.404197698036560471e-01
9.350473612990527483e-01 9.404197698036560471e-01
9.357239512855209940e-01 9.404197698036560471e-01
9.357239512855209940e-01 9.431279620853080248e-01
9.364005412719891286e-01 9.431279620853080248e-01
9.364005412719891286e-01 9.444820582261340691e-01
9.377537212449256199e-01 9.444820582261340691e-01
9.391069012178620001e-01 9.444820582261340691e-01
9.391069012178620001e-01 9.451591062965470913e-01
9.397834912043301347e-01 9.451591062965470913e-01
9.397834912043301347e-01 9.458361543669600024e-01
9.411366711772666260e-01 9.458361543669600024e-01
9.411366711772666260e-01 9.465132024373730246e-01
9.418132611637347607e-01 9.465132024373730246e-01
9.418132611637347607e-01 9.471902505077860468e-01
9.451962110960757668e-01 9.471902505077860468e-01
9.451962110960757668e-01 9.498984427894380245e-01
9.458728010825440125e-01 9.498984427894380245e-01
9.458728010825440125e-01 9.519295870006770910e-01
9.472259810554803927e-01 9.519295870006770910e-01
9.472259810554803927e-01 9.546377792823290687e-01
9.479025710419485273e-01 9.546377792823290687e-01
9.479025710419485273e-01 9.559918754231550020e-01
9.492557510148850186e-01 9.559918754231550020e-01
9.492557510148850186e-01 9.566689234935680242e-01
9.499323410013531532e-01 9.566689234935680242e-01
9.499323410013531532e-01 9.573459715639810463e-01
9.512855209742895335e-01 9.573459715639810463e-01
9.512855209742895335e-01 9.580230196343940685e-01
9.526387009472260248e-01 9.580230196343940685e-01
9.526387009472260248e-01 9.593771157752200018e-01
9.533152909336941594e-01 9.593771157752200018e-01
9.533152909336941594e-01 9.620853080568720905e-01
9.546684709066305397e-01 9.620853080568720905e-01
9.546684709066305397e-01 9.627623561272850017e-01
9.553450608930987853e-01 9.627623561272850017e-01
9.566982408660351656e-01 9.627623561272850017e-01
9.573748308525034112e-01 9.627623561272850017e-01
9.573748308525034112e-01 9.654705484089369794e-01
9.594046008119080371e-01 9.654705484089369794e-01
9.600811907983761717e-01 9.654705484089369794e-01
9.600811907983761717e-01 9.661475964793500015e-01
9.607577807848444174e-01 9.661475964793500015e-01
9.607577807848444174e-01 9.688557887610019792e-01
9.614343707713125520e-01 9.688557887610019792e-01
9.627875507442489322e-01 9.688557887610019792e-01
9.627875507442489322e-01 9.695328368314150014e-01
9.634641407307171779e-01 9.695328368314150014e-01
9.648173207036535581e-01 9.695328368314150014e-01
9.661705006765899384e-01 9.695328368314150014e-01
9.661705006765899384e-01 9.702098849018280236e-01
9.668470906630581840e-01 9.702098849018280236e-01
9.668470906630581840e-01 9.715639810426540679e-01
9.682002706359945643e-01 9.715639810426540679e-01
9.682002706359945643e-01 9.729180771834800012e-01
9.688768606224628099e-01 9.729180771834800012e-01
9.688768606224628099e-01 9.735951252538930234e-01
9.695534506089309446e-01 9.735951252538930234e-01
9.709066305818674358e-01 9.735951252538930234e-01
9.722598105548038161e-01 9.735951252538930234e-01
9.722598105548038161e-01 9.742721733243060456e-01
9.729364005412719507e-01 9.742721733243060456e-01
9.742895805142084420e-01 9.742721733243060456e-01
9.742895805142084420e-01 9.769803656059580232e-01
9.749661705006765766e-01 9.769803656059580232e-01
9.763193504736129569e-01 9.769803656059580232e-01
9.769959404600812025e-01 9.769803656059580232e-01
9.769959404600812025e-01 9.783344617467840676e-01
9.783491204330175828e-01 9.783344617467840676e-01
9.783491204330175828e-01 9.790115098171969787e-01
9.797023004059539630e-01 9.790115098171969787e-01
9.797023004059539630e-01 9.796885578876100009e-01
9.810554803788903433e-01 9.796885578876100009e-01
9.824086603518268346e-01 9.796885578876100009e-01
9.837618403247632148e-01 9.796885578876100009e-01
9.837618403247632148e-01 9.851049424509140673e-01
9.844384303112313495e-01 9.851049424509140673e-01
9.844384303112313495e-01 9.857819905213269784e-01
9.857916102841678407e-01 9.857819905213269784e-01
9.871447902571042210e-01 9.857819905213269784e-01
9.871447902571042210e-01 9.878131347325660450e-01
9.891745602165088469e-01 9.878131347325660450e-01
9.891745602165088469e-01 9.898442789438050005e-01
9.905277401894452272e-01 9.898442789438050005e-01
9.905277401894452272e-01 9.925524712254569781e-01
9.918809201623816074e-01 9.925524712254569781e-01
9.932341001353179877e-01 9.925524712254569781e-01
9.945872801082543679e-01 9.925524712254569781e-01
9.945872801082543679e-01 9.952606635071089558e-01
9.952638700947226136e-01 9.952606635071089558e-01
9.952638700947226136e-01 9.966147596479350002e-01
9.959404600811907482e-01 9.966147596479350002e-01
9.959404600811907482e-01 9.979688557887610445e-01
9.966170500676589938e-01 9.979688557887610445e-01
9.993234100135317544e-01 9.979688557887610445e-01
9.993234100135317544e-01 9.993229519295869778e-01
1.000000000000000000e+00 9.993229519295869778e-01
1.000000000000000000e+00 1.000000000000000000e+00
