# auc=0.571
# acc=0.527
0.000000000000000000e+00 0.000000000000000000e+00
6.765899864682003214e-04 0.000000000000000000e+00
6.765899864682003214e-04 1.354096140825998594e-03
2.029769959404600747e-03 1.354096140825998594e-03
2.706359945872801286e-03 1.354096140825998594e-03
2.706359945872801286e-03 4.739336492890995622e-03
3.382949932341001390e-03 4.739336492890995622e-03
3.382949932341001390e-03 6.093432633716994000e-03
4.059539918809201495e-03 6.093432633716994000e-03
4.059539918809201495e-03 7.447528774542992377e-03
4.736129905277402033e-03 7.447528774542992377e-03
4.736129905277402033e-03 1.218686526743398800e-02
5.412719891745602571e-03 1.218686526743398800e-02
5.412719891745602571e-03 1.895734597156398249e-02
6.089309878213802242e-03 1.895734597156398249e-02
6.089309878213802242e-03 1.963439404197698038e-02
6.765899864682002780e-03 1.963439404197698038e-02
8.119079837618402989e-03 1.963439404197698038e-02
8.119079837618402989e-03 2.301963439404197675e-02
8.795669824086603528e-03 2.301963439404197675e-02
8.795669824086603528e-03 2.505077860528097389e-02
9.472259810554804066e-03 2.505077860528097389e-02
9.472259810554804066e-03 2.843601895734597026e-02
1.014884979702300460e-02 2.843601895734597026e-02
1.014884979702300460e-02 2.911306702775897162e-02
1.082543978349120514e-02 2.911306702775897162e-02
1.082543978349120514e-02 2.979011509817196951e-02
1.150202976995940395e-02 2.979011509817196951e-02
1.150202976995940395e-02 3.182125930941096664e-02
1.217861975642760448e-02 3.182125930941096664e-02
1.217861975642760448e-02 3.452945159106296513e-02
1.285520974289580502e-02 3.452945159106296513e-02
1.285520974289580502e-02 3.520649966147596649e-02
1.353179972936400556e-02 3.520649966147596649e-02
1.353179972936400556e-02 3.791469194312796498e-02
1.488497970230040664e-02 3.791469194312796498e-02
1.488497970230040664e-02 4.062288422477995653e-02
1.623815967523680598e-02 4.062288422477995653e-02
1.623815967523680598e-02 4.129993229519295789e-02
1.691474966170500652e-02 4.129993229519295789e-02
1.826792963464140759e-02 4.129993229519295789e-02
1.826792963464140759e-02 4.400812457684495638e-02
1.894451962110960813e-02 4.400812457684495638e-02
2.029769959404600921e-02 4.400812457684495638e-02
2.029769959404600921e-02 4.671631685849695487e-02
2.300405953991880789e-02 4.671631685849695487e-02
2.300405953991880789e-02 5.348679756262694762e-02
2.368064952638700843e-02 5.348679756262694762e-02
2.368064952638700843e-02 5.484089370345294340e-02
2.841677943166441220e-02 5.484089370345294340e-02
2.841677943166441220e-02 6.499661475964793600e-02
2.909336941813261274e-02 6.499661475964793600e-02
2.909336941813261274e-02 7.379823967501693283e-02
3.112313937753721088e-02 7.379823967501693283e-02
3.112313937753721088e-02 7.447528774542992724e-02
3.315290933694181597e-02 7.447528774542992724e-02
3.315290933694181597e-02 7.650643195666892438e-02
3.382949932341001303e-02 7.650643195666892438e-02
3.382949932341001303e-02 7.718348002708191880e-02
3.518267929634641411e-02 7.718348002708191880e-02
3.518267929634641411e-02 7.921462423832091593e-02
3.721244925575101226e-02 7.921462423832091593e-02
3.721244925575101226e-02 8.056872037914691864e-02
3.856562922868741333e-02 8.056872037914691864e-02
3.856562922868741333e-02 8.598510494245091562e-02
3.924221921515561734e-02 8.598510494245091562e-02
3.924221921515561734e-02 8.733920108327691834e-02
3.991880920162381441e-02 8.733920108327691834e-02
3.991880920162381441e-02 9.546377792823290687e-02
4.127198917456021549e-02 9.546377792823290687e-02
4.127198917456021549e-02 9.614082599864590128e-02
4.262516914749661656e-02 9.614082599864590128e-02
4.262516914749661656e-02 9.681787406905890958e-02
4.330175913396482057e-02 9.681787406905890958e-02
4.330175913396482057e-02 1.035883547731888954e-01
4.465493910690121471e-02 1.035883547731888954e-01
4.465493910690121471e-02 1.049424509140148981e-01
4.533152909336941871e-02 1.049424509140148981e-01
4.533152909336941871e-02 1.062965470548408869e-01
4.600811907983761578e-02 1.062965470548408869e-01
4.600811907983761578e-02 1.069735951252538952e-01
4.736129905277401686e-02 1.069735951252538952e-01
4.736129905277401686e-02 1.096817874069058868e-01
4.803788903924222087e-02 1.096817874069058868e-01
4.803788903924222087e-02 1.110358835477318895e-01
4.939106901217862194e-02 1.110358835477318895e-01
4.939106901217862194e-02 1.171293161814488809e-01
5.074424898511502302e-02 1.171293161814488809e-01
5.074424898511502302e-02 1.191604603926878780e-01
5.209742895805142410e-02 1.191604603926878780e-01
5.209742895805142410e-02 1.198375084631008863e-01
5.277401894451962117e-02 1.198375084631008863e-01
5.277401894451962117e-02 1.218686526743398835e-01
5.345060893098781823e-02 1.218686526743398835e-01
5.345060893098781823e-02 1.225457007447528779e-01
5.412719891745602224e-02 1.225457007447528779e-01
5.412719891745602224e-02 1.245768449559918750e-01
5.683355886332882440e-02 1.245768449559918750e-01
5.683355886332882440e-02 1.259309410968178777e-01
5.751014884979702146e-02 1.259309410968178777e-01
5.751014884979702146e-02 1.272850372376438666e-01
5.818673883626522547e-02 1.272850372376438666e-01
5.818673883626522547e-02 1.279620853080568610e-01
5.953991880920162655e-02 1.279620853080568610e-01
5.953991880920162655e-02 1.286391333784698832e-01
6.089309878213802762e-02 1.286391333784698832e-01
6.089309878213802762e-02 1.320243737305348553e-01
6.224627875507442176e-02 1.320243737305348553e-01
6.224627875507442176e-02 1.354096140825998551e-01
6.359945872801082978e-02 1.354096140825998551e-01
6.359945872801082978e-02 1.360866621530128773e-01
6.562922868741542792e-02 1.360866621530128773e-01
6.562922868741542792e-02 1.367637102234258717e-01
6.698240866035182206e-02 1.367637102234258717e-01
6.698240866035182206e-02 1.374407582938388661e-01
6.765899864682002607e-02 1.374407582938388661e-01
6.765899864682002607e-02 1.401489505754908715e-01
6.901217861975643408e-02 1.401489505754908715e-01
6.968876860622462421e-02 1.401489505754908715e-01
6.968876860622462421e-02 1.408259986459038660e-01
7.104194857916103223e-02 1.408259986459038660e-01
7.104194857916103223e-02 1.435341909275558436e-01
7.171853856562922236e-02 1.435341909275558436e-01
7.171853856562922236e-02 1.442112389979688658e-01
7.307171853856563037e-02 1.442112389979688658e-01
7.307171853856563037e-02 1.448882870683818602e-01
7.374830852503383438e-02 1.448882870683818602e-01
7.374830852503383438e-02 1.475964793500338657e-01
7.442489851150202451e-02 1.475964793500338657e-01
7.442489851150202451e-02 1.503046716316858433e-01
7.510148849797022852e-02 1.503046716316858433e-01
7.510148849797022852e-02 1.516587677725118599e-01
7.577807848443843253e-02 1.516587677725118599e-01
7.577807848443843253e-02 1.523358158429248543e-01
7.645466847090663653e-02 1.523358158429248543e-01
7.645466847090663653e-02 1.530128639133378488e-01
7.713125845737482666e-02 1.530128639133378488e-01
7.713125845737482666e-02 1.536899119837508432e-01
7.780784844384303067e-02 1.536899119837508432e-01
7.780784844384303067e-02 1.550440081245768320e-01
7.916102841677942481e-02 1.550440081245768320e-01
7.916102841677942481e-02 1.577522004062288374e-01
8.051420838971583283e-02 1.577522004062288374e-01
8.119079837618403683e-02 1.577522004062288374e-01
8.119079837618403683e-02 1.604603926878808429e-01
8.186738836265222696e-02 1.604603926878808429e-01
8.186738836265222696e-02 1.638456330399458427e-01
8.254397834912043097e-02 1.638456330399458427e-01
8.254397834912043097e-02 1.651997291807718315e-01
8.322056833558863498e-02 1.651997291807718315e-01
8.322056833558863498e-02 1.672308733920108426e-01
8.457374830852502912e-02 1.672308733920108426e-01
8.457374830852502912e-02 1.706161137440758424e-01
8.592692828146143713e-02 1.706161137440758424e-01
8.592692828146143713e-02 1.726472579553148257e-01
8.728010825439783127e-02 1.726472579553148257e-01
8.930987821380242941e-02 1.726472579553148257e-01
9.066305818673883743e-02 1.726472579553148257e-01
9.066305818673883743e-02 1.740013540961408145e-01
9.133964817320704144e-02 1.740013540961408145e-01
9.133964817320704144e-02 1.773865944482058143e-01
9.404600811907984359e-02 1.773865944482058143e-01
9.404600811907984359e-02 1.780636425186188088e-01
9.675236806495263187e-02 1.780636425186188088e-01
9.675236806495263187e-02 1.800947867298578198e-01
9.742895805142083587e-02 1.800947867298578198e-01
9.742895805142083587e-02 1.828029790115098252e-01
9.810554803788903988e-02 1.828029790115098252e-01
9.810554803788903988e-02 1.848341232227488085e-01
9.878213802435724389e-02 1.848341232227488085e-01
9.878213802435724389e-02 1.861882193635748250e-01
1.001353179972936380e-01 1.861882193635748250e-01
1.001353179972936380e-01 1.882193635748138083e-01
1.008119079837618420e-01 1.882193635748138083e-01
1.008119079837618420e-01 1.902505077860528193e-01
1.021650879566982362e-01 1.902505077860528193e-01
1.021650879566982362e-01 1.909275558564658137e-01
1.035182679296346442e-01 1.909275558564658137e-01
1.041948579161028482e-01 1.909275558564658137e-01
1.041948579161028482e-01 1.916046039268788082e-01
1.048714479025710383e-01 1.916046039268788082e-01
1.048714479025710383e-01 1.929587000677047970e-01
1.062246278755074463e-01 1.929587000677047970e-01
1.062246278755074463e-01 1.936357481381178192e-01
1.069012178619756365e-01 1.936357481381178192e-01
1.069012178619756365e-01 1.970209884901827913e-01
1.089309878213802485e-01 1.970209884901827913e-01
1.102841677943166426e-01 1.970209884901827913e-01
1.102841677943166426e-01 1.976980365605958134e-01
1.109607577807848466e-01 1.976980365605958134e-01
1.109607577807848466e-01 1.983750846310088078e-01
1.116373477672530506e-01 1.983750846310088078e-01
1.116373477672530506e-01 1.997291807718347967e-01
1.129905277401894448e-01 1.997291807718347967e-01
1.129905277401894448e-01 2.024373730534868021e-01
1.136671177266576488e-01 2.024373730534868021e-01
1.136671177266576488e-01 2.044685172647257854e-01
1.143437077131258389e-01 2.044685172647257854e-01
1.143437077131258389e-01 2.078537576167907852e-01
1.150202976995940429e-01 2.078537576167907852e-01
1.163734776725304509e-01 2.078537576167907852e-01
1.170500676589986411e-01 2.078537576167907852e-01
1.170500676589986411e-01 2.092078537576168018e-01
1.177266576454668451e-01 2.092078537576168018e-01
1.177266576454668451e-01 2.112389979688557851e-01
1.184032476319350491e-01 2.112389979688557851e-01
1.184032476319350491e-01 2.125930941096817739e-01
1.190798376184032531e-01 2.125930941096817739e-01
1.190798376184032531e-01 2.153012863913337793e-01
1.204330175913396472e-01 2.153012863913337793e-01
1.204330175913396472e-01 2.159783344617467737e-01
1.211096075778078512e-01 2.159783344617467737e-01
1.211096075778078512e-01 2.166553825321597959e-01
1.217861975642760552e-01 2.166553825321597959e-01
1.217861975642760552e-01 2.173324306025727903e-01
1.224627875507442454e-01 2.173324306025727903e-01
1.224627875507442454e-01 2.180094786729857848e-01
1.231393775372124494e-01 2.180094786729857848e-01
1.231393775372124494e-01 2.213947190250507846e-01
1.238159675236806534e-01 2.213947190250507846e-01
1.238159675236806534e-01 2.220717670954637790e-01
1.244925575101488435e-01 2.220717670954637790e-01
1.244925575101488435e-01 2.234258632362897679e-01
1.265223274695534417e-01 2.234258632362897679e-01
1.265223274695534417e-01 2.254570074475287789e-01
1.271989174560216596e-01 2.254570074475287789e-01
1.271989174560216596e-01 2.274881516587677621e-01
1.285520974289580398e-01 2.274881516587677621e-01
1.285520974289580398e-01 2.315504400812457564e-01
1.292286874154262577e-01 2.315504400812457564e-01
1.292286874154262577e-01 2.329045362220717730e-01
1.299052774018944478e-01 2.329045362220717730e-01
1.299052774018944478e-01 2.335815842924847674e-01
1.312584573748308558e-01 2.335815842924847674e-01
1.312584573748308558e-01 2.342586323628977618e-01
1.319350473612990460e-01 2.342586323628977618e-01
1.319350473612990460e-01 2.362897765741367728e-01
1.326116373477672639e-01 2.362897765741367728e-01
1.339648173207036441e-01 2.362897765741367728e-01
1.353179972936400521e-01 2.362897765741367728e-01
1.353179972936400521e-01 2.369668246445497672e-01
1.366711772665764602e-01 2.369668246445497672e-01
1.366711772665764602e-01 2.423832092078537503e-01
1.373477672530446503e-01 2.423832092078537503e-01
1.373477672530446503e-01 2.457684495599187502e-01
1.380243572395128682e-01 2.457684495599187502e-01
1.380243572395128682e-01 2.477995937711577612e-01
1.387009472259810583e-01 2.477995937711577612e-01
1.387009472259810583e-01 2.491536899119837500e-01
1.393775372124492484e-01 2.491536899119837500e-01
1.393775372124492484e-01 2.518618821936357555e-01
1.400541271989174663e-01 2.518618821936357555e-01
1.400541271989174663e-01 2.532159783344617443e-01
1.407307171853856564e-01 2.532159783344617443e-01
1.407307171853856564e-01 2.538930264048747665e-01
1.414073071718538466e-01 2.538930264048747665e-01
1.414073071718538466e-01 2.545700744752877331e-01
1.420838971583220645e-01 2.545700744752877331e-01
1.420838971583220645e-01 2.559241706161137220e-01
1.434370771312584447e-01 2.559241706161137220e-01
1.434370771312584447e-01 2.566012186865267442e-01
1.441136671177266626e-01 2.566012186865267442e-01
1.441136671177266626e-01 2.579553148273527330e-01
1.447902571041948527e-01 2.579553148273527330e-01
1.447902571041948527e-01 2.599864590385917440e-01
1.454668470906630706e-01 2.599864590385917440e-01
1.454668470906630706e-01 2.606635071090047662e-01
1.468200270635994509e-01 2.606635071090047662e-01
1.481732070365358589e-01 2.606635071090047662e-01
1.481732070365358589e-01 2.626946513202437217e-01
1.488497970230040490e-01 2.626946513202437217e-01
1.488497970230040490e-01 2.633716993906567438e-01
1.529093369418132731e-01 2.633716993906567438e-01
1.529093369418132731e-01 2.654028436018957549e-01
1.549391069012178712e-01 2.654028436018957549e-01
1.549391069012178712e-01 2.681110358835477325e-01
1.556156968876860613e-01 2.681110358835477325e-01
1.556156968876860613e-01 2.701421800947867435e-01
1.562922868741542515e-01 2.701421800947867435e-01
1.562922868741542515e-01 2.714962762356127324e-01
1.576454668470906595e-01 2.714962762356127324e-01
1.576454668470906595e-01 2.748815165876777322e-01
1.583220568335588496e-01 2.748815165876777322e-01
1.583220568335588496e-01 2.762356127285037211e-01
1.610284167794316657e-01 2.762356127285037211e-01
1.617050067658998558e-01 2.762356127285037211e-01
1.617050067658998558e-01 2.769126607989167432e-01
1.623815967523680737e-01 2.769126607989167432e-01
1.623815967523680737e-01 2.782667569397427321e-01
1.630581867388362638e-01 2.782667569397427321e-01
1.630581867388362638e-01 2.796208530805687209e-01
1.637347767253044539e-01 2.796208530805687209e-01
1.637347767253044539e-01 2.802979011509817431e-01
1.644113667117726718e-01 2.802979011509817431e-01
1.644113667117726718e-01 2.816519972918077319e-01
1.657645466847090798e-01 2.816519972918077319e-01
1.657645466847090798e-01 2.823290453622206986e-01
1.671177266576454601e-01 2.823290453622206986e-01
1.671177266576454601e-01 2.836831415030467429e-01
1.677943166441136780e-01 2.836831415030467429e-01
1.677943166441136780e-01 2.843601895734597096e-01
1.684709066305818681e-01 2.843601895734597096e-01
1.684709066305818681e-01 2.863913337846987206e-01
1.711772665764546564e-01 2.863913337846987206e-01
1.711772665764546564e-01 2.870683818551116873e-01
1.718538565629228743e-01 2.870683818551116873e-01
1.718538565629228743e-01 2.877454299255247094e-01
1.725304465493910644e-01 2.877454299255247094e-01
1.725304465493910644e-01 2.884224779959377316e-01
1.732070365358592823e-01 2.884224779959377316e-01
1.732070365358592823e-01 2.897765741367637204e-01
1.745602165087956625e-01 2.897765741367637204e-01
1.745602165087956625e-01 2.924847664184156981e-01
1.752368064952638804e-01 2.924847664184156981e-01
1.752368064952638804e-01 2.938388625592416870e-01
1.759133964817320706e-01 2.938388625592416870e-01
1.759133964817320706e-01 2.945159106296547091e-01
1.765899864682002607e-01 2.945159106296547091e-01
1.779431664411366687e-01 2.945159106296547091e-01
1.779431664411366687e-01 2.972241029113066868e-01
1.786197564276048588e-01 2.972241029113066868e-01
1.786197564276048588e-01 2.979011509817197090e-01
1.792963464140730767e-01 2.979011509817197090e-01
1.792963464140730767e-01 2.985781990521326756e-01
1.799729364005412668e-01 2.985781990521326756e-01
1.799729364005412668e-01 3.012863913337847088e-01
1.806495263870094847e-01 3.012863913337847088e-01
1.806495263870094847e-01 3.019634394041976755e-01
1.820027063599458650e-01 3.019634394041976755e-01
1.820027063599458650e-01 3.046716316858497087e-01
1.833558863328822730e-01 3.046716316858497087e-01
1.853856562922868711e-01 3.046716316858497087e-01
1.853856562922868711e-01 3.053486797562626753e-01
1.860622462787550613e-01 3.053486797562626753e-01
1.860622462787550613e-01 3.073798239675016863e-01
1.867388362652232792e-01 3.073798239675016863e-01
1.887686062246278773e-01 3.073798239675016863e-01
1.887686062246278773e-01 3.087339201083276752e-01
1.901217861975642853e-01 3.087339201083276752e-01
1.901217861975642853e-01 3.100880162491536640e-01
1.914749661705006656e-01 3.100880162491536640e-01
1.914749661705006656e-01 3.107650643195666862e-01
1.928281461434370736e-01 3.107650643195666862e-01
1.928281461434370736e-01 3.134732566012186639e-01
1.955345060893098896e-01 3.134732566012186639e-01
1.955345060893098896e-01 3.141503046716316860e-01
1.975642760487144878e-01 3.141503046716316860e-01
1.982408660351826779e-01 3.141503046716316860e-01
2.002706359945872761e-01 3.141503046716316860e-01
2.009472259810554939e-01 3.141503046716316860e-01
2.009472259810554939e-01 3.148273527420447082e-01
2.023004059539918742e-01 3.148273527420447082e-01
2.023004059539918742e-01 3.175355450236966859e-01
2.036535859269282822e-01 3.175355450236966859e-01
2.036535859269282822e-01 3.209207853757616857e-01
2.050067658998646902e-01 3.209207853757616857e-01
2.056833558863328804e-01 3.209207853757616857e-01
2.056833558863328804e-01 3.222748815165876746e-01
2.077131258457374785e-01 3.222748815165876746e-01
2.077131258457374785e-01 3.229519295870006967e-01
2.097428958051420766e-01 3.229519295870006967e-01
2.097428958051420766e-01 3.243060257278266856e-01
2.104194857916102945e-01 3.243060257278266856e-01
2.104194857916102945e-01 3.249830737982396522e-01
2.165087956698240890e-01 3.249830737982396522e-01
2.185385656292286871e-01 3.249830737982396522e-01
2.192151556156968772e-01 3.249830737982396522e-01
2.192151556156968772e-01 3.256601218686526744e-01
2.205683355886332853e-01 3.256601218686526744e-01
2.232746955345061013e-01 3.256601218686526744e-01
2.239512855209742914e-01 3.256601218686526744e-01
2.239512855209742914e-01 3.270142180094786633e-01
2.253044654939106994e-01 3.270142180094786633e-01
2.253044654939106994e-01 3.276912660798916854e-01
2.280108254397834877e-01 3.276912660798916854e-01
2.280108254397834877e-01 3.290453622207176743e-01
2.286874154262516778e-01 3.290453622207176743e-01
2.286874154262516778e-01 3.297224102911306964e-01
2.293640054127198957e-01 3.297224102911306964e-01
2.293640054127198957e-01 3.303994583615436631e-01
2.300405953991880859e-01 3.303994583615436631e-01
2.300405953991880859e-01 3.310765064319566853e-01
2.307171853856563037e-01 3.310765064319566853e-01
2.307171853856563037e-01 3.324306025727826741e-01
2.313937753721244939e-01 3.324306025727826741e-01
2.313937753721244939e-01 3.331076506431956408e-01
2.320703653585926840e-01 3.331076506431956408e-01
2.320703653585926840e-01 3.337846987136086629e-01
2.327469553450609019e-01 3.337846987136086629e-01
2.327469553450609019e-01 3.351387948544346518e-01
2.347767253044655000e-01 3.351387948544346518e-01
2.347767253044655000e-01 3.358158429248476740e-01
2.354533152909336902e-01 3.358158429248476740e-01
2.354533152909336902e-01 3.371699390656736628e-01
2.374830852503382883e-01 3.371699390656736628e-01
2.374830852503382883e-01 3.378469871360866850e-01
2.381596752368065062e-01 3.378469871360866850e-01
2.381596752368065062e-01 3.385240352064996516e-01
2.395128552097428865e-01 3.385240352064996516e-01
2.422192151556157025e-01 3.385240352064996516e-01
2.422192151556157025e-01 3.398781313473256405e-01
2.435723951285521105e-01 3.398781313473256405e-01
2.435723951285521105e-01 3.452945159106296513e-01
2.442489851150203006e-01 3.452945159106296513e-01
2.456021650879567086e-01 3.452945159106296513e-01
2.456021650879567086e-01 3.459715639810426735e-01
2.462787550744248988e-01 3.459715639810426735e-01
2.462787550744248988e-01 3.500338524035206400e-01
2.469553450608930889e-01 3.500338524035206400e-01
2.469553450608930889e-01 3.520649966147596510e-01
2.483085250338294969e-01 3.520649966147596510e-01
2.483085250338294969e-01 3.540961408259986620e-01
2.496617050067659049e-01 3.540961408259986620e-01
2.496617050067659049e-01 3.568043331076506397e-01
2.503382949932341228e-01 3.568043331076506397e-01
2.530446549391068833e-01 3.568043331076506397e-01
2.530446549391068833e-01 3.615436696005416284e-01
2.537212449255751290e-01 3.615436696005416284e-01
2.537212449255751290e-01 3.622207176709546506e-01
2.543978349120433191e-01 3.622207176709546506e-01
2.543978349120433191e-01 3.669600541638456392e-01
2.550744248985115092e-01 3.669600541638456392e-01
2.550744248985115092e-01 3.676371022342586059e-01
2.557510148849796994e-01 3.676371022342586059e-01
2.557510148849796994e-01 3.696682464454976169e-01
2.571041948579160796e-01 3.696682464454976169e-01
2.584573748308525154e-01 3.696682464454976169e-01
2.584573748308525154e-01 3.723764387271496501e-01
2.618403247631935216e-01 3.723764387271496501e-01
2.618403247631935216e-01 3.730534867975626168e-01
2.625169147496617117e-01 3.737305348679756389e-01
2.625169147496617117e-01 3.757616790792146499e-01
2.631935047361299018e-01 3.757616790792146499e-01
2.631935047361299018e-01 3.764387271496276166e-01
2.645466847090662821e-01 3.764387271496276166e-01
2.665764546684709080e-01 3.764387271496276166e-01
2.672530446549390981e-01 3.764387271496276166e-01
2.672530446549390981e-01 3.791469194312795943e-01
2.679296346414072882e-01 3.791469194312795943e-01
2.679296346414072882e-01 3.811780636425186053e-01
2.686062246278755339e-01 3.811780636425186053e-01
2.686062246278755339e-01 3.818551117129316275e-01
2.692828146143437240e-01 3.818551117129316275e-01
2.706359945872801043e-01 3.818551117129316275e-01
2.713125845737482944e-01 3.818551117129316275e-01
2.726657645466847302e-01 3.818551117129316275e-01
2.726657645466847302e-01 3.832092078537576163e-01
2.733423545331529203e-01 3.832092078537576163e-01
2.733423545331529203e-01 3.838862559241706385e-01
2.740189445196211104e-01 3.838862559241706385e-01
2.753721244925574907e-01 3.838862559241706385e-01
2.760487144790257363e-01 3.838862559241706385e-01
2.760487144790257363e-01 3.865944482058226161e-01
2.767253044654939265e-01 3.865944482058226161e-01
2.767253044654939265e-01 3.899796885578876160e-01
2.780784844384303067e-01 3.899796885578876160e-01
2.794316644113666870e-01 3.899796885578876160e-01
2.814614343707713129e-01 3.899796885578876160e-01
2.814614343707713129e-01 3.906567366283005827e-01
2.821380243572395030e-01 3.906567366283005827e-01
2.821380243572395030e-01 3.926878808395395937e-01
2.834912043301759388e-01 3.926878808395395937e-01
2.834912043301759388e-01 3.933649289099526158e-01
2.841677943166441289e-01 3.933649289099526158e-01
2.841677943166441289e-01 3.940419769803655825e-01
2.855209742895805092e-01 3.940419769803655825e-01
2.855209742895805092e-01 3.947190250507786047e-01
2.875507442489851351e-01 3.947190250507786047e-01
2.902571041948578956e-01 3.947190250507786047e-01
2.902571041948578956e-01 3.953960731211916269e-01
2.909336941813261412e-01 3.953960731211916269e-01
2.909336941813261412e-01 3.981042654028436045e-01
2.916102841677943314e-01 3.981042654028436045e-01
2.936400541271989018e-01 3.981042654028436045e-01
2.943166441136670919e-01 3.981042654028436045e-01
2.943166441136670919e-01 4.008124576844955822e-01
2.949932341001353375e-01 4.008124576844955822e-01
2.963464140730717178e-01 4.008124576844955822e-01
2.976995940460080980e-01 4.008124576844955822e-01
2.976995940460080980e-01 4.014895057549086044e-01
2.990527740189445338e-01 4.014895057549086044e-01
2.990527740189445338e-01 4.021665538253215710e-01
2.997293640054127239e-01 4.021665538253215710e-01
2.997293640054127239e-01 4.035206499661476154e-01
3.010825439783491042e-01 4.035206499661476154e-01
3.010825439783491042e-01 4.041976980365605820e-01
3.024357239512855400e-01 4.041976980365605820e-01
3.024357239512855400e-01 4.048747461069736042e-01
3.031123139377537301e-01 4.048747461069736042e-01
3.031123139377537301e-01 4.055517941773865709e-01
3.037889039242219202e-01 4.055517941773865709e-01
3.037889039242219202e-01 4.062288422477995931e-01
3.044654939106901104e-01 4.062288422477995931e-01
3.044654939106901104e-01 4.069058903182126152e-01
3.058186738836265461e-01 4.069058903182126152e-01
3.071718538565629264e-01 4.069058903182126152e-01
3.071718538565629264e-01 4.075829383886255819e-01
3.092016238159674968e-01 4.075829383886255819e-01
3.105548037889039326e-01 4.075829383886255819e-01
3.105548037889039326e-01 4.082599864590386041e-01
3.119079837618403128e-01 4.082599864590386041e-01
3.119079837618403128e-01 4.123222748815165706e-01
3.125845737483085029e-01 4.123222748815165706e-01
3.125845737483085029e-01 4.136763710223425594e-01
3.139377537212449387e-01 4.136763710223425594e-01
3.139377537212449387e-01 4.163845633039945926e-01
3.152909336941813190e-01 4.163845633039945926e-01
3.173207036535859449e-01 4.163845633039945926e-01
3.173207036535859449e-01 4.170616113744075593e-01
3.179972936400541350e-01 4.170616113744075593e-01
3.179972936400541350e-01 4.184157075152336036e-01
3.186738836265223251e-01 4.184157075152336036e-01
3.186738836265223251e-01 4.190927555856465703e-01
3.220568335588633313e-01 4.190927555856465703e-01
3.220568335588633313e-01 4.204468517264725591e-01
3.247631935047361473e-01 4.204468517264725591e-01
3.247631935047361473e-01 4.218009478672986035e-01
3.254397834912043375e-01 4.218009478672986035e-01
3.254397834912043375e-01 4.238320920785375590e-01
3.261163734776725276e-01 4.238320920785375590e-01
3.261163734776725276e-01 4.245091401489505811e-01
3.267929634641407177e-01 4.245091401489505811e-01
3.267929634641407177e-01 4.258632362897765700e-01
3.281461434370771535e-01 4.258632362897765700e-01
3.288227334235453436e-01 4.258632362897765700e-01
3.301759133964817239e-01 4.258632362897765700e-01
3.301759133964817239e-01 4.272173324306025588e-01
3.315290933694181597e-01 4.272173324306025588e-01
3.315290933694181597e-01 4.278943805010155810e-01
3.328822733423545399e-01 4.278943805010155810e-01
3.328822733423545399e-01 4.299255247122545920e-01
3.349120433017591103e-01 4.299255247122545920e-01
3.349120433017591103e-01 4.319566689234935475e-01
3.355886332882273559e-01 4.319566689234935475e-01
3.355886332882273559e-01 4.326337169939065697e-01
3.362652232746955461e-01 4.326337169939065697e-01
3.362652232746955461e-01 4.333107650643195918e-01
3.376184032476319263e-01 4.333107650643195918e-01
3.376184032476319263e-01 4.339878131347325585e-01
3.389715832205683621e-01 4.339878131347325585e-01
3.389715832205683621e-01 4.353419092755585473e-01
3.396481732070365522e-01 4.353419092755585473e-01
3.396481732070365522e-01 4.366960054163845362e-01
3.403247631935047424e-01 4.366960054163845362e-01
3.403247631935047424e-01 4.373730534867975583e-01
3.410013531799729325e-01 4.373730534867975583e-01
3.423545331529093128e-01 4.373730534867975583e-01
3.430311231393775584e-01 4.373730534867975583e-01
3.430311231393775584e-01 4.380501015572105805e-01
3.437077131258457485e-01 4.380501015572105805e-01
3.437077131258457485e-01 4.387271496276235472e-01
3.443843031123139387e-01 4.387271496276235472e-01
3.443843031123139387e-01 4.407582938388625582e-01
3.457374830852503189e-01 4.407582938388625582e-01
3.470906630581867547e-01 4.407582938388625582e-01
3.470906630581867547e-01 4.421123899796885470e-01
3.484438430311231349e-01 4.421123899796885470e-01
3.484438430311231349e-01 4.427894380501015692e-01
3.491204330175913251e-01 4.427894380501015692e-01
3.491204330175913251e-01 4.441435341909275580e-01
3.504736129905277608e-01 4.441435341909275580e-01
3.504736129905277608e-01 4.454976303317535469e-01
3.525033829499323312e-01 4.454976303317535469e-01
3.525033829499323312e-01 4.461746784021665690e-01
3.538565629228687670e-01 4.461746784021665690e-01
3.538565629228687670e-01 4.468517264725795357e-01
3.552097428958051473e-01 4.468517264725795357e-01
3.552097428958051473e-01 4.529451591062965687e-01
3.565629228687415275e-01 4.529451591062965687e-01
3.565629228687415275e-01 4.570074475287745353e-01
3.572395128552097177e-01 4.570074475287745353e-01
3.572395128552097177e-01 4.576844955991875574e-01
3.579161028416779633e-01 4.576844955991875574e-01
3.579161028416779633e-01 4.583615436696005241e-01
3.585926928281461534e-01 4.583615436696005241e-01
3.585926928281461534e-01 4.590385917400135463e-01
3.599458728010825337e-01 4.590385917400135463e-01
3.599458728010825337e-01 4.597156398104265129e-01
3.606224627875507238e-01 4.597156398104265129e-01
3.606224627875507238e-01 4.603926878808395351e-01
3.619756427604871596e-01 4.603926878808395351e-01
3.633288227334235398e-01 4.603926878808395351e-01
3.640054127198917300e-01 4.603926878808395351e-01
3.640054127198917300e-01 4.610697359512525573e-01
3.646820027063599201e-01 4.610697359512525573e-01
3.646820027063599201e-01 4.617467840216655239e-01
3.660351826792963559e-01 4.617467840216655239e-01
3.660351826792963559e-01 4.637779282329045349e-01
3.667117726657645460e-01 4.637779282329045349e-01
3.667117726657645460e-01 4.644549763033175571e-01
3.673883626522327361e-01 4.644549763033175571e-01
3.673883626522327361e-01 4.658090724441435460e-01
3.680649526387009263e-01 4.658090724441435460e-01
3.694181326116373620e-01 4.658090724441435460e-01
3.700947225981055522e-01 4.658090724441435460e-01
3.714479025710419324e-01 4.658090724441435460e-01
3.714479025710419324e-01 4.671631685849695348e-01
3.721244925575101226e-01 4.671631685849695348e-01
3.721244925575101226e-01 4.691943127962085458e-01
3.728010825439783682e-01 4.691943127962085458e-01
3.741542625169147485e-01 4.691943127962085458e-01
3.755074424898511287e-01 4.691943127962085458e-01
3.768606224627875645e-01 4.691943127962085458e-01
3.782138024357239448e-01 4.691943127962085458e-01
3.782138024357239448e-01 4.712254570074475013e-01
3.802435723951285707e-01 4.712254570074475013e-01
3.802435723951285707e-01 4.719025050778605235e-01
3.809201623815967608e-01 4.719025050778605235e-01
3.809201623815967608e-01 4.725795531482735456e-01
3.815967523680649509e-01 4.725795531482735456e-01
3.815967523680649509e-01 4.773188896411645343e-01
3.822733423545331410e-01 4.773188896411645343e-01
3.822733423545331410e-01 4.793500338524035453e-01
3.829499323410013312e-01 4.793500338524035453e-01
3.829499323410013312e-01 4.800270819228165120e-01
3.836265223274695768e-01 4.800270819228165120e-01
3.836265223274695768e-01 4.813811780636425008e-01
3.849797023004059571e-01 4.813811780636425008e-01
3.856562922868741472e-01 4.813811780636425008e-01
3.856562922868741472e-01 4.834123222748815119e-01
3.863328822733423373e-01 4.834123222748815119e-01
3.863328822733423373e-01 4.840893703452945340e-01
3.870094722598105275e-01 4.840893703452945340e-01
3.870094722598105275e-01 4.861205145565334895e-01
3.883626522327469632e-01 4.861205145565334895e-01
3.883626522327469632e-01 4.881516587677725005e-01
3.897158322056833435e-01 4.881516587677725005e-01
3.897158322056833435e-01 4.888287068381855227e-01
3.903924221921515336e-01 4.888287068381855227e-01
3.903924221921515336e-01 4.908598510494245337e-01
3.910690121786197793e-01 4.908598510494245337e-01
3.910690121786197793e-01 4.915368991198375004e-01
3.930987821380243497e-01 4.915368991198375004e-01
3.937753721244925398e-01 4.915368991198375004e-01
3.937753721244925398e-01 4.928909952606634892e-01
3.951285520974289756e-01 4.928909952606634892e-01
3.951285520974289756e-01 4.942450914014894781e-01
3.958051420838971657e-01 4.942450914014894781e-01
3.958051420838971657e-01 4.976303317535544779e-01
3.964817320703653558e-01 4.976303317535544779e-01
3.964817320703653558e-01 4.989844278943805223e-01
3.978349120433017361e-01 4.989844278943805223e-01
3.978349120433017361e-01 5.003385240352065111e-01
3.998646820027063620e-01 5.003385240352065111e-01
3.998646820027063620e-01 5.037237643872715109e-01
4.012178619756427422e-01 5.037237643872715109e-01
4.012178619756427422e-01 5.050778605280974443e-01
4.018944519621109879e-01 5.050778605280974443e-01
4.018944519621109879e-01 5.064319566689234886e-01
4.032476319350473681e-01 5.064319566689234886e-01
4.046008119079837484e-01 5.064319566689234886e-01
4.046008119079837484e-01 5.071090047393365108e-01
4.059539918809201842e-01 5.071090047393365108e-01
4.059539918809201842e-01 5.091401489505754663e-01
4.066305818673883743e-01 5.091401489505754663e-01
4.066305818673883743e-01 5.104942450914015106e-01
4.079837618403247546e-01 5.104942450914015106e-01
4.079837618403247546e-01 5.125253893026404661e-01
4.093369418132611903e-01 5.125253893026404661e-01
4.100135317997293805e-01 5.125253893026404661e-01
4.100135317997293805e-01 5.138794854434665105e-01
4.113667117726657607e-01 5.138794854434665105e-01
4.113667117726657607e-01 5.145565335138795326e-01
4.127198917456021410e-01 5.145565335138795326e-01
4.133964817320703866e-01 5.145565335138795326e-01
4.147496617050067669e-01 5.145565335138795326e-01
4.147496617050067669e-01 5.172647257955315103e-01
4.161028416779431471e-01 5.172647257955315103e-01
4.161028416779431471e-01 5.179417738659445325e-01
4.174560216508795829e-01 5.179417738659445325e-01
4.174560216508795829e-01 5.206499661475965102e-01
4.181326116373477730e-01 5.206499661475965102e-01
4.194857916102841533e-01 5.206499661475965102e-01
4.194857916102841533e-01 5.226811103588354657e-01
4.208389715832205891e-01 5.226811103588354657e-01
4.208389715832205891e-01 5.253893026404874433e-01
4.221921515561569693e-01 5.253893026404874433e-01
4.235453315290933496e-01 5.253893026404874433e-01
4.235453315290933496e-01 5.280974949221394210e-01
4.248985115020297854e-01 5.280974949221394210e-01
4.248985115020297854e-01 5.294515910629654654e-01
4.255751014884979755e-01 5.294515910629654654e-01
4.255751014884979755e-01 5.308056872037915097e-01
4.262516914749661656e-01 5.308056872037915097e-01
4.262516914749661656e-01 5.328368314150304652e-01
4.276048714479025459e-01 5.328368314150304652e-01
4.282814614343707915e-01 5.328368314150304652e-01
4.282814614343707915e-01 5.348679756262694207e-01
4.289580514208389816e-01 5.348679756262694207e-01
4.289580514208389816e-01 5.375761679079215094e-01
4.303112313937753619e-01 5.375761679079215094e-01
4.303112313937753619e-01 5.396073121191604649e-01
4.316644113667117977e-01 5.396073121191604649e-01
4.316644113667117977e-01 5.416384563303994204e-01
4.323410013531799878e-01 5.416384563303994204e-01
4.323410013531799878e-01 5.423155044008124426e-01
4.330175913396481779e-01 5.423155044008124426e-01
4.330175913396481779e-01 5.429925524712254647e-01
4.343707713125845582e-01 5.429925524712254647e-01
4.343707713125845582e-01 5.484089370345294201e-01
4.357239512855209940e-01 5.484089370345294201e-01
4.357239512855209940e-01 5.490859851049424423e-01
4.370771312584573742e-01 5.490859851049424423e-01
4.377537212449255644e-01 5.490859851049424423e-01
4.377537212449255644e-01 5.517941773865944199e-01
4.391069012178620001e-01 5.517941773865944199e-01
4.391069012178620001e-01 5.531482735274204643e-01
4.397834912043301903e-01 5.531482735274204643e-01
4.397834912043301903e-01 5.545023696682463976e-01
4.404600811907983804e-01 5.545023696682463976e-01
4.404600811907983804e-01 5.551794177386594198e-01
4.411366711772665705e-01 5.551794177386594198e-01
4.411366711772665705e-01 5.592417061611374418e-01
4.424898511502029508e-01 5.592417061611374418e-01
4.438430311231393866e-01 5.592417061611374418e-01
4.438430311231393866e-01 5.612728503723763973e-01
4.451962110960757668e-01 5.612728503723763973e-01
4.451962110960757668e-01 5.626269465132024417e-01
4.458728010825439569e-01 5.626269465132024417e-01
4.458728010825439569e-01 5.639810426540284860e-01
4.465493910690122026e-01 5.639810426540284860e-01
4.465493910690122026e-01 5.653351387948544193e-01
4.472259810554803927e-01 5.653351387948544193e-01
4.485791610284167730e-01 5.653351387948544193e-01
4.485791610284167730e-01 5.660121868652674415e-01
4.499323410013531532e-01 5.660121868652674415e-01
4.499323410013531532e-01 5.673662830060934859e-01
4.506089309878213989e-01 5.673662830060934859e-01
4.506089309878213989e-01 5.680433310765063970e-01
4.519621109607577791e-01 5.680433310765063970e-01
4.519621109607577791e-01 5.693974272173324414e-01
4.546684709066305952e-01 5.693974272173324414e-01
4.546684709066305952e-01 5.721056194989844190e-01
4.560216508795669754e-01 5.721056194989844190e-01
4.560216508795669754e-01 5.727826675693974412e-01
4.573748308525033557e-01 5.727826675693974412e-01
4.573748308525033557e-01 5.748138117806363967e-01
4.587280108254397915e-01 5.748138117806363967e-01
4.587280108254397915e-01 5.754908598510494189e-01
4.594046008119079816e-01 5.754908598510494189e-01
4.594046008119079816e-01 5.761679079214624410e-01
4.600811907983761717e-01 5.761679079214624410e-01
4.600811907983761717e-01 5.775220040622883744e-01
4.614343707713126075e-01 5.775220040622883744e-01
4.614343707713126075e-01 5.781990521327013965e-01
4.621109607577807976e-01 5.781990521327013965e-01
4.648173207036536136e-01 5.781990521327013965e-01
4.648173207036536136e-01 5.802301963439404631e-01
4.668470906630581840e-01 5.802301963439404631e-01
4.668470906630581840e-01 5.815842924847663964e-01
4.675236806495263742e-01 5.815842924847663964e-01
4.675236806495263742e-01 5.829383886255924407e-01
4.682002706359945643e-01 5.829383886255924407e-01
4.695534506089310001e-01 5.829383886255924407e-01
4.695534506089310001e-01 5.836154366960054629e-01
4.709066305818673803e-01 5.836154366960054629e-01
4.709066305818673803e-01 5.863236289776574406e-01
4.729364005412720062e-01 5.863236289776574406e-01
4.729364005412720062e-01 5.890318212593094183e-01
4.736129905277401964e-01 5.890318212593094183e-01
4.736129905277401964e-01 5.897088693297224404e-01
4.742895805142083865e-01 5.897088693297224404e-01
4.742895805142083865e-01 5.910629654705483738e-01
4.783491204330175828e-01 5.910629654705483738e-01
4.783491204330175828e-01 5.917400135409613959e-01
4.790257104194857729e-01 5.917400135409613959e-01
4.790257104194857729e-01 5.951252538930263958e-01
4.797023004059540185e-01 5.951252538930263958e-01
4.797023004059540185e-01 5.958023019634394180e-01
4.803788903924222087e-01 5.958023019634394180e-01
4.803788903924222087e-01 5.964793500338524401e-01
4.810554803788903988e-01 5.964793500338524401e-01
4.810554803788903988e-01 5.971563981042653513e-01
4.817320703653585889e-01 5.971563981042653513e-01
4.817320703653585889e-01 5.978334461746783735e-01
4.830852503382949692e-01 5.978334461746783735e-01
4.830852503382949692e-01 5.991875423155044178e-01
4.844384303112314050e-01 5.991875423155044178e-01
4.844384303112314050e-01 5.998645903859174400e-01
4.857916102841677852e-01 5.998645903859174400e-01
4.857916102841677852e-01 6.005416384563303511e-01
4.864682002706359754e-01 6.005416384563303511e-01
4.884979702300406013e-01 6.005416384563303511e-01
4.891745602165087914e-01 6.005416384563303511e-01
4.891745602165087914e-01 6.012186865267433733e-01
4.912043301759134173e-01 6.012186865267433733e-01
4.912043301759134173e-01 6.025727826675694176e-01
4.918809201623816074e-01 6.025727826675694176e-01
4.932341001353179877e-01 6.025727826675694176e-01
4.939106901217861778e-01 6.025727826675694176e-01
4.939106901217861778e-01 6.032498307379824398e-01
4.966170500676589938e-01 6.032498307379824398e-01
4.966170500676589938e-01 6.039268788083953510e-01
4.979702300405953741e-01 6.039268788083953510e-01
4.979702300405953741e-01 6.046039268788083731e-01
4.986468200270636197e-01 6.046039268788083731e-01
4.986468200270636197e-01 6.059580230196344175e-01
5.000000000000000000e-01 6.059580230196344175e-01
5.000000000000000000e-01 6.073121191604603508e-01
5.006765899864682456e-01 6.073121191604603508e-01
5.006765899864682456e-01 6.079891672308733730e-01
5.020297699594046259e-01 6.079891672308733730e-01
5.020297699594046259e-01 6.086662153012863952e-01
5.027063599458727605e-01 6.086662153012863952e-01
5.027063599458727605e-01 6.093432633716994173e-01
5.040595399188092518e-01 6.093432633716994173e-01
5.040595399188092518e-01 6.106973595125253507e-01
5.060893098782137667e-01 6.106973595125253507e-01
5.060893098782137667e-01 6.127285037237644172e-01
5.067658998646820123e-01 6.127285037237644172e-01
5.081190798376183926e-01 6.127285037237644172e-01
5.094722598105547728e-01 6.127285037237644172e-01
5.108254397834911531e-01 6.127285037237644172e-01
5.128552097428957790e-01 6.127285037237644172e-01
5.128552097428957790e-01 6.147596479350033727e-01
5.135317997293640246e-01 6.147596479350033727e-01
5.135317997293640246e-01 6.154366960054163949e-01
5.155615696887686505e-01 6.154366960054163949e-01
5.155615696887686505e-01 6.161137440758294170e-01
5.162381596752367852e-01 6.161137440758294170e-01
5.162381596752367852e-01 6.174678402166553504e-01
5.169147496617050308e-01 6.174678402166553504e-01
5.169147496617050308e-01 6.194989844278944169e-01
5.175913396481731654e-01 6.194989844278944169e-01
5.175913396481731654e-01 6.201760324983073280e-01
5.196211096075777913e-01 6.201760324983073280e-01
5.196211096075777913e-01 6.215301286391333724e-01
5.202976995940460370e-01 6.215301286391333724e-01
5.202976995940460370e-01 6.228842247799594167e-01
5.216508795669824172e-01 6.228842247799594167e-01
5.216508795669824172e-01 6.235612728503723279e-01
5.223274695534506629e-01 6.235612728503723279e-01
5.223274695534506629e-01 6.242383209207853501e-01
5.230040595399187975e-01 6.242383209207853501e-01
5.230040595399187975e-01 6.255924170616113944e-01
5.236806495263870431e-01 6.255924170616113944e-01
5.236806495263870431e-01 6.283006093432633721e-01
5.250338294993234234e-01 6.283006093432633721e-01
5.250338294993234234e-01 6.289776574136763942e-01
5.257104194857915580e-01 6.289776574136763942e-01
5.257104194857915580e-01 6.296547054840894164e-01
5.270635994587280493e-01 6.296547054840894164e-01
5.290933694181325642e-01 6.296547054840894164e-01
5.290933694181325642e-01 6.310088016249153497e-01
5.324763193504735703e-01 6.310088016249153497e-01
5.324763193504735703e-01 6.316858496953283719e-01
5.331529093369418160e-01 6.316858496953283719e-01
5.331529093369418160e-01 6.357481381178063939e-01
5.345060893098781962e-01 6.357481381178063939e-01
5.365358592692828221e-01 6.357481381178063939e-01
5.365358592692828221e-01 6.364251861882194161e-01
5.378890392422192024e-01 6.364251861882194161e-01
5.399188092016238283e-01 6.364251861882194161e-01
5.399188092016238283e-01 6.371022342586323273e-01
5.405953991880919629e-01 6.371022342586323273e-01
5.405953991880919629e-01 6.404874746106973271e-01
5.433017591339648344e-01 6.404874746106973271e-01
5.446549391069012147e-01 6.404874746106973271e-01
5.446549391069012147e-01 6.411645226811103493e-01
5.453315290933694603e-01 6.411645226811103493e-01
5.453315290933694603e-01 6.425186188219363936e-01
5.460081190798375950e-01 6.425186188219363936e-01
5.460081190798375950e-01 6.431956668923493048e-01
5.466847090663058406e-01 6.431956668923493048e-01
5.466847090663058406e-01 6.438727149627623270e-01
5.480378890392422209e-01 6.438727149627623270e-01
5.480378890392422209e-01 6.445497630331753491e-01
5.487144790257104665e-01 6.445497630331753491e-01
5.487144790257104665e-01 6.492890995260663933e-01
5.500676589986468468e-01 6.492890995260663933e-01
5.500676589986468468e-01 6.499661475964793045e-01
5.507442489851149814e-01 6.499661475964793045e-01
5.507442489851149814e-01 6.506431956668923267e-01
5.520974289580514727e-01 6.506431956668923267e-01
5.520974289580514727e-01 6.533513879485443043e-01
5.527740189445196073e-01 6.533513879485443043e-01
5.541271989174559875e-01 6.533513879485443043e-01
5.541271989174559875e-01 6.540284360189573265e-01
5.554803788903923678e-01 6.540284360189573265e-01
5.554803788903923678e-01 6.547054840893703487e-01
5.575101488497969937e-01 6.547054840893703487e-01
5.575101488497969937e-01 6.560595802301963930e-01
5.581867388362652393e-01 6.560595802301963930e-01
5.595399188092016196e-01 6.560595802301963930e-01
5.608930987821379999e-01 6.560595802301963930e-01
5.622462787550743801e-01 6.560595802301963930e-01
5.629228687415426258e-01 6.560595802301963930e-01
5.629228687415426258e-01 6.574136763710223264e-01
5.656292286874153863e-01 6.574136763710223264e-01
5.663058186738836319e-01 6.574136763710223264e-01
5.663058186738836319e-01 6.580907244414353485e-01
5.669824086603518776e-01 6.580907244414353485e-01
5.683355886332882578e-01 6.580907244414353485e-01
5.683355886332882578e-01 6.587677725118483707e-01
5.690121786197563925e-01 6.587677725118483707e-01
5.703653585926927727e-01 6.587677725118483707e-01
5.703653585926927727e-01 6.594448205822613929e-01
5.710419485791610184e-01 6.594448205822613929e-01
5.723951285520973986e-01 6.594448205822613929e-01
5.730717185385656443e-01 6.594448205822613929e-01
5.730717185385656443e-01 6.614759647935003484e-01
5.744248985115020245e-01 6.614759647935003484e-01
5.757780784844384048e-01 6.614759647935003484e-01
5.757780784844384048e-01 6.621530128639133705e-01
5.771312584573747850e-01 6.621530128639133705e-01
5.771312584573747850e-01 6.635071090047393039e-01
5.778078484438430307e-01 6.635071090047393039e-01
5.778078484438430307e-01 6.655382532159783704e-01
5.784844384303112763e-01 6.655382532159783704e-01
5.784844384303112763e-01 6.682464454976303481e-01
5.798376184032476566e-01 6.682464454976303481e-01
5.805142083897157912e-01 6.682464454976303481e-01
5.805142083897157912e-01 6.729857819905212812e-01
5.811907983761840368e-01 6.729857819905212812e-01
5.811907983761840368e-01 6.736628300609343034e-01
5.818673883626522825e-01 6.736628300609343034e-01
5.832205683355886627e-01 6.736628300609343034e-01
5.838971583220567974e-01 6.736628300609343034e-01
5.852503382949932886e-01 6.736628300609343034e-01
5.859269282814614233e-01 6.736628300609343034e-01
5.859269282814614233e-01 6.743398781313473256e-01
5.872801082543978035e-01 6.743398781313473256e-01
5.879566982408660492e-01 6.743398781313473256e-01
5.879566982408660492e-01 6.750169262017603478e-01
5.893098782138024294e-01 6.750169262017603478e-01
5.906630581867388097e-01 6.750169262017603478e-01
5.913396481732070553e-01 6.750169262017603478e-01
5.913396481732070553e-01 6.770480704129993033e-01
5.933694181326116812e-01 6.770480704129993033e-01
5.940460081190798158e-01 6.770480704129993033e-01
5.940460081190798158e-01 6.784021665538253476e-01
5.953991880920161961e-01 6.784021665538253476e-01
5.953991880920161961e-01 6.811103588354773253e-01
5.967523680649526874e-01 6.811103588354773253e-01
5.967523680649526874e-01 6.817874069058903475e-01
5.974289580514208220e-01 6.817874069058903475e-01
5.987821380243572023e-01 6.817874069058903475e-01
6.001353179972936935e-01 6.817874069058903475e-01
6.001353179972936935e-01 6.844955991875423251e-01
6.008119079837618282e-01 6.844955991875423251e-01
6.008119079837618282e-01 6.851726472579553473e-01
6.041948579161028343e-01 6.851726472579553473e-01
6.062246278755074602e-01 6.851726472579553473e-01
6.062246278755074602e-01 6.872037914691943028e-01
6.075778078484438405e-01 6.872037914691943028e-01
6.096075778078484664e-01 6.872037914691943028e-01
6.096075778078484664e-01 6.885578876100203471e-01
6.102841677943166010e-01 6.885578876100203471e-01
6.116373477672530923e-01 6.885578876100203471e-01
6.123139377537212269e-01 6.885578876100203471e-01
6.123139377537212269e-01 6.892349356804332583e-01
6.136671177266576072e-01 6.892349356804332583e-01
6.136671177266576072e-01 6.899119837508462805e-01
6.143437077131258528e-01 6.899119837508462805e-01
6.143437077131258528e-01 6.912660798916723248e-01
6.150202976995940984e-01 6.912660798916723248e-01
6.163734776725304787e-01 6.912660798916723248e-01
6.170500676589986133e-01 6.912660798916723248e-01
6.170500676589986133e-01 6.932972241029112803e-01
6.184032476319349936e-01 6.932972241029112803e-01
6.197564276048714849e-01 6.932972241029112803e-01
6.197564276048714849e-01 6.939742721733243025e-01
6.211096075778078651e-01 6.939742721733243025e-01
6.211096075778078651e-01 6.953283683141503468e-01
6.217861975642759997e-01 6.953283683141503468e-01
6.217861975642759997e-01 6.973595125253893023e-01
6.224627875507442454e-01 6.973595125253893023e-01
6.224627875507442454e-01 6.987136086662153467e-01
6.231393775372124910e-01 6.987136086662153467e-01
6.231393775372124910e-01 6.993906567366282578e-01
6.244925575101488713e-01 6.993906567366282578e-01
6.244925575101488713e-01 7.007447528774543022e-01
6.258457374830852515e-01 7.007447528774543022e-01
6.265223274695534972e-01 7.007447528774543022e-01
6.265223274695534972e-01 7.034529451591062799e-01
6.278755074424898774e-01 7.034529451591062799e-01
6.278755074424898774e-01 7.048070412999323242e-01
6.292286874154262577e-01 7.048070412999323242e-01
6.292286874154262577e-01 7.061611374407582575e-01
6.305818673883626380e-01 7.061611374407582575e-01
6.319350473612990182e-01 7.061611374407582575e-01
6.332882273342353985e-01 7.061611374407582575e-01
6.332882273342353985e-01 7.068381855111712797e-01
6.339648173207036441e-01 7.068381855111712797e-01
6.339648173207036441e-01 7.075152335815843019e-01
6.346414073071718898e-01 7.075152335815843019e-01
6.346414073071718898e-01 7.081922816519973241e-01
6.359945872801082700e-01 7.081922816519973241e-01
6.359945872801082700e-01 7.088693297224103462e-01
6.373477672530446503e-01 7.088693297224103462e-01
6.373477672530446503e-01 7.095463777928232574e-01
6.387009472259810305e-01 7.095463777928232574e-01
6.393775372124492762e-01 7.095463777928232574e-01
6.393775372124492762e-01 7.102234258632362796e-01
6.407307171853856564e-01 7.102234258632362796e-01
6.407307171853856564e-01 7.115775220040623239e-01
6.420838971583220367e-01 7.115775220040623239e-01
6.420838971583220367e-01 7.122545700744752351e-01
6.427604871447902823e-01 7.122545700744752351e-01
6.427604871447902823e-01 7.129316181448882572e-01
6.434370771312584170e-01 7.129316181448882572e-01
6.447902571041949082e-01 7.129316181448882572e-01
6.447902571041949082e-01 7.136086662153012794e-01
6.454668470906630429e-01 7.136086662153012794e-01
6.454668470906630429e-01 7.142857142857143016e-01
6.461434370771312885e-01 7.142857142857143016e-01
6.461434370771312885e-01 7.163168584969532571e-01
6.474966170500676688e-01 7.163168584969532571e-01
6.474966170500676688e-01 7.169939065673662792e-01
6.481732070365359144e-01 7.169939065673662792e-01
6.495263870094722947e-01 7.169939065673662792e-01
6.495263870094722947e-01 7.176709546377793014e-01
6.515561569688768095e-01 7.176709546377793014e-01
6.529093369418133008e-01 7.176709546377793014e-01
6.542625169147496811e-01 7.176709546377793014e-01
6.569688768606224416e-01 7.176709546377793014e-01
6.569688768606224416e-01 7.190250507786052347e-01
6.576454668470906872e-01 7.190250507786052347e-01
6.576454668470906872e-01 7.197020988490182569e-01
6.583220568335588219e-01 7.197020988490182569e-01
6.583220568335588219e-01 7.210561949898443013e-01
6.589986468200270675e-01 7.210561949898443013e-01
6.589986468200270675e-01 7.217332430602573234e-01
6.610284167794316934e-01 7.217332430602573234e-01
6.610284167794316934e-01 7.224102911306702346e-01
6.623815967523680737e-01 7.224102911306702346e-01
6.623815967523680737e-01 7.237643872714962789e-01
6.650879566982408342e-01 7.237643872714962789e-01
6.657645466847090798e-01 7.237643872714962789e-01
6.657645466847090798e-01 7.257955314827352344e-01
6.671177266576454601e-01 7.257955314827352344e-01
6.671177266576454601e-01 7.264725795531482566e-01
6.691474966170500860e-01 7.264725795531482566e-01
6.691474966170500860e-01 7.271496276235612788e-01
6.711772665764547119e-01 7.271496276235612788e-01
6.711772665764547119e-01 7.298578199052132565e-01
6.725304465493910921e-01 7.298578199052132565e-01
6.725304465493910921e-01 7.325660121868652341e-01
6.732070365358592268e-01 7.325660121868652341e-01
6.732070365358592268e-01 7.339201083276912785e-01
6.745602165087957180e-01 7.339201083276912785e-01
6.745602165087957180e-01 7.345971563981043007e-01
6.752368064952638527e-01 7.345971563981043007e-01
6.765899864682002329e-01 7.345971563981043007e-01
6.765899864682002329e-01 7.359512525389302340e-01
6.772665764546684786e-01 7.359512525389302340e-01
6.772665764546684786e-01 7.379823967501693005e-01
6.779431664411367242e-01 7.379823967501693005e-01
6.779431664411367242e-01 7.393364928909952338e-01
6.786197564276048588e-01 7.393364928909952338e-01
6.786197564276048588e-01 7.413676371022343004e-01
6.799729364005412391e-01 7.413676371022343004e-01
6.813261163734776193e-01 7.413676371022343004e-01
6.813261163734776193e-01 7.420446851726472115e-01
6.826792963464141106e-01 7.420446851726472115e-01
6.826792963464141106e-01 7.433987813134732558e-01
6.840324763193504909e-01 7.433987813134732558e-01
6.840324763193504909e-01 7.440758293838862780e-01
6.847090663058186255e-01 7.440758293838862780e-01
6.847090663058186255e-01 7.447528774542993002e-01
6.853856562922868711e-01 7.447528774542993002e-01
6.853856562922868711e-01 7.461069735951252335e-01
6.860622462787551168e-01 7.461069735951252335e-01
6.860622462787551168e-01 7.467840216655382557e-01
6.867388362652232514e-01 7.467840216655382557e-01
6.880920162381596317e-01 7.467840216655382557e-01
6.887686062246278773e-01 7.467840216655382557e-01
6.887686062246278773e-01 7.474610697359512779e-01
6.894451962110961230e-01 7.474610697359512779e-01
6.907983761840325032e-01 7.474610697359512779e-01
6.914749661705006378e-01 7.474610697359512779e-01
6.914749661705006378e-01 7.481381178063643000e-01
6.928281461434371291e-01 7.481381178063643000e-01
6.948579161028416440e-01 7.481381178063643000e-01
6.948579161028416440e-01 7.494922139471902334e-01
6.962110960757780243e-01 7.494922139471902334e-01
6.962110960757780243e-01 7.515233581584292999e-01
6.982408660351826502e-01 7.515233581584292999e-01
6.989174560216508958e-01 7.515233581584292999e-01
6.989174560216508958e-01 7.522004062288422110e-01
7.002706359945872761e-01 7.522004062288422110e-01
7.002706359945872761e-01 7.528774542992552332e-01
7.036535859269282822e-01 7.528774542992552332e-01
7.036535859269282822e-01 7.542315504400812776e-01
7.043301759133965279e-01 7.542315504400812776e-01
7.043301759133965279e-01 7.562626946513202331e-01
7.050067658998646625e-01 7.562626946513202331e-01
7.050067658998646625e-01 7.569397427217332552e-01
7.056833558863329081e-01 7.569397427217332552e-01
7.056833558863329081e-01 7.610020311442112773e-01
7.063599458728010427e-01 7.610020311442112773e-01
7.063599458728010427e-01 7.623561272850372106e-01
7.070365358592692884e-01 7.623561272850372106e-01
7.070365358592692884e-01 7.637102234258632549e-01
7.083897158322056686e-01 7.637102234258632549e-01
7.090663058186739143e-01 7.637102234258632549e-01
7.090663058186739143e-01 7.643872714962762771e-01
7.097428958051420489e-01 7.643872714962762771e-01
7.097428958051420489e-01 7.657413676371022104e-01
7.110960757780784292e-01 7.657413676371022104e-01
7.110960757780784292e-01 7.670954637779282548e-01
7.124492557510149204e-01 7.670954637779282548e-01
7.124492557510149204e-01 7.684495599187541881e-01
7.131258457374830551e-01 7.684495599187541881e-01
7.131258457374830551e-01 7.698036560595802325e-01
7.158322056833559266e-01 7.698036560595802325e-01
7.158322056833559266e-01 7.711577522004062768e-01
7.171853856562923069e-01 7.711577522004062768e-01
7.185385656292286871e-01 7.711577522004062768e-01
7.185385656292286871e-01 7.718348002708191880e-01
7.198917456021650674e-01 7.718348002708191880e-01
7.205683355886333130e-01 7.718348002708191880e-01
7.205683355886333130e-01 7.725118483412322101e-01
7.212449255751014476e-01 7.725118483412322101e-01
7.212449255751014476e-01 7.731888964116452323e-01
7.232746955345060735e-01 7.731888964116452323e-01
7.232746955345060735e-01 7.745429925524712766e-01
7.239512855209743192e-01 7.745429925524712766e-01
7.239512855209743192e-01 7.752200406228841878e-01
7.253044654939106994e-01 7.752200406228841878e-01
7.253044654939106994e-01 7.758970886932972100e-01
7.273342354533153253e-01 7.758970886932972100e-01
7.286874154262517056e-01 7.758970886932972100e-01
7.286874154262517056e-01 7.765741367637102321e-01
7.300405953991880859e-01 7.765741367637102321e-01
7.307171853856563315e-01 7.765741367637102321e-01
7.307171853856563315e-01 7.779282329045362765e-01
7.313937753721244661e-01 7.779282329045362765e-01
7.313937753721244661e-01 7.786052809749491876e-01
7.320703653585927118e-01 7.786052809749491876e-01
7.320703653585927118e-01 7.799593771157752320e-01
7.327469553450608464e-01 7.799593771157752320e-01
7.341001353179973377e-01 7.799593771157752320e-01
7.341001353179973377e-01 7.806364251861882542e-01
7.347767253044654723e-01 7.806364251861882542e-01
7.347767253044654723e-01 7.813134732566011653e-01
7.354533152909337179e-01 7.813134732566011653e-01
7.354533152909337179e-01 7.819905213270141875e-01
7.361299052774018525e-01 7.819905213270141875e-01
7.361299052774018525e-01 7.846987136086661652e-01
7.368064952638700982e-01 7.846987136086661652e-01
7.381596752368064784e-01 7.846987136086661652e-01
7.395128552097428587e-01 7.846987136086661652e-01
7.395128552097428587e-01 7.853757616790791873e-01
7.401894451962111043e-01 7.853757616790791873e-01
7.401894451962111043e-01 7.860528097494922095e-01
7.408660351826793500e-01 7.860528097494922095e-01
7.408660351826793500e-01 7.874069058903182539e-01
7.428958051420838649e-01 7.874069058903182539e-01
7.428958051420838649e-01 7.887610020311441872e-01
7.442489851150202451e-01 7.887610020311441872e-01
7.442489851150202451e-01 7.921462423832091870e-01
7.456021650879567364e-01 7.921462423832091870e-01
7.456021650879567364e-01 7.941773865944482536e-01
7.462787550744248710e-01 7.941773865944482536e-01
7.462787550744248710e-01 7.948544346648611647e-01
7.469553450608931167e-01 7.948544346648611647e-01
7.469553450608931167e-01 7.962085308056872091e-01
7.476319350473612513e-01 7.962085308056872091e-01
7.476319350473612513e-01 7.968855788761002312e-01
7.489851150202977426e-01 7.968855788761002312e-01
7.489851150202977426e-01 7.982396750169261646e-01
7.503382949932341228e-01 7.982396750169261646e-01
7.510148849797022574e-01 7.982396750169261646e-01
7.510148849797022574e-01 7.995937711577522089e-01
7.523680649526387487e-01 7.995937711577522089e-01
7.530446549391068833e-01 7.995937711577522089e-01
7.550744248985115092e-01 7.995937711577522089e-01
7.571041948579161351e-01 7.995937711577522089e-01
7.571041948579161351e-01 8.002708192281652311e-01
7.577807848443842698e-01 8.002708192281652311e-01
7.577807848443842698e-01 8.043331076506431421e-01
7.584573748308525154e-01 8.043331076506431421e-01
7.598105548037888957e-01 8.043331076506431421e-01
7.611637347767252759e-01 8.043331076506431421e-01
7.611637347767252759e-01 8.050101557210561642e-01
7.618403247631935216e-01 8.050101557210561642e-01
7.618403247631935216e-01 8.056872037914691864e-01
7.638700947225981475e-01 8.056872037914691864e-01
7.638700947225981475e-01 8.070412999322952308e-01
7.645466847090662821e-01 8.070412999322952308e-01
7.658998646820026623e-01 8.070412999322952308e-01
7.679296346414072882e-01 8.070412999322952308e-01
7.679296346414072882e-01 8.083953960731211641e-01
7.686062246278755339e-01 8.083953960731211641e-01
7.686062246278755339e-01 8.097494922139472084e-01
7.706359945872801598e-01 8.097494922139472084e-01
7.706359945872801598e-01 8.104265402843602306e-01
7.719891745602165400e-01 8.104265402843602306e-01
7.726657645466846747e-01 8.104265402843602306e-01
7.740189445196210549e-01 8.104265402843602306e-01
7.740189445196210549e-01 8.151658767772511638e-01
7.746955345060893006e-01 8.151658767772511638e-01
7.746955345060893006e-01 8.158429248476641860e-01
7.760487144790256808e-01 8.158429248476641860e-01
7.760487144790256808e-01 8.171970209884902303e-01
7.767253044654939265e-01 8.171970209884902303e-01
7.767253044654939265e-01 8.185511171293161636e-01
7.780784844384303067e-01 8.185511171293161636e-01
7.780784844384303067e-01 8.205822613405552302e-01
7.807848443843030672e-01 8.205822613405552302e-01
7.821380243572395585e-01 8.205822613405552302e-01
7.821380243572395585e-01 8.212593094109681413e-01
7.834912043301759388e-01 8.212593094109681413e-01
7.834912043301759388e-01 8.226134055517941857e-01
7.841677943166440734e-01 8.226134055517941857e-01
7.841677943166440734e-01 8.239675016926202300e-01
7.855209742895805647e-01 8.239675016926202300e-01
7.868741542625169449e-01 8.239675016926202300e-01
7.868741542625169449e-01 8.246445497630331412e-01
7.902571041948579511e-01 8.246445497630331412e-01
7.902571041948579511e-01 8.253215978334461633e-01
7.916102841677943314e-01 8.253215978334461633e-01
7.916102841677943314e-01 8.259986459038591855e-01
7.929634641407307116e-01 8.259986459038591855e-01
7.929634641407307116e-01 8.266756939742722077e-01
7.949932341001353375e-01 8.266756939742722077e-01
7.956698240866034721e-01 8.266756939742722077e-01
7.956698240866034721e-01 8.273527420446851188e-01
7.963464140730717178e-01 8.273527420446851188e-01
7.963464140730717178e-01 8.280297901150981410e-01
7.976995940460080980e-01 8.280297901150981410e-01
7.976995940460080980e-01 8.287068381855111632e-01
7.983761840324763437e-01 8.287068381855111632e-01
7.983761840324763437e-01 8.293838862559241853e-01
7.997293640054127239e-01 8.293838862559241853e-01
7.997293640054127239e-01 8.314150304671631408e-01
8.004059539918809696e-01 8.314150304671631408e-01
8.004059539918809696e-01 8.320920785375761630e-01
8.010825439783491042e-01 8.320920785375761630e-01
8.010825439783491042e-01 8.327691266079891852e-01
8.024357239512854845e-01 8.327691266079891852e-01
8.024357239512854845e-01 8.334461746784022074e-01
8.044654939106901104e-01 8.334461746784022074e-01
8.044654939106901104e-01 8.348002708192281407e-01
8.051420838971583560e-01 8.348002708192281407e-01
8.051420838971583560e-01 8.375084631008801184e-01
8.058186738836264906e-01 8.375084631008801184e-01
8.071718538565628709e-01 8.375084631008801184e-01
8.071718538565628709e-01 8.381855111712931405e-01
8.085250338294993622e-01 8.381855111712931405e-01
8.085250338294993622e-01 8.395396073121191849e-01
8.092016238159674968e-01 8.395396073121191849e-01
8.092016238159674968e-01 8.408937034529451182e-01
8.098782138024357424e-01 8.408937034529451182e-01
8.098782138024357424e-01 8.415707515233581404e-01
8.125845737483085029e-01 8.415707515233581404e-01
8.125845737483085029e-01 8.422477995937711626e-01
8.139377537212448832e-01 8.422477995937711626e-01
8.139377537212448832e-01 8.429248476641841847e-01
8.146143437077131289e-01 8.429248476641841847e-01
8.159675236806495091e-01 8.429248476641841847e-01
8.159675236806495091e-01 8.436018957345972069e-01
8.166441136671177548e-01 8.436018957345972069e-01
8.179972936400541350e-01 8.436018957345972069e-01
8.179972936400541350e-01 8.442789438050101181e-01
8.186738836265223807e-01 8.442789438050101181e-01
8.186738836265223807e-01 8.449559918754231402e-01
8.200270635994587609e-01 8.449559918754231402e-01
8.213802435723951412e-01 8.449559918754231402e-01
8.220568335588632758e-01 8.449559918754231402e-01
8.234100135317997671e-01 8.449559918754231402e-01
8.240866035182679017e-01 8.449559918754231402e-01
8.240866035182679017e-01 8.463100880162491846e-01
8.247631935047361473e-01 8.463100880162491846e-01
8.247631935047361473e-01 8.469871360866622068e-01
8.254397834912042820e-01 8.469871360866622068e-01
8.267929634641407732e-01 8.469871360866622068e-01
8.267929634641407732e-01 8.476641841570751179e-01
8.281461434370771535e-01 8.476641841570751179e-01
8.281461434370771535e-01 8.496953283683141844e-01
8.288227334235452881e-01 8.496953283683141844e-01
8.288227334235452881e-01 8.517264725795531399e-01
8.301759133964817794e-01 8.517264725795531399e-01
8.301759133964817794e-01 8.591740013540961618e-01
8.315290933694181597e-01 8.591740013540961618e-01
8.315290933694181597e-01 8.625592417061611616e-01
8.328822733423545399e-01 8.625592417061611616e-01
8.328822733423545399e-01 8.652674339878131393e-01
8.342354533152909202e-01 8.652674339878131393e-01
8.362652232746955461e-01 8.652674339878131393e-01
8.362652232746955461e-01 8.659444820582261615e-01
8.369418132611636807e-01 8.659444820582261615e-01
8.382949932341001720e-01 8.659444820582261615e-01
8.389715832205683066e-01 8.659444820582261615e-01
8.389715832205683066e-01 8.666215301286391837e-01
8.396481732070365522e-01 8.666215301286391837e-01
8.396481732070365522e-01 8.706838185511170947e-01
8.403247631935046869e-01 8.706838185511170947e-01
8.403247631935046869e-01 8.713608666215301168e-01
8.416779431664411781e-01 8.713608666215301168e-01
8.437077131258456930e-01 8.713608666215301168e-01
8.437077131258456930e-01 8.720379146919431390e-01
8.457374830852503189e-01 8.720379146919431390e-01
8.484438430311231905e-01 8.720379146919431390e-01
8.497970230040595707e-01 8.720379146919431390e-01
8.511502029769959510e-01 8.720379146919431390e-01
8.511502029769959510e-01 8.733920108327690723e-01
8.518267929634640856e-01 8.733920108327690723e-01
8.531799729364005769e-01 8.733920108327690723e-01
8.531799729364005769e-01 8.740690589031820945e-01
8.538565629228687115e-01 8.740690589031820945e-01
8.538565629228687115e-01 8.747461069735951167e-01
8.545331529093369571e-01 8.747461069735951167e-01
8.558863328822733374e-01 8.747461069735951167e-01
8.585926928281460979e-01 8.747461069735951167e-01
8.585926928281460979e-01 8.761002031144211610e-01
8.592692828146143436e-01 8.761002031144211610e-01
8.592692828146143436e-01 8.767772511848340722e-01
8.606224627875507238e-01 8.767772511848340722e-01
8.606224627875507238e-01 8.808395396073120942e-01
8.633288227334235954e-01 8.808395396073120942e-01
8.633288227334235954e-01 8.828706838185511607e-01
8.646820027063599756e-01 8.828706838185511607e-01
8.667117726657646015e-01 8.828706838185511607e-01
8.667117726657646015e-01 8.835477318889640719e-01
8.694181326116373620e-01 8.835477318889640719e-01
8.694181326116373620e-01 8.849018280297901162e-01
8.707713125845737423e-01 8.849018280297901162e-01
8.707713125845737423e-01 8.855788761002031384e-01
8.721244925575101226e-01 8.855788761002031384e-01
8.721244925575101226e-01 8.862559241706161606e-01
8.734776725304465028e-01 8.862559241706161606e-01
8.734776725304465028e-01 8.876100203114420939e-01
8.741542625169147485e-01 8.876100203114420939e-01
8.741542625169147485e-01 8.889641164522681382e-01
8.748308525033829941e-01 8.889641164522681382e-01
8.748308525033829941e-01 8.903182125930940716e-01
8.755074424898511287e-01 8.903182125930940716e-01
8.768606224627875090e-01 8.903182125930940716e-01
8.768606224627875090e-01 8.909952606635070937e-01
8.782138024357240003e-01 8.909952606635070937e-01
8.802435723951285151e-01 8.909952606635070937e-01
8.802435723951285151e-01 8.930264048747461603e-01
8.815967523680650064e-01 8.930264048747461603e-01
8.815967523680650064e-01 8.943805010155720936e-01
8.822733423545331410e-01 8.943805010155720936e-01
8.822733423545331410e-01 8.997968855788760489e-01
8.843031123139377669e-01 8.997968855788760489e-01
8.843031123139377669e-01 9.004739336492890711e-01
8.849797023004059016e-01 9.004739336492890711e-01
8.849797023004059016e-01 9.025050778605281376e-01
8.870094722598105275e-01 9.025050778605281376e-01
8.870094722598105275e-01 9.031821259309410488e-01
8.890392422192151534e-01 9.031821259309410488e-01
8.890392422192151534e-01 9.038591740013540710e-01
8.917456021650879139e-01 9.038591740013540710e-01
8.924221921515561595e-01 9.038591740013540710e-01
8.924221921515561595e-01 9.058903182125931375e-01
8.930987821380244052e-01 9.058903182125931375e-01
8.930987821380244052e-01 9.065673662830060486e-01
8.937753721244925398e-01 9.065673662830060486e-01
8.937753721244925398e-01 9.092755585646581373e-01
8.944519621109607854e-01 9.092755585646581373e-01
8.944519621109607854e-01 9.099526066350710485e-01
8.951285520974289200e-01 9.099526066350710485e-01
8.951285520974289200e-01 9.106296547054840707e-01
8.958051420838971657e-01 9.106296547054840707e-01
8.971583220568335459e-01 9.106296547054840707e-01
8.978349120433017916e-01 9.106296547054840707e-01
8.978349120433017916e-01 9.119837508463101150e-01
8.985115020297699262e-01 9.119837508463101150e-01
8.985115020297699262e-01 9.126607989167231372e-01
8.998646820027063065e-01 9.126607989167231372e-01
9.005412719891745521e-01 9.126607989167231372e-01
9.005412719891745521e-01 9.140148950575490705e-01
9.018944519621109324e-01 9.140148950575490705e-01
9.018944519621109324e-01 9.146919431279620927e-01
9.032476319350473126e-01 9.146919431279620927e-01
9.032476319350473126e-01 9.153689911983751148e-01
9.046008119079838039e-01 9.153689911983751148e-01
9.046008119079838039e-01 9.174001354096140703e-01
9.059539918809201842e-01 9.174001354096140703e-01
9.059539918809201842e-01 9.180771834800270925e-01
9.079837618403248101e-01 9.180771834800270925e-01
9.079837618403248101e-01 9.207853757616790702e-01
9.086603518267929447e-01 9.207853757616790702e-01
9.086603518267929447e-01 9.221394719025051145e-01
9.100135317997293249e-01 9.221394719025051145e-01
9.100135317997293249e-01 9.228165199729180257e-01
9.113667117726658162e-01 9.228165199729180257e-01
9.113667117726658162e-01 9.234935680433310479e-01
9.120433017591339508e-01 9.234935680433310479e-01
9.120433017591339508e-01 9.241706161137440700e-01
9.133964817320703311e-01 9.241706161137440700e-01
9.133964817320703311e-01 9.255247122545701144e-01
9.147496617050067114e-01 9.255247122545701144e-01
9.147496617050067114e-01 9.262017603249830255e-01
9.161028416779432026e-01 9.262017603249830255e-01
9.188092016238159632e-01 9.262017603249830255e-01
9.188092016238159632e-01 9.268788083953960477e-01
9.201623815967523434e-01 9.268788083953960477e-01
9.208389715832205891e-01 9.268788083953960477e-01
9.208389715832205891e-01 9.282329045362220921e-01
9.228687415426252150e-01 9.282329045362220921e-01
9.228687415426252150e-01 9.289099526066351142e-01
9.276048714479026014e-01 9.289099526066351142e-01
9.276048714479026014e-01 9.302640487474610476e-01
9.282814614343707360e-01 9.302640487474610476e-01
9.282814614343707360e-01 9.316181448882870919e-01
9.289580514208389816e-01 9.316181448882870919e-01
9.289580514208389816e-01 9.329722410291130252e-01
9.296346414073072273e-01 9.329722410291130252e-01
9.296346414073072273e-01 9.343263371699390696e-01
9.303112313937753619e-01 9.343263371699390696e-01
9.303112313937753619e-01 9.350033852403520918e-01
9.309878213802436075e-01 9.350033852403520918e-01
9.309878213802436075e-01 9.356804333107651139e-01
9.316644113667117422e-01 9.356804333107651139e-01
9.316644113667117422e-01 9.377115775220040694e-01
9.330175913396481224e-01 9.377115775220040694e-01
9.330175913396481224e-01 9.383886255924170916e-01
9.336941813261163681e-01 9.383886255924170916e-01
9.336941813261163681e-01 9.397427217332430249e-01
9.343707713125846137e-01 9.397427217332430249e-01
9.343707713125846137e-01 9.424509140148950026e-01
9.377537212449256199e-01 9.424509140148950026e-01
9.377537212449256199e-01 9.431279620853080248e-01
9.384303112313937545e-01 9.431279620853080248e-01
9.384303112313937545e-01 9.444820582261340691e-01
9.397834912043301347e-01 9.444820582261340691e-01
9.397834912043301347e-01 9.451591062965470913e-01
9.404600811907983804e-01 9.451591062965470913e-01
9.418132611637347607e-01 9.451591062965470913e-01
9.418132611637347607e-01 9.471902505077860468e-01
9.424898511502030063e-01 9.471902505077860468e-01
9.438430311231393866e-01 9.471902505077860468e-01
9.438430311231393866e-01 9.485443466486120911e-01
9.445196211096076322e-01 9.485443466486120911e-01
9.445196211096076322e-01 9.492213947190250023e-01
9.458728010825440125e-01 9.492213947190250023e-01
9.458728010825440125e-01 9.498984427894380245e-01
9.479025710419485273e-01 9.498984427894380245e-01
9.479025710419485273e-01 9.512525389302640688e-01
9.499323410013531532e-01 9.512525389302640688e-01
9.499323410013531532e-01 9.519295870006770910e-01
9.512855209742895335e-01 9.519295870006770910e-01
9.519621109607577791e-01 9.519295870006770910e-01
9.533152909336941594e-01 9.519295870006770910e-01
9.533152909336941594e-01 9.532836831415030243e-01
9.539918809201624050e-01 9.532836831415030243e-01
9.539918809201624050e-01 9.539607312119160465e-01
9.546684709066305397e-01 9.539607312119160465e-01
9.546684709066305397e-01 9.580230196343940685e-01
9.553450608930987853e-01 9.580230196343940685e-01
9.553450608930987853e-01 9.607312119160460462e-01
9.566982408660351656e-01 9.607312119160460462e-01
9.580514208389715458e-01 9.607312119160460462e-01
9.580514208389715458e-01 9.634394041976980239e-01
9.587280108254397915e-01 9.634394041976980239e-01
9.587280108254397915e-01 9.654705484089369794e-01
9.594046008119080371e-01 9.654705484089369794e-01
9.594046008119080371e-01 9.681787406905890681e-01
9.607577807848444174e-01 9.681787406905890681e-01
9.607577807848444174e-01 9.688557887610019792e-01
9.621109607577807976e-01 9.688557887610019792e-01
9.621109607577807976e-01 9.695328368314150014e-01
9.634641407307171779e-01 9.695328368314150014e-01
9.634641407307171779e-01 9.708869329722410457e-01
9.648173207036535581e-01 9.708869329722410457e-01
9.654939106901218038e-01 9.708869329722410457e-01
9.668470906630581840e-01 9.708869329722410457e-01
9.675236806495264297e-01 9.708869329722410457e-01
9.675236806495264297e-01 9.742721733243060456e-01
9.688768606224628099e-01 9.742721733243060456e-01
9.688768606224628099e-01 9.749492213947190677e-01
9.702300405953991902e-01 9.749492213947190677e-01
9.702300405953991902e-01 9.790115098171969787e-01
9.722598105548038161e-01 9.790115098171969787e-01
9.722598105548038161e-01 9.796885578876100009e-01
9.729364005412719507e-01 9.796885578876100009e-01
9.729364005412719507e-01 9.810426540284360453e-01
9.742895805142084420e-01 9.810426540284360453e-01
9.742895805142084420e-01 9.823967501692619786e-01
9.749661705006765766e-01 9.823967501692619786e-01
9.749661705006765766e-01 9.837508463100880229e-01
9.769959404600812025e-01 9.837508463100880229e-01
9.783491204330175828e-01 9.837508463100880229e-01
9.783491204330175828e-01 9.844278943805010451e-01
9.790257104194858284e-01 9.844278943805010451e-01
9.790257104194858284e-01 9.851049424509140673e-01
9.797023004059539630e-01 9.851049424509140673e-01
9.797023004059539630e-01 9.857819905213269784e-01
9.817320703653585889e-01 9.857819905213269784e-01
9.817320703653585889e-01 9.864590385917400006e-01
9.824086603518268346e-01 9.864590385917400006e-01
9.824086603518268346e-01 9.871360866621530228e-01
9.830852503382949692e-01 9.871360866621530228e-01
9.844384303112313495e-01 9.871360866621530228e-01
9.851150202976995951e-01 9.871360866621530228e-01
9.851150202976995951e-01 9.878131347325660450e-01
9.857916102841678407e-01 9.878131347325660450e-01
9.857916102841678407e-01 9.884901828029789561e-01
9.864682002706359754e-01 9.884901828029789561e-01
9.878213802435723556e-01 9.884901828029789561e-01
9.878213802435723556e-01 9.898442789438050005e-01
9.891745602165088469e-01 9.898442789438050005e-01
9.891745602165088469e-01 9.918754231550439560e-01
9.905277401894452272e-01 9.918754231550439560e-01
9.905277401894452272e-01 9.925524712254569781e-01
9.918809201623816074e-01 9.925524712254569781e-01
9.932341001353179877e-01 9.925524712254569781e-01
9.939106901217862333e-01 9.925524712254569781e-01
9.939106901217862333e-01 9.952606635071089558e-01
9.945872801082543679e-01 9.952606635071089558e-01
9.945872801082543679e-01 9.966147596479350002e-01
9.952638700947226136e-01 9.966147596479350002e-01
9.952638700947226136e-01 9.979688557887610445e-01
9.959404600811907482e-01 9.979688557887610445e-01
9.959404600811907482e-01 9.986459038591739557e-01
9.986468200270636197e-01 9.986459038591739557e-01
9.986468200270636197e-01 1.000000000000000000e+00
1.000000000000000000e+00 1.000000000000000000e+00
