# auc=0.764
# acc=0.703
0.000000000000000000e+00 0.000000000000000000e+00
0.000000000000000000e+00 6.770480704129992972e-04
0.000000000000000000e+00 1.354096140825998594e-03
0.000000000000000000e+00 2.708192281651997189e-03
0.000000000000000000e+00 1.631685849695328483e-01
6.765899864682003214e-04 1.631685849695328483e-01
6.765899864682003214e-04 1.760324983073798255e-01
1.353179972936400643e-03 1.760324983073798255e-01
1.353179972936400643e-03 2.274881516587677621e-01
2.029769959404600747e-03 2.274881516587677621e-01
2.029769959404600747e-03 2.281651997291807843e-01
2.706359945872801286e-03 2.281651997291807843e-01
2.706359945872801286e-03 2.721733243060257545e-01
3.382949932341001390e-03 2.721733243060257545e-01
3.382949932341001390e-03 2.843601895734597096e-01
4.059539918809201495e-03 2.843601895734597096e-01
5.412719891745602571e-03 2.843601895734597096e-01
5.412719891745602571e-03 2.938388625592416870e-01
6.089309878213802242e-03 2.938388625592416870e-01
6.089309878213802242e-03 2.945159106296547091e-01
7.442489851150203319e-03 2.945159106296547091e-01
7.442489851150203319e-03 3.019634394041976755e-01
8.119079837618402989e-03 3.019634394041976755e-01
8.119079837618402989e-03 3.100880162491536640e-01
8.795669824086603528e-03 3.100880162491536640e-01
8.795669824086603528e-03 3.195666892349356969e-01
9.472259810554804066e-03 3.195666892349356969e-01
9.472259810554804066e-03 3.243060257278266856e-01
1.082543978349120514e-02 3.243060257278266856e-01
1.082543978349120514e-02 3.303994583615436631e-01
1.150202976995940395e-02 3.303994583615436631e-01
1.150202976995940395e-02 3.412322274881516848e-01
1.285520974289580502e-02 3.412322274881516848e-01
1.285520974289580502e-02 3.432633716993906403e-01
1.353179972936400556e-02 3.432633716993906403e-01
1.353179972936400556e-02 3.439404197698036625e-01
1.420838971583220610e-02 3.439404197698036625e-01
1.420838971583220610e-02 3.452945159106296513e-01
1.488497970230040664e-02 3.452945159106296513e-01
1.488497970230040664e-02 3.466486120514556402e-01
1.623815967523680598e-02 3.466486120514556402e-01
1.623815967523680598e-02 3.507109004739336622e-01
1.691474966170500652e-02 3.507109004739336622e-01
1.691474966170500652e-02 3.513879485443466288e-01
1.759133964817320706e-02 3.513879485443466288e-01
1.759133964817320706e-02 3.534190927555856399e-01
1.826792963464140759e-02 3.534190927555856399e-01
1.826792963464140759e-02 3.547731888964116287e-01
1.894451962110960813e-02 3.547731888964116287e-01
1.894451962110960813e-02 3.568043331076506397e-01
2.097428958051420975e-02 3.568043331076506397e-01
2.097428958051420975e-02 3.635748138117806394e-01
2.165087956698241028e-02 3.635748138117806394e-01
2.165087956698241028e-02 3.676371022342586059e-01
2.232746955345060735e-02 3.676371022342586059e-01
2.232746955345060735e-02 3.696682464454976169e-01
2.300405953991880789e-02 3.696682464454976169e-01
2.300405953991880789e-02 3.723764387271496501e-01
2.435723951285520897e-02 3.723764387271496501e-01
2.435723951285520897e-02 3.818551117129316275e-01
2.571041948579161004e-02 3.818551117129316275e-01
2.571041948579161004e-02 3.832092078537576163e-01
2.706359945872801112e-02 3.832092078537576163e-01
2.706359945872801112e-02 3.926878808395395937e-01
2.774018944519621166e-02 3.926878808395395937e-01
2.774018944519621166e-02 3.933649289099526158e-01
2.909336941813261274e-02 3.933649289099526158e-01
2.909336941813261274e-02 3.960731211916045935e-01
3.044654939106901381e-02 3.960731211916045935e-01
3.044654939106901381e-02 3.974272173324305824e-01
3.179972936400541489e-02 3.974272173324305824e-01
3.179972936400541489e-02 4.021665538253215710e-01
3.247631935047361196e-02 4.021665538253215710e-01
3.247631935047361196e-02 4.048747461069736042e-01
3.382949932341001303e-02 4.048747461069736042e-01
3.382949932341001303e-02 4.062288422477995931e-01
3.653585926928281519e-02 4.062288422477995931e-01
3.653585926928281519e-02 4.089370345294515707e-01
3.788903924221921626e-02 4.089370345294515707e-01
3.788903924221921626e-02 4.116452268111036039e-01
3.924221921515561734e-02 4.116452268111036039e-01
3.924221921515561734e-02 4.150304671631686038e-01
3.991880920162381441e-02 4.150304671631686038e-01
3.991880920162381441e-02 4.163845633039945926e-01
4.262516914749661656e-02 4.163845633039945926e-01
4.262516914749661656e-02 4.170616113744075593e-01
4.330175913396482057e-02 4.170616113744075593e-01
4.330175913396482057e-02 4.204468517264725591e-01
4.397834912043301764e-02 4.204468517264725591e-01
4.397834912043301764e-02 4.218009478672986035e-01
4.600811907983761578e-02 4.218009478672986035e-01
4.600811907983761578e-02 4.224779959377115701e-01
4.736129905277401686e-02 4.224779959377115701e-01
4.736129905277401686e-02 4.265402843601895921e-01
4.803788903924222087e-02 4.265402843601895921e-01
4.803788903924222087e-02 4.292484766418415698e-01
5.006765899864681901e-02 4.292484766418415698e-01
5.006765899864681901e-02 4.299255247122545920e-01
5.142083897158322009e-02 4.299255247122545920e-01
5.142083897158322009e-02 4.312796208530805808e-01
5.209742895805142410e-02 4.312796208530805808e-01
5.209742895805142410e-02 4.326337169939065697e-01
5.277401894451962117e-02 4.326337169939065697e-01
5.277401894451962117e-02 4.373730534867975583e-01
5.345060893098781823e-02 4.373730534867975583e-01
5.548037889039242332e-02 4.373730534867975583e-01
5.548037889039242332e-02 4.461746784021665690e-01
5.615696887686062039e-02 4.461746784021665690e-01
5.615696887686062039e-02 4.468517264725795357e-01
5.751014884979702146e-02 4.468517264725795357e-01
5.751014884979702146e-02 4.488828706838185467e-01
5.818673883626522547e-02 4.488828706838185467e-01
5.818673883626522547e-02 4.515910629654705244e-01
5.953991880920162655e-02 4.515910629654705244e-01
5.953991880920162655e-02 4.522681110358835466e-01
6.089309878213802762e-02 4.522681110358835466e-01
6.089309878213802762e-02 4.529451591062965687e-01
6.156968876860622469e-02 4.529451591062965687e-01
6.156968876860622469e-02 4.583615436696005241e-01
6.224627875507442176e-02 4.583615436696005241e-01
6.224627875507442176e-02 4.603926878808395351e-01
6.292286874154262577e-02 4.603926878808395351e-01
6.292286874154262577e-02 4.644549763033175571e-01
6.359945872801082978e-02 4.644549763033175571e-01
6.359945872801082978e-02 4.651320243737305238e-01
6.562922868741542792e-02 4.651320243737305238e-01
6.562922868741542792e-02 4.671631685849695348e-01
6.630581867388363193e-02 4.671631685849695348e-01
6.630581867388363193e-02 4.678402166553825570e-01
6.901217861975643408e-02 4.678402166553825570e-01
6.901217861975643408e-02 4.712254570074475013e-01
7.036535859269282822e-02 4.712254570074475013e-01
7.104194857916103223e-02 4.712254570074475013e-01
7.104194857916103223e-02 4.719025050778605235e-01
7.239512855209742637e-02 4.719025050778605235e-01
7.239512855209742637e-02 4.739336492890995345e-01
7.307171853856563037e-02 4.739336492890995345e-01
7.307171853856563037e-02 4.746106973595125011e-01
7.374830852503383438e-02 4.746106973595125011e-01
7.374830852503383438e-02 4.766418415707515122e-01
7.510148849797022852e-02 4.766418415707515122e-01
7.510148849797022852e-02 4.786729857819905232e-01
7.645466847090663653e-02 4.786729857819905232e-01
7.645466847090663653e-02 4.813811780636425008e-01
7.780784844384303067e-02 4.813811780636425008e-01
7.780784844384303067e-02 4.854434664861205229e-01
7.916102841677942481e-02 4.854434664861205229e-01
8.051420838971583283e-02 4.854434664861205229e-01
8.119079837618403683e-02 4.854434664861205229e-01
8.119079837618403683e-02 4.881516587677725005e-01
8.186738836265222696e-02 4.881516587677725005e-01
8.186738836265222696e-02 4.888287068381855227e-01
8.254397834912043097e-02 4.888287068381855227e-01
8.254397834912043097e-02 4.895057549085984894e-01
8.525033829499323312e-02 4.895057549085984894e-01
8.525033829499323312e-02 4.901828029790115115e-01
8.728010825439783127e-02 4.901828029790115115e-01
8.930987821380242941e-02 4.901828029790115115e-01
8.930987821380242941e-02 4.922139471902505226e-01
9.066305818673883743e-02 4.922139471902505226e-01
9.066305818673883743e-02 4.928909952606634892e-01
9.133964817320704144e-02 4.928909952606634892e-01
9.133964817320704144e-02 4.969532836831415112e-01
9.201623815967523157e-02 4.969532836831415112e-01
9.404600811907984359e-02 4.969532836831415112e-01
9.404600811907984359e-02 4.989844278943805223e-01
9.607577807848444174e-02 4.989844278943805223e-01
9.607577807848444174e-02 5.003385240352065111e-01
9.675236806495263187e-02 5.003385240352065111e-01
9.675236806495263187e-02 5.037237643872715109e-01
9.878213802435724389e-02 5.037237643872715109e-01
9.878213802435724389e-02 5.044008124576845331e-01
1.001353179972936380e-01 5.044008124576845331e-01
1.001353179972936380e-01 5.050778605280974443e-01
1.008119079837618420e-01 5.050778605280974443e-01
1.008119079837618420e-01 5.071090047393365108e-01
1.021650879566982362e-01 5.071090047393365108e-01
1.028416779431664402e-01 5.071090047393365108e-01
1.028416779431664402e-01 5.084631008801624441e-01
1.041948579161028482e-01 5.084631008801624441e-01
1.055480378890392423e-01 5.084631008801624441e-01
1.055480378890392423e-01 5.104942450914015106e-01
1.069012178619756365e-01 5.104942450914015106e-01
1.069012178619756365e-01 5.118483412322274440e-01
1.082543978349120445e-01 5.118483412322274440e-01
1.082543978349120445e-01 5.125253893026404661e-01
1.089309878213802485e-01 5.125253893026404661e-01
1.089309878213802485e-01 5.132024373730534883e-01
1.096075778078484386e-01 5.132024373730534883e-01
1.096075778078484386e-01 5.138794854434665105e-01
1.109607577807848466e-01 5.138794854434665105e-01
1.109607577807848466e-01 5.145565335138795326e-01
1.136671177266576488e-01 5.145565335138795326e-01
1.136671177266576488e-01 5.172647257955315103e-01
1.143437077131258389e-01 5.172647257955315103e-01
1.143437077131258389e-01 5.192958700067704658e-01
1.150202976995940429e-01 5.192958700067704658e-01
1.150202976995940429e-01 5.206499661475965102e-01
1.156968876860622469e-01 5.206499661475965102e-01
1.156968876860622469e-01 5.220040622884224435e-01
1.163734776725304509e-01 5.220040622884224435e-01
1.163734776725304509e-01 5.253893026404874433e-01
1.170500676589986411e-01 5.253893026404874433e-01
1.170500676589986411e-01 5.267433987813134877e-01
1.184032476319350491e-01 5.267433987813134877e-01
1.184032476319350491e-01 5.287745429925524432e-01
1.190798376184032531e-01 5.287745429925524432e-01
1.204330175913396472e-01 5.287745429925524432e-01
1.211096075778078512e-01 5.287745429925524432e-01
1.211096075778078512e-01 5.355450236966824429e-01
1.217861975642760552e-01 5.355450236966824429e-01
1.217861975642760552e-01 5.368991198375084872e-01
1.224627875507442454e-01 5.368991198375084872e-01
1.224627875507442454e-01 5.375761679079215094e-01
1.238159675236806534e-01 5.375761679079215094e-01
1.238159675236806534e-01 5.409614082599865093e-01
1.251691474966170614e-01 5.409614082599865093e-01
1.265223274695534417e-01 5.409614082599865093e-01
1.271989174560216596e-01 5.409614082599865093e-01
1.271989174560216596e-01 5.416384563303994204e-01
1.285520974289580398e-01 5.416384563303994204e-01
1.285520974289580398e-01 5.436696005416384869e-01
1.312584573748308558e-01 5.436696005416384869e-01
1.312584573748308558e-01 5.470548408937034868e-01
1.319350473612990460e-01 5.470548408937034868e-01
1.319350473612990460e-01 5.477318889641163979e-01
1.326116373477672639e-01 5.477318889641163979e-01
1.326116373477672639e-01 5.484089370345294201e-01
1.339648173207036441e-01 5.484089370345294201e-01
1.339648173207036441e-01 5.490859851049424423e-01
1.353179972936400521e-01 5.490859851049424423e-01
1.353179972936400521e-01 5.497630331753554644e-01
1.366711772665764602e-01 5.497630331753554644e-01
1.366711772665764602e-01 5.517941773865944199e-01
1.373477672530446503e-01 5.517941773865944199e-01
1.373477672530446503e-01 5.538253215978334865e-01
1.387009472259810583e-01 5.538253215978334865e-01
1.393775372124492484e-01 5.538253215978334865e-01
1.393775372124492484e-01 5.558564658090724420e-01
1.400541271989174663e-01 5.558564658090724420e-01
1.400541271989174663e-01 5.565335138794854641e-01
1.407307171853856564e-01 5.565335138794854641e-01
1.407307171853856564e-01 5.572105619498984863e-01
1.427604871447902546e-01 5.572105619498984863e-01
1.427604871447902546e-01 5.578876100203113975e-01
1.441136671177266626e-01 5.578876100203113975e-01
1.441136671177266626e-01 5.592417061611374418e-01
1.447902571041948527e-01 5.592417061611374418e-01
1.447902571041948527e-01 5.599187542315504640e-01
1.468200270635994509e-01 5.599187542315504640e-01
1.468200270635994509e-01 5.626269465132024417e-01
1.502029769959404570e-01 5.626269465132024417e-01
1.502029769959404570e-01 5.639810426540284860e-01
1.515561569688768651e-01 5.639810426540284860e-01
1.515561569688768651e-01 5.666892349356804637e-01
1.529093369418132731e-01 5.666892349356804637e-01
1.529093369418132731e-01 5.673662830060934859e-01
1.535859269282814632e-01 5.673662830060934859e-01
1.535859269282814632e-01 5.687203791469194192e-01
1.542625169147496533e-01 5.687203791469194192e-01
1.556156968876860613e-01 5.687203791469194192e-01
1.562922868741542515e-01 5.687203791469194192e-01
1.583220568335588496e-01 5.687203791469194192e-01
1.583220568335588496e-01 5.693974272173324414e-01
1.596752368064952576e-01 5.693974272173324414e-01
1.596752368064952576e-01 5.700744752877454635e-01
1.603518267929634755e-01 5.700744752877454635e-01
1.603518267929634755e-01 5.714285714285713969e-01
1.623815967523680737e-01 5.714285714285713969e-01
1.623815967523680737e-01 5.727826675693974412e-01
1.644113667117726718e-01 5.727826675693974412e-01
1.644113667117726718e-01 5.734597156398104634e-01
1.650879566982408619e-01 5.734597156398104634e-01
1.650879566982408619e-01 5.741367637102233745e-01
1.664411366711772700e-01 5.741367637102233745e-01
1.664411366711772700e-01 5.748138117806363967e-01
1.677943166441136780e-01 5.748138117806363967e-01
1.711772665764546564e-01 5.748138117806363967e-01
1.711772665764546564e-01 5.768449559918754632e-01
1.718538565629228743e-01 5.768449559918754632e-01
1.718538565629228743e-01 5.775220040622883744e-01
1.732070365358592823e-01 5.775220040622883744e-01
1.732070365358592823e-01 5.781990521327013965e-01
1.738836265223274724e-01 5.781990521327013965e-01
1.738836265223274724e-01 5.795531482735274409e-01
1.745602165087956625e-01 5.795531482735274409e-01
1.745602165087956625e-01 5.815842924847663964e-01
1.752368064952638804e-01 5.815842924847663964e-01
1.752368064952638804e-01 5.842924847664183741e-01
1.765899864682002607e-01 5.842924847664183741e-01
1.765899864682002607e-01 5.890318212593094183e-01
1.779431664411366687e-01 5.890318212593094183e-01
1.792963464140730767e-01 5.890318212593094183e-01
1.792963464140730767e-01 5.910629654705483738e-01
1.806495263870094847e-01 5.910629654705483738e-01
1.833558863328822730e-01 5.910629654705483738e-01
1.833558863328822730e-01 5.924170616113744181e-01
1.840324763193504631e-01 5.924170616113744181e-01
1.853856562922868711e-01 5.924170616113744181e-01
1.860622462787550613e-01 5.924170616113744181e-01
1.860622462787550613e-01 5.930941096817874403e-01
1.867388362652232792e-01 5.930941096817874403e-01
1.867388362652232792e-01 5.937711577522003514e-01
1.874154262516914693e-01 5.937711577522003514e-01
1.874154262516914693e-01 5.958023019634394180e-01
1.887686062246278773e-01 5.958023019634394180e-01
1.894451962110960674e-01 5.958023019634394180e-01
1.894451962110960674e-01 5.978334461746783735e-01
1.901217861975642853e-01 5.978334461746783735e-01
1.901217861975642853e-01 5.998645903859174400e-01
1.921515561569688835e-01 5.998645903859174400e-01
1.921515561569688835e-01 6.046039268788083731e-01
1.935047361299052637e-01 6.046039268788083731e-01
1.935047361299052637e-01 6.052809749492213953e-01
1.941813261163734816e-01 6.052809749492213953e-01
1.941813261163734816e-01 6.059580230196344175e-01
1.989174560216508680e-01 6.059580230196344175e-01
1.989174560216508680e-01 6.066350710900474397e-01
2.002706359945872761e-01 6.066350710900474397e-01
2.002706359945872761e-01 6.079891672308733730e-01
2.029769959404600921e-01 6.079891672308733730e-01
2.036535859269282822e-01 6.079891672308733730e-01
2.036535859269282822e-01 6.113744075829383728e-01
2.043301759133964723e-01 6.113744075829383728e-01
2.043301759133964723e-01 6.120514556533513950e-01
2.050067658998646902e-01 6.120514556533513950e-01
2.050067658998646902e-01 6.127285037237644172e-01
2.083897158322056964e-01 6.127285037237644172e-01
2.083897158322056964e-01 6.134055517941774394e-01
2.090663058186738865e-01 6.134055517941774394e-01
2.090663058186738865e-01 6.140825998645903505e-01
2.104194857916102945e-01 6.140825998645903505e-01
2.104194857916102945e-01 6.154366960054163949e-01
2.117726657645466748e-01 6.154366960054163949e-01
2.144790257104194908e-01 6.154366960054163949e-01
2.144790257104194908e-01 6.161137440758294170e-01
2.151556156968876810e-01 6.161137440758294170e-01
2.165087956698240890e-01 6.161137440758294170e-01
2.165087956698240890e-01 6.167907921462423282e-01
2.171853856562922791e-01 6.167907921462423282e-01
2.171853856562922791e-01 6.181448882870683725e-01
2.185385656292286871e-01 6.181448882870683725e-01
2.185385656292286871e-01 6.188219363574813947e-01
2.198917456021650951e-01 6.188219363574813947e-01
2.212449255751014754e-01 6.188219363574813947e-01
2.225981055480378834e-01 6.188219363574813947e-01
2.225981055480378834e-01 6.194989844278944169e-01
2.239512855209742914e-01 6.194989844278944169e-01
2.239512855209742914e-01 6.215301286391333724e-01
2.259810554803788896e-01 6.215301286391333724e-01
2.259810554803788896e-01 6.228842247799594167e-01
2.266576454668470797e-01 6.228842247799594167e-01
2.280108254397834877e-01 6.228842247799594167e-01
2.293640054127198957e-01 6.228842247799594167e-01
2.293640054127198957e-01 6.235612728503723279e-01
2.313937753721244939e-01 6.235612728503723279e-01
2.327469553450609019e-01 6.235612728503723279e-01
2.327469553450609019e-01 6.242383209207853501e-01
2.341001353179972821e-01 6.242383209207853501e-01
2.354533152909336902e-01 6.242383209207853501e-01
2.354533152909336902e-01 6.249153689911983722e-01
2.368064952638700982e-01 6.249153689911983722e-01
2.368064952638700982e-01 6.255924170616113944e-01
2.395128552097428865e-01 6.255924170616113944e-01
2.395128552097428865e-01 6.262694651320244166e-01
2.401894451962111043e-01 6.262694651320244166e-01
2.401894451962111043e-01 6.269465132024373277e-01
2.408660351826792945e-01 6.269465132024373277e-01
2.408660351826792945e-01 6.296547054840894164e-01
2.422192151556157025e-01 6.296547054840894164e-01
2.422192151556157025e-01 6.303317535545023276e-01
2.428958051420838926e-01 6.303317535545023276e-01
2.428958051420838926e-01 6.310088016249153497e-01
2.435723951285521105e-01 6.310088016249153497e-01
2.435723951285521105e-01 6.323628977657413941e-01
2.442489851150203006e-01 6.323628977657413941e-01
2.442489851150203006e-01 6.330399458361544163e-01
2.449255751014884908e-01 6.330399458361544163e-01
2.449255751014884908e-01 6.350710900473933718e-01
2.476319350473613068e-01 6.350710900473933718e-01
2.476319350473613068e-01 6.357481381178063939e-01
2.489851150202976870e-01 6.357481381178063939e-01
2.510148849797023130e-01 6.357481381178063939e-01
2.510148849797023130e-01 6.364251861882194161e-01
2.523680649526386932e-01 6.364251861882194161e-01
2.530446549391068833e-01 6.364251861882194161e-01
2.543978349120433191e-01 6.364251861882194161e-01
2.550744248985115092e-01 6.364251861882194161e-01
2.564276048714478895e-01 6.364251861882194161e-01
2.564276048714478895e-01 6.384563303994583716e-01
2.577807848443843253e-01 6.384563303994583716e-01
2.584573748308525154e-01 6.384563303994583716e-01
2.598105548037888957e-01 6.384563303994583716e-01
2.598105548037888957e-01 6.398104265402843049e-01
2.611637347767253314e-01 6.398104265402843049e-01
2.625169147496617117e-01 6.398104265402843049e-01
2.625169147496617117e-01 6.438727149627623270e-01
2.631935047361299018e-01 6.438727149627623270e-01
2.631935047361299018e-01 6.445497630331753491e-01
2.658998646820027179e-01 6.445497630331753491e-01
2.658998646820027179e-01 6.459038591740013935e-01
2.672530446549390981e-01 6.459038591740013935e-01
2.679296346414072882e-01 6.459038591740013935e-01
2.692828146143437240e-01 6.459038591740013935e-01
2.692828146143437240e-01 6.465809072444143046e-01
2.699594046008119141e-01 6.465809072444143046e-01
2.699594046008119141e-01 6.486120514556533712e-01
2.706359945872801043e-01 6.486120514556533712e-01
2.706359945872801043e-01 6.492890995260663933e-01
2.713125845737482944e-01 6.492890995260663933e-01
2.713125845737482944e-01 6.513202437373053488e-01
2.719891745602164845e-01 6.513202437373053488e-01
2.719891745602164845e-01 6.519972918077183710e-01
2.733423545331529203e-01 6.519972918077183710e-01
2.733423545331529203e-01 6.540284360189573265e-01
2.740189445196211104e-01 6.540284360189573265e-01
2.740189445196211104e-01 6.553825321597833709e-01
2.746955345060893006e-01 6.553825321597833709e-01
2.746955345060893006e-01 6.560595802301963930e-01
2.753721244925574907e-01 6.560595802301963930e-01
2.753721244925574907e-01 6.594448205822613929e-01
2.760487144790257363e-01 6.594448205822613929e-01
2.760487144790257363e-01 6.628300609343262817e-01
2.767253044654939265e-01 6.628300609343262817e-01
2.767253044654939265e-01 6.635071090047393039e-01
2.794316644113666870e-01 6.635071090047393039e-01
2.794316644113666870e-01 6.641841570751523260e-01
2.801082543978349326e-01 6.641841570751523260e-01
2.801082543978349326e-01 6.655382532159783704e-01
2.828146143437076931e-01 6.655382532159783704e-01
2.828146143437076931e-01 6.662153012863912815e-01
2.841677943166441289e-01 6.662153012863912815e-01
2.848443843031123190e-01 6.662153012863912815e-01
2.848443843031123190e-01 6.668923493568043037e-01
2.861975642760486993e-01 6.668923493568043037e-01
2.861975642760486993e-01 6.682464454976303481e-01
2.868741542625168894e-01 6.682464454976303481e-01
2.882273342354533252e-01 6.682464454976303481e-01
2.882273342354533252e-01 6.709546377792823257e-01
2.889039242219215153e-01 6.709546377792823257e-01
2.889039242219215153e-01 6.716316858496953479e-01
2.895805142083897055e-01 6.716316858496953479e-01
2.895805142083897055e-01 6.723087339201083701e-01
2.902571041948578956e-01 6.723087339201083701e-01
2.902571041948578956e-01 6.736628300609343034e-01
2.909336941813261412e-01 6.736628300609343034e-01
2.909336941813261412e-01 6.750169262017603478e-01
2.922868741542625215e-01 6.750169262017603478e-01
2.929634641407307116e-01 6.750169262017603478e-01
2.929634641407307116e-01 6.763710223425862811e-01
2.949932341001353375e-01 6.763710223425862811e-01
2.949932341001353375e-01 6.784021665538253476e-01
2.963464140730717178e-01 6.784021665538253476e-01
2.983761840324763437e-01 6.784021665538253476e-01
2.997293640054127239e-01 6.784021665538253476e-01
2.997293640054127239e-01 6.817874069058903475e-01
3.031123139377537301e-01 6.817874069058903475e-01
3.031123139377537301e-01 6.824644549763033696e-01
3.037889039242219202e-01 6.824644549763033696e-01
3.078484438430311165e-01 6.824644549763033696e-01
3.085250338294993067e-01 6.824644549763033696e-01
3.085250338294993067e-01 6.844955991875423251e-01
3.098782138024357424e-01 6.844955991875423251e-01
3.112313937753721227e-01 6.844955991875423251e-01
3.112313937753721227e-01 6.851726472579553473e-01
3.119079837618403128e-01 6.851726472579553473e-01
3.146143437077131289e-01 6.851726472579553473e-01
3.146143437077131289e-01 6.858496953283683695e-01
3.166441136671176992e-01 6.858496953283683695e-01
3.166441136671176992e-01 6.899119837508462805e-01
3.173207036535859449e-01 6.899119837508462805e-01
3.173207036535859449e-01 6.912660798916723248e-01
3.179972936400541350e-01 6.912660798916723248e-01
3.200270635994587054e-01 6.912660798916723248e-01
3.200270635994587054e-01 6.919431279620853470e-01
3.207036535859269510e-01 6.919431279620853470e-01
3.207036535859269510e-01 6.926201760324982581e-01
3.220568335588633313e-01 6.926201760324982581e-01
3.240866035182679572e-01 6.926201760324982581e-01
3.240866035182679572e-01 6.953283683141503468e-01
3.254397834912043375e-01 6.953283683141503468e-01
3.254397834912043375e-01 6.966824644549762802e-01
3.274695534506089079e-01 6.966824644549762802e-01
3.274695534506089079e-01 6.980365605958023245e-01
3.281461434370771535e-01 6.980365605958023245e-01
3.281461434370771535e-01 6.987136086662153467e-01
3.294993234100135338e-01 6.987136086662153467e-01
3.301759133964817239e-01 6.987136086662153467e-01
3.301759133964817239e-01 6.993906567366282578e-01
3.308525033829499140e-01 6.993906567366282578e-01
3.308525033829499140e-01 7.007447528774543022e-01
3.315290933694181597e-01 7.007447528774543022e-01
3.315290933694181597e-01 7.020988490182803465e-01
3.335588633288227300e-01 7.020988490182803465e-01
3.335588633288227300e-01 7.027758970886932577e-01
3.342354533152909202e-01 7.027758970886932577e-01
3.362652232746955461e-01 7.027758970886932577e-01
3.376184032476319263e-01 7.027758970886932577e-01
3.376184032476319263e-01 7.054840893703453464e-01
3.389715832205683621e-01 7.054840893703453464e-01
3.389715832205683621e-01 7.068381855111712797e-01
3.410013531799729325e-01 7.068381855111712797e-01
3.423545331529093128e-01 7.068381855111712797e-01
3.423545331529093128e-01 7.102234258632362796e-01
3.430311231393775584e-01 7.102234258632362796e-01
3.430311231393775584e-01 7.122545700744752351e-01
3.437077131258457485e-01 7.122545700744752351e-01
3.437077131258457485e-01 7.136086662153012794e-01
3.450608930987821288e-01 7.136086662153012794e-01
3.470906630581867547e-01 7.136086662153012794e-01
3.470906630581867547e-01 7.142857142857143016e-01
3.484438430311231349e-01 7.142857142857143016e-01
3.497970230040595152e-01 7.142857142857143016e-01
3.497970230040595152e-01 7.149627623561273237e-01
3.511502029769959510e-01 7.149627623561273237e-01
3.511502029769959510e-01 7.156398104265402349e-01
3.518267929634641411e-01 7.156398104265402349e-01
3.518267929634641411e-01 7.163168584969532571e-01
3.531799729364005214e-01 7.163168584969532571e-01
3.585926928281461534e-01 7.163168584969532571e-01
3.599458728010825337e-01 7.163168584969532571e-01
3.599458728010825337e-01 7.176709546377793014e-01
3.619756427604871596e-01 7.176709546377793014e-01
3.619756427604871596e-01 7.203791469194312791e-01
3.633288227334235398e-01 7.203791469194312791e-01
3.633288227334235398e-01 7.217332430602573234e-01
3.646820027063599201e-01 7.217332430602573234e-01
3.660351826792963559e-01 7.217332430602573234e-01
3.660351826792963559e-01 7.230873392010832568e-01
3.667117726657645460e-01 7.230873392010832568e-01
3.680649526387009263e-01 7.230873392010832568e-01
3.700947225981055522e-01 7.230873392010832568e-01
3.707713125845737423e-01 7.230873392010832568e-01
3.728010825439783682e-01 7.230873392010832568e-01
3.728010825439783682e-01 7.237643872714962789e-01
3.741542625169147485e-01 7.237643872714962789e-01
3.741542625169147485e-01 7.244414353419093011e-01
3.755074424898511287e-01 7.244414353419093011e-01
3.755074424898511287e-01 7.251184834123223233e-01
3.761840324763193744e-01 7.251184834123223233e-01
3.761840324763193744e-01 7.257955314827352344e-01
3.768606224627875645e-01 7.257955314827352344e-01
3.768606224627875645e-01 7.271496276235612788e-01
3.788903924221921349e-01 7.271496276235612788e-01
3.788903924221921349e-01 7.278266756939743010e-01
3.815967523680649509e-01 7.278266756939743010e-01
3.815967523680649509e-01 7.291807718348002343e-01
3.829499323410013312e-01 7.291807718348002343e-01
3.843031123139377669e-01 7.291807718348002343e-01
3.843031123139377669e-01 7.298578199052132565e-01
3.856562922868741472e-01 7.298578199052132565e-01
3.856562922868741472e-01 7.305348679756262786e-01
3.863328822733423373e-01 7.305348679756262786e-01
3.876860622462787731e-01 7.305348679756262786e-01
3.876860622462787731e-01 7.312119160460393008e-01
3.883626522327469632e-01 7.312119160460393008e-01
3.910690121786197793e-01 7.312119160460393008e-01
3.937753721244925398e-01 7.312119160460393008e-01
3.937753721244925398e-01 7.332430602572782563e-01
3.944519621109607854e-01 7.332430602572782563e-01
3.944519621109607854e-01 7.339201083276912785e-01
3.958051420838971657e-01 7.339201083276912785e-01
3.971583220568335459e-01 7.339201083276912785e-01
3.971583220568335459e-01 7.345971563981043007e-01
3.985115020297699817e-01 7.345971563981043007e-01
3.985115020297699817e-01 7.386594448205822117e-01
4.005412719891745521e-01 7.386594448205822117e-01
4.012178619756427422e-01 7.386594448205822117e-01
4.012178619756427422e-01 7.393364928909952338e-01
4.025710419485791780e-01 7.393364928909952338e-01
4.039242219215155583e-01 7.393364928909952338e-01
4.046008119079837484e-01 7.393364928909952338e-01
4.046008119079837484e-01 7.400135409614082560e-01
4.066305818673883743e-01 7.400135409614082560e-01
4.066305818673883743e-01 7.406905890318212782e-01
4.079837618403247546e-01 7.406905890318212782e-01
4.079837618403247546e-01 7.413676371022343004e-01
4.086603518267929447e-01 7.413676371022343004e-01
4.086603518267929447e-01 7.420446851726472115e-01
4.100135317997293805e-01 7.420446851726472115e-01
4.100135317997293805e-01 7.427217332430602337e-01
4.106901217861975706e-01 7.427217332430602337e-01
4.106901217861975706e-01 7.433987813134732558e-01
4.113667117726657607e-01 7.433987813134732558e-01
4.113667117726657607e-01 7.447528774542993002e-01
4.120433017591339508e-01 7.447528774542993002e-01
4.120433017591339508e-01 7.454299255247122113e-01
4.127198917456021410e-01 7.454299255247122113e-01
4.127198917456021410e-01 7.461069735951252335e-01
4.133964817320703866e-01 7.461069735951252335e-01
4.133964817320703866e-01 7.467840216655382557e-01
4.140730717185385767e-01 7.467840216655382557e-01
4.140730717185385767e-01 7.474610697359512779e-01
4.161028416779431471e-01 7.474610697359512779e-01
4.161028416779431471e-01 7.481381178063643000e-01
4.167794316644113928e-01 7.481381178063643000e-01
4.167794316644113928e-01 7.494922139471902334e-01
4.174560216508795829e-01 7.494922139471902334e-01
4.174560216508795829e-01 7.501692620176032555e-01
4.221921515561569693e-01 7.501692620176032555e-01
4.235453315290933496e-01 7.501692620176032555e-01
4.235453315290933496e-01 7.508463100880162777e-01
4.242219215155615952e-01 7.508463100880162777e-01
4.242219215155615952e-01 7.522004062288422110e-01
4.255751014884979755e-01 7.522004062288422110e-01
4.255751014884979755e-01 7.542315504400812776e-01
4.262516914749661656e-01 7.542315504400812776e-01
4.262516914749661656e-01 7.555856465809072109e-01
4.276048714479025459e-01 7.555856465809072109e-01
4.276048714479025459e-01 7.569397427217332552e-01
4.282814614343707915e-01 7.569397427217332552e-01
4.282814614343707915e-01 7.576167907921462774e-01
4.336941813261163681e-01 7.576167907921462774e-01
4.336941813261163681e-01 7.589708869329722107e-01
4.343707713125845582e-01 7.589708869329722107e-01
4.343707713125845582e-01 7.596479350033852329e-01
4.350473612990527483e-01 7.596479350033852329e-01
4.350473612990527483e-01 7.603249830737982551e-01
4.357239512855209940e-01 7.603249830737982551e-01
4.357239512855209940e-01 7.616790792146241884e-01
4.364005412719891841e-01 7.616790792146241884e-01
4.364005412719891841e-01 7.623561272850372106e-01
4.404600811907983804e-01 7.623561272850372106e-01
4.411366711772665705e-01 7.623561272850372106e-01
4.424898511502029508e-01 7.623561272850372106e-01
4.424898511502029508e-01 7.630331753554502328e-01
4.438430311231393866e-01 7.630331753554502328e-01
4.451962110960757668e-01 7.630331753554502328e-01
4.451962110960757668e-01 7.650643195666891883e-01
4.458728010825439569e-01 7.650643195666891883e-01
4.472259810554803927e-01 7.650643195666891883e-01
4.472259810554803927e-01 7.664184157075152326e-01
4.492557510148849631e-01 7.664184157075152326e-01
4.506089309878213989e-01 7.664184157075152326e-01
4.506089309878213989e-01 7.677725118483412770e-01
4.533152909336941594e-01 7.677725118483412770e-01
4.533152909336941594e-01 7.684495599187541881e-01
4.560216508795669754e-01 7.684495599187541881e-01
4.594046008119079816e-01 7.684495599187541881e-01
4.594046008119079816e-01 7.698036560595802325e-01
4.627875507442489877e-01 7.698036560595802325e-01
4.627875507442489877e-01 7.704807041299932546e-01
4.641407307171853680e-01 7.704807041299932546e-01
4.641407307171853680e-01 7.711577522004062768e-01
4.654939106901218038e-01 7.711577522004062768e-01
4.654939106901218038e-01 7.731888964116452323e-01
4.668470906630581840e-01 7.731888964116452323e-01
4.668470906630581840e-01 7.738659444820582545e-01
4.695534506089310001e-01 7.738659444820582545e-01
4.695534506089310001e-01 7.745429925524712766e-01
4.709066305818673803e-01 7.745429925524712766e-01
4.736129905277401964e-01 7.745429925524712766e-01
4.736129905277401964e-01 7.752200406228841878e-01
4.742895805142083865e-01 7.752200406228841878e-01
4.742895805142083865e-01 7.758970886932972100e-01
4.763193504736130124e-01 7.758970886932972100e-01
4.763193504736130124e-01 7.765741367637102321e-01
4.769959404600812025e-01 7.765741367637102321e-01
4.769959404600812025e-01 7.779282329045362765e-01
4.783491204330175828e-01 7.779282329045362765e-01
4.797023004059540185e-01 7.779282329045362765e-01
4.797023004059540185e-01 7.786052809749491876e-01
4.810554803788903988e-01 7.786052809749491876e-01
4.824086603518267791e-01 7.786052809749491876e-01
4.824086603518267791e-01 7.792823290453622098e-01
4.837618403247632148e-01 7.792823290453622098e-01
4.837618403247632148e-01 7.806364251861882542e-01
4.851150202976995951e-01 7.806364251861882542e-01
4.857916102841677852e-01 7.806364251861882542e-01
4.857916102841677852e-01 7.813134732566011653e-01
4.871447902571042210e-01 7.813134732566011653e-01
4.871447902571042210e-01 7.819905213270141875e-01
4.891745602165087914e-01 7.819905213270141875e-01
4.891745602165087914e-01 7.826675693974272097e-01
4.898511502029769815e-01 7.826675693974272097e-01
4.898511502029769815e-01 7.833446174678402318e-01
4.918809201623816074e-01 7.833446174678402318e-01
4.918809201623816074e-01 7.840216655382532540e-01
4.945872801082544234e-01 7.840216655382532540e-01
4.959404600811908037e-01 7.840216655382532540e-01
4.959404600811908037e-01 7.846987136086661652e-01
4.993234100135318099e-01 7.846987136086661652e-01
5.006765899864682456e-01 7.846987136086661652e-01
5.006765899864682456e-01 7.853757616790791873e-01
5.013531799729363803e-01 7.853757616790791873e-01
5.027063599458727605e-01 7.853757616790791873e-01
5.027063599458727605e-01 7.860528097494922095e-01
5.033829499323410062e-01 7.860528097494922095e-01
5.033829499323410062e-01 7.874069058903182539e-01
5.040595399188092518e-01 7.874069058903182539e-01
5.040595399188092518e-01 7.880839539607311650e-01
5.054127198917456321e-01 7.880839539607311650e-01
5.054127198917456321e-01 7.887610020311441872e-01
5.074424898511502580e-01 7.887610020311441872e-01
5.074424898511502580e-01 7.901150981719702315e-01
5.101488497970230185e-01 7.901150981719702315e-01
5.101488497970230185e-01 7.907921462423832537e-01
5.115020297699593987e-01 7.907921462423832537e-01
5.115020297699593987e-01 7.928232904536222092e-01
5.121786197564276444e-01 7.928232904536222092e-01
5.121786197564276444e-01 7.935003385240352314e-01
5.128552097428957790e-01 7.935003385240352314e-01
5.128552097428957790e-01 7.941773865944482536e-01
5.162381596752367852e-01 7.941773865944482536e-01
5.175913396481731654e-01 7.941773865944482536e-01
5.196211096075777913e-01 7.941773865944482536e-01
5.196211096075777913e-01 7.948544346648611647e-01
5.202976995940460370e-01 7.948544346648611647e-01
5.202976995940460370e-01 7.962085308056872091e-01
5.209742895805141716e-01 7.962085308056872091e-01
5.209742895805141716e-01 7.975626269465132534e-01
5.230040595399187975e-01 7.975626269465132534e-01
5.243572395128551777e-01 7.975626269465132534e-01
5.257104194857915580e-01 7.975626269465132534e-01
5.257104194857915580e-01 7.982396750169261646e-01
5.263870094722598036e-01 7.982396750169261646e-01
5.263870094722598036e-01 7.989167230873391867e-01
5.284167794316644295e-01 7.989167230873391867e-01
5.311231393775371901e-01 7.989167230873391867e-01
5.317997293640054357e-01 7.989167230873391867e-01
5.317997293640054357e-01 8.009478672985782532e-01
5.331529093369418160e-01 8.009478672985782532e-01
5.331529093369418160e-01 8.016249153689911644e-01
5.345060893098781962e-01 8.016249153689911644e-01
5.345060893098781962e-01 8.023019634394041866e-01
5.351826792963464419e-01 8.023019634394041866e-01
5.351826792963464419e-01 8.036560595802302309e-01
5.358592692828145765e-01 8.036560595802302309e-01
5.358592692828145765e-01 8.050101557210561642e-01
5.372124492557510678e-01 8.050101557210561642e-01
5.385656292286874480e-01 8.050101557210561642e-01
5.392422192151555826e-01 8.050101557210561642e-01
5.392422192151555826e-01 8.056872037914691864e-01
5.399188092016238283e-01 8.056872037914691864e-01
5.399188092016238283e-01 8.063642518618822086e-01
5.405953991880919629e-01 8.063642518618822086e-01
5.405953991880919629e-01 8.070412999322952308e-01
5.433017591339648344e-01 8.070412999322952308e-01
5.439783491204329691e-01 8.070412999322952308e-01
5.439783491204329691e-01 8.077183480027081419e-01
5.453315290933694603e-01 8.077183480027081419e-01
5.453315290933694603e-01 8.083953960731211641e-01
5.466847090663058406e-01 8.083953960731211641e-01
5.466847090663058406e-01 8.104265402843602306e-01
5.480378890392422209e-01 8.104265402843602306e-01
5.480378890392422209e-01 8.124576844955991861e-01
5.507442489851149814e-01 8.124576844955991861e-01
5.520974289580514727e-01 8.124576844955991861e-01
5.527740189445196073e-01 8.124576844955991861e-01
5.527740189445196073e-01 8.138117806364252305e-01
5.541271989174559875e-01 8.138117806364252305e-01
5.541271989174559875e-01 8.144888287068381416e-01
5.554803788903923678e-01 8.144888287068381416e-01
5.554803788903923678e-01 8.158429248476641860e-01
5.561569688768606134e-01 8.158429248476641860e-01
5.575101488497969937e-01 8.158429248476641860e-01
5.575101488497969937e-01 8.165199729180772081e-01
5.602165087956698653e-01 8.165199729180772081e-01
5.602165087956698653e-01 8.178740690589031415e-01
5.615696887686062455e-01 8.178740690589031415e-01
5.615696887686062455e-01 8.192281651997291858e-01
5.622462787550743801e-01 8.192281651997291858e-01
5.622462787550743801e-01 8.199052132701422080e-01
5.629228687415426258e-01 8.199052132701422080e-01
5.629228687415426258e-01 8.205822613405552302e-01
5.635994587280108714e-01 8.205822613405552302e-01
5.635994587280108714e-01 8.226134055517941857e-01
5.642760487144790060e-01 8.226134055517941857e-01
5.656292286874153863e-01 8.226134055517941857e-01
5.663058186738836319e-01 8.226134055517941857e-01
5.663058186738836319e-01 8.246445497630331412e-01
5.676589986468200122e-01 8.246445497630331412e-01
5.676589986468200122e-01 8.253215978334461633e-01
5.696887686062246381e-01 8.253215978334461633e-01
5.696887686062246381e-01 8.259986459038591855e-01
5.710419485791610184e-01 8.259986459038591855e-01
5.710419485791610184e-01 8.273527420446851188e-01
5.723951285520973986e-01 8.273527420446851188e-01
5.737483085250337789e-01 8.273527420446851188e-01
5.737483085250337789e-01 8.280297901150981410e-01
5.757780784844384048e-01 8.280297901150981410e-01
5.757780784844384048e-01 8.287068381855111632e-01
5.764546684709066504e-01 8.287068381855111632e-01
5.764546684709066504e-01 8.293838862559241853e-01
5.771312584573747850e-01 8.293838862559241853e-01
5.771312584573747850e-01 8.307379823967501187e-01
5.778078484438430307e-01 8.307379823967501187e-01
5.778078484438430307e-01 8.320920785375761630e-01
5.798376184032476566e-01 8.320920785375761630e-01
5.845737483085250430e-01 8.320920785375761630e-01
5.845737483085250430e-01 8.327691266079891852e-01
5.866035182679296689e-01 8.327691266079891852e-01
5.866035182679296689e-01 8.334461746784022074e-01
5.879566982408660492e-01 8.334461746784022074e-01
5.879566982408660492e-01 8.341232227488151185e-01
5.893098782138024294e-01 8.341232227488151185e-01
5.893098782138024294e-01 8.361543669600541850e-01
5.906630581867388097e-01 8.361543669600541850e-01
5.906630581867388097e-01 8.368314150304672072e-01
5.920162381596751899e-01 8.368314150304672072e-01
5.947225981055480615e-01 8.368314150304672072e-01
5.974289580514208220e-01 8.368314150304672072e-01
5.974289580514208220e-01 8.375084631008801184e-01
5.981055480378890676e-01 8.375084631008801184e-01
6.008119079837618282e-01 8.375084631008801184e-01
6.008119079837618282e-01 8.381855111712931405e-01
6.021650879566982084e-01 8.381855111712931405e-01
6.021650879566982084e-01 8.395396073121191849e-01
6.075778078484438405e-01 8.395396073121191849e-01
6.075778078484438405e-01 8.408937034529451182e-01
6.082543978349120861e-01 8.408937034529451182e-01
6.082543978349120861e-01 8.415707515233581404e-01
6.102841677943166010e-01 8.415707515233581404e-01
6.116373477672530923e-01 8.415707515233581404e-01
6.116373477672530923e-01 8.442789438050101181e-01
6.123139377537212269e-01 8.442789438050101181e-01
6.123139377537212269e-01 8.463100880162491846e-01
6.143437077131258528e-01 8.463100880162491846e-01
6.156968876860622331e-01 8.463100880162491846e-01
6.184032476319349936e-01 8.463100880162491846e-01
6.184032476319349936e-01 8.469871360866622068e-01
6.190798376184032392e-01 8.469871360866622068e-01
6.204330175913396195e-01 8.469871360866622068e-01
6.204330175913396195e-01 8.483412322274881401e-01
6.217861975642759997e-01 8.483412322274881401e-01
6.217861975642759997e-01 8.503723764387270956e-01
6.224627875507442454e-01 8.503723764387270956e-01
6.224627875507442454e-01 8.524035206499661621e-01
6.231393775372124910e-01 8.524035206499661621e-01
6.231393775372124910e-01 8.530805687203791843e-01
6.251691474966170059e-01 8.530805687203791843e-01
6.251691474966170059e-01 8.537576167907920954e-01
6.258457374830852515e-01 8.537576167907920954e-01
6.258457374830852515e-01 8.544346648612051176e-01
6.278755074424898774e-01 8.544346648612051176e-01
6.312584573748308836e-01 8.544346648612051176e-01
6.312584573748308836e-01 8.551117129316181398e-01
6.332882273342353985e-01 8.551117129316181398e-01
6.332882273342353985e-01 8.557887610020311620e-01
6.346414073071718898e-01 8.557887610020311620e-01
6.346414073071718898e-01 8.578199052132701175e-01
6.353179972936400244e-01 8.578199052132701175e-01
6.380243572395128959e-01 8.578199052132701175e-01
6.380243572395128959e-01 8.591740013540961618e-01
6.400541271989174108e-01 8.591740013540961618e-01
6.420838971583220367e-01 8.591740013540961618e-01
6.434370771312584170e-01 8.591740013540961618e-01
6.434370771312584170e-01 8.625592417061611616e-01
6.447902571041949082e-01 8.625592417061611616e-01
6.481732070365359144e-01 8.625592417061611616e-01
6.481732070365359144e-01 8.639133378469870950e-01
6.488497970230040490e-01 8.639133378469870950e-01
6.488497970230040490e-01 8.645903859174001171e-01
6.502029769959404293e-01 8.645903859174001171e-01
6.502029769959404293e-01 8.652674339878131393e-01
6.515561569688768095e-01 8.652674339878131393e-01
6.515561569688768095e-01 8.666215301286391837e-01
6.522327469553450552e-01 8.666215301286391837e-01
6.522327469553450552e-01 8.672985781990520948e-01
6.529093369418133008e-01 8.672985781990520948e-01
6.542625169147496811e-01 8.672985781990520948e-01
6.542625169147496811e-01 8.679756262694651170e-01
6.556156968876860613e-01 8.679756262694651170e-01
6.556156968876860613e-01 8.686526743398781392e-01
6.569688768606224416e-01 8.686526743398781392e-01
6.569688768606224416e-01 8.713608666215301168e-01
6.576454668470906872e-01 8.713608666215301168e-01
6.576454668470906872e-01 8.720379146919431390e-01
6.603518267929634478e-01 8.720379146919431390e-01
6.603518267929634478e-01 8.727149627623561612e-01
6.617050067658998280e-01 8.727149627623561612e-01
6.623815967523680737e-01 8.727149627623561612e-01
6.637347767253044539e-01 8.727149627623561612e-01
6.650879566982408342e-01 8.727149627623561612e-01
6.650879566982408342e-01 8.740690589031820945e-01
6.664411366711772144e-01 8.740690589031820945e-01
6.684709066305818403e-01 8.740690589031820945e-01
6.684709066305818403e-01 8.774542992552470944e-01
6.705006765899864662e-01 8.774542992552470944e-01
6.725304465493910921e-01 8.774542992552470944e-01
6.745602165087957180e-01 8.774542992552470944e-01
6.745602165087957180e-01 8.781313473256601165e-01
6.765899864682002329e-01 8.781313473256601165e-01
6.765899864682002329e-01 8.788083953960731387e-01
6.779431664411367242e-01 8.788083953960731387e-01
6.792963464140731045e-01 8.788083953960731387e-01
6.813261163734776193e-01 8.788083953960731387e-01
6.813261163734776193e-01 8.808395396073120942e-01
6.820027063599458650e-01 8.808395396073120942e-01
6.820027063599458650e-01 8.815165876777251164e-01
6.840324763193504909e-01 8.815165876777251164e-01
6.840324763193504909e-01 8.828706838185511607e-01
6.847090663058186255e-01 8.828706838185511607e-01
6.847090663058186255e-01 8.849018280297901162e-01
6.880920162381596317e-01 8.849018280297901162e-01
6.880920162381596317e-01 8.855788761002031384e-01
6.894451962110961230e-01 8.855788761002031384e-01
6.894451962110961230e-01 8.862559241706161606e-01
6.907983761840325032e-01 8.862559241706161606e-01
6.928281461434371291e-01 8.862559241706161606e-01
6.928281461434371291e-01 8.876100203114420939e-01
6.935047361299052637e-01 8.876100203114420939e-01
6.935047361299052637e-01 8.882870683818551161e-01
6.941813261163735094e-01 8.882870683818551161e-01
6.941813261163735094e-01 8.889641164522681382e-01
6.955345060893098896e-01 8.889641164522681382e-01
6.962110960757780243e-01 8.889641164522681382e-01
6.989174560216508958e-01 8.889641164522681382e-01
6.989174560216508958e-01 8.916723087339201159e-01
7.002706359945872761e-01 8.916723087339201159e-01
7.016238159675236563e-01 8.916723087339201159e-01
7.023004059539919020e-01 8.916723087339201159e-01
7.023004059539919020e-01 8.923493568043331381e-01
7.036535859269282822e-01 8.923493568043331381e-01
7.036535859269282822e-01 8.930264048747461603e-01
7.050067658998646625e-01 8.930264048747461603e-01
7.050067658998646625e-01 8.943805010155720936e-01
7.056833558863329081e-01 8.943805010155720936e-01
7.056833558863329081e-01 8.950575490859851158e-01
7.097428958051420489e-01 8.950575490859851158e-01
7.097428958051420489e-01 8.957345971563981379e-01
7.124492557510149204e-01 8.957345971563981379e-01
7.124492557510149204e-01 8.964116452268110491e-01
7.131258457374830551e-01 8.964116452268110491e-01
7.131258457374830551e-01 8.977657413676370934e-01
7.151556156968876810e-01 8.977657413676370934e-01
7.151556156968876810e-01 8.991198375084631378e-01
7.158322056833559266e-01 8.991198375084631378e-01
7.158322056833559266e-01 9.004739336492890711e-01
7.165087956698240612e-01 9.004739336492890711e-01
7.178619756427604415e-01 9.004739336492890711e-01
7.185385656292286871e-01 9.004739336492890711e-01
7.185385656292286871e-01 9.011509817197020933e-01
7.192151556156969328e-01 9.011509817197020933e-01
7.205683355886333130e-01 9.011509817197020933e-01
7.225981055480379389e-01 9.011509817197020933e-01
7.225981055480379389e-01 9.018280297901151155e-01
7.232746955345060735e-01 9.018280297901151155e-01
7.253044654939106994e-01 9.018280297901151155e-01
7.253044654939106994e-01 9.025050778605281376e-01
7.293640054127198402e-01 9.025050778605281376e-01
7.293640054127198402e-01 9.031821259309410488e-01
7.307171853856563315e-01 9.031821259309410488e-01
7.307171853856563315e-01 9.045362220717670931e-01
7.313937753721244661e-01 9.045362220717670931e-01
7.313937753721244661e-01 9.052132701421801153e-01
7.320703653585927118e-01 9.052132701421801153e-01
7.320703653585927118e-01 9.058903182125931375e-01
7.327469553450608464e-01 9.058903182125931375e-01
7.341001353179973377e-01 9.058903182125931375e-01
7.354533152909337179e-01 9.058903182125931375e-01
7.354533152909337179e-01 9.065673662830060486e-01
7.374830852503383438e-01 9.065673662830060486e-01
7.374830852503383438e-01 9.072444143534190708e-01
7.388362652232747241e-01 9.072444143534190708e-01
7.388362652232747241e-01 9.079214624238320930e-01
7.395128552097428587e-01 9.079214624238320930e-01
7.395128552097428587e-01 9.092755585646581373e-01
7.415426251691474846e-01 9.092755585646581373e-01
7.415426251691474846e-01 9.113067027758970928e-01
7.422192151556157302e-01 9.113067027758970928e-01
7.422192151556157302e-01 9.119837508463101150e-01
7.435723951285521105e-01 9.119837508463101150e-01
7.435723951285521105e-01 9.133378469871360483e-01
7.449255751014884908e-01 9.133378469871360483e-01
7.449255751014884908e-01 9.160460392687881370e-01
7.456021650879567364e-01 9.160460392687881370e-01
7.456021650879567364e-01 9.167230873392010482e-01
7.462787550744248710e-01 9.167230873392010482e-01
7.462787550744248710e-01 9.174001354096140703e-01
7.510148849797022574e-01 9.174001354096140703e-01
7.510148849797022574e-01 9.180771834800270925e-01
7.523680649526387487e-01 9.180771834800270925e-01
7.523680649526387487e-01 9.187542315504401147e-01
7.537212449255751290e-01 9.187542315504401147e-01
7.537212449255751290e-01 9.221394719025051145e-01
7.550744248985115092e-01 9.221394719025051145e-01
7.550744248985115092e-01 9.228165199729180257e-01
7.564276048714478895e-01 9.228165199729180257e-01
7.564276048714478895e-01 9.234935680433310479e-01
7.571041948579161351e-01 9.234935680433310479e-01
7.584573748308525154e-01 9.234935680433310479e-01
7.611637347767252759e-01 9.234935680433310479e-01
7.611637347767252759e-01 9.255247122545701144e-01
7.618403247631935216e-01 9.255247122545701144e-01
7.631935047361299018e-01 9.255247122545701144e-01
7.645466847090662821e-01 9.255247122545701144e-01
7.645466847090662821e-01 9.268788083953960477e-01
7.665764546684709080e-01 9.268788083953960477e-01
7.679296346414072882e-01 9.268788083953960477e-01
7.699594046008119141e-01 9.268788083953960477e-01
7.706359945872801598e-01 9.268788083953960477e-01
7.706359945872801598e-01 9.282329045362220921e-01
7.713125845737482944e-01 9.282329045362220921e-01
7.713125845737482944e-01 9.289099526066351142e-01
7.746955345060893006e-01 9.289099526066351142e-01
7.760487144790256808e-01 9.289099526066351142e-01
7.787550744248985524e-01 9.289099526066351142e-01
7.787550744248985524e-01 9.302640487474610476e-01
7.794316644113666870e-01 9.302640487474610476e-01
7.794316644113666870e-01 9.309410968178740697e-01
7.814614343707713129e-01 9.309410968178740697e-01
7.814614343707713129e-01 9.316181448882870919e-01
7.828146143437076931e-01 9.316181448882870919e-01
7.828146143437076931e-01 9.322951929587001141e-01
7.855209742895805647e-01 9.322951929587001141e-01
7.855209742895805647e-01 9.336492890995260474e-01
7.868741542625169449e-01 9.336492890995260474e-01
7.875507442489850796e-01 9.336492890995260474e-01
7.875507442489850796e-01 9.350033852403520918e-01
7.902571041948579511e-01 9.350033852403520918e-01
7.929634641407307116e-01 9.350033852403520918e-01
7.949932341001353375e-01 9.350033852403520918e-01
7.949932341001353375e-01 9.363574813811780251e-01
8.010825439783491042e-01 9.363574813811780251e-01
8.010825439783491042e-01 9.370345294515910473e-01
8.017591339648173498e-01 9.370345294515910473e-01
8.031123139377537301e-01 9.370345294515910473e-01
8.031123139377537301e-01 9.377115775220040694e-01
8.037889039242219757e-01 9.377115775220040694e-01
8.037889039242219757e-01 9.383886255924170916e-01
8.044654939106901104e-01 9.383886255924170916e-01
8.044654939106901104e-01 9.390656736628301138e-01
8.051420838971583560e-01 9.390656736628301138e-01
8.064952638700947363e-01 9.390656736628301138e-01
8.071718538565628709e-01 9.390656736628301138e-01
8.071718538565628709e-01 9.404197698036560471e-01
8.078484438430311165e-01 9.404197698036560471e-01
8.078484438430311165e-01 9.410968178740690693e-01
8.085250338294993622e-01 9.410968178740690693e-01
8.098782138024357424e-01 9.410968178740690693e-01
8.105548037889038770e-01 9.410968178740690693e-01
8.105548037889038770e-01 9.417738659444820915e-01
8.119079837618403683e-01 9.417738659444820915e-01
8.119079837618403683e-01 9.424509140148950026e-01
8.132611637347767486e-01 9.424509140148950026e-01
8.132611637347767486e-01 9.438050101557210469e-01
8.152909336941813745e-01 9.438050101557210469e-01
8.152909336941813745e-01 9.444820582261340691e-01
8.166441136671177548e-01 9.444820582261340691e-01
8.166441136671177548e-01 9.458361543669600024e-01
8.173207036535858894e-01 9.458361543669600024e-01
8.173207036535858894e-01 9.465132024373730246e-01
8.186738836265223807e-01 9.465132024373730246e-01
8.186738836265223807e-01 9.471902505077860468e-01
8.207036535859268955e-01 9.471902505077860468e-01
8.207036535859268955e-01 9.492213947190250023e-01
8.220568335588632758e-01 9.492213947190250023e-01
8.261163734776725276e-01 9.492213947190250023e-01
8.274695534506089079e-01 9.492213947190250023e-01
8.274695534506089079e-01 9.498984427894380245e-01
8.294993234100135338e-01 9.498984427894380245e-01
8.308525033829499140e-01 9.498984427894380245e-01
8.308525033829499140e-01 9.519295870006770910e-01
8.315290933694181597e-01 9.519295870006770910e-01
8.315290933694181597e-01 9.532836831415030243e-01
8.328822733423545399e-01 9.532836831415030243e-01
8.328822733423545399e-01 9.546377792823290687e-01
8.335588633288227856e-01 9.546377792823290687e-01
8.335588633288227856e-01 9.553148273527420908e-01
8.349120433017591658e-01 9.553148273527420908e-01
8.349120433017591658e-01 9.559918754231550020e-01
8.355886332882273004e-01 9.559918754231550020e-01
8.355886332882273004e-01 9.573459715639810463e-01
8.362652232746955461e-01 9.573459715639810463e-01
8.362652232746955461e-01 9.580230196343940685e-01
8.369418132611636807e-01 9.580230196343940685e-01
8.389715832205683066e-01 9.580230196343940685e-01
8.403247631935046869e-01 9.580230196343940685e-01
8.403247631935046869e-01 9.587000677048070907e-01
8.410013531799729325e-01 9.587000677048070907e-01
8.410013531799729325e-01 9.593771157752200018e-01
8.423545331529093128e-01 9.593771157752200018e-01
8.443843031123139387e-01 9.593771157752200018e-01
8.450608930987821843e-01 9.593771157752200018e-01
8.450608930987821843e-01 9.600541638456330240e-01
8.464140730717185646e-01 9.600541638456330240e-01
8.491204330175913251e-01 9.600541638456330240e-01
8.497970230040595707e-01 9.600541638456330240e-01
8.497970230040595707e-01 9.607312119160460462e-01
8.504736129905277053e-01 9.607312119160460462e-01
8.504736129905277053e-01 9.614082599864590684e-01
8.525033829499323312e-01 9.614082599864590684e-01
8.538565629228687115e-01 9.614082599864590684e-01
8.552097428958050918e-01 9.614082599864590684e-01
8.552097428958050918e-01 9.627623561272850017e-01
8.558863328822733374e-01 9.627623561272850017e-01
8.572395128552097177e-01 9.627623561272850017e-01
8.585926928281460979e-01 9.627623561272850017e-01
8.585926928281460979e-01 9.634394041976980239e-01
8.592692828146143436e-01 9.634394041976980239e-01
8.592692828146143436e-01 9.654705484089369794e-01
8.599458728010825892e-01 9.654705484089369794e-01
8.599458728010825892e-01 9.661475964793500015e-01
8.612990527740189695e-01 9.661475964793500015e-01
8.626522327469553497e-01 9.661475964793500015e-01
8.673883626522327361e-01 9.661475964793500015e-01
8.673883626522327361e-01 9.668246445497630237e-01
8.680649526387009818e-01 9.668246445497630237e-01
8.680649526387009818e-01 9.681787406905890681e-01
8.728010825439783682e-01 9.681787406905890681e-01
8.728010825439783682e-01 9.695328368314150014e-01
8.741542625169147485e-01 9.695328368314150014e-01
8.748308525033829941e-01 9.695328368314150014e-01
8.761840324763193744e-01 9.695328368314150014e-01
8.802435723951285151e-01 9.695328368314150014e-01
8.802435723951285151e-01 9.702098849018280236e-01
8.809201623815967608e-01 9.702098849018280236e-01
8.809201623815967608e-01 9.708869329722410457e-01
8.822733423545331410e-01 9.708869329722410457e-01
8.836265223274695213e-01 9.708869329722410457e-01
8.843031123139377669e-01 9.708869329722410457e-01
8.856562922868741472e-01 9.708869329722410457e-01
8.856562922868741472e-01 9.722410291130669791e-01
8.870094722598105275e-01 9.722410291130669791e-01
8.876860622462787731e-01 9.722410291130669791e-01
8.876860622462787731e-01 9.729180771834800012e-01
8.883626522327469077e-01 9.729180771834800012e-01
8.883626522327469077e-01 9.742721733243060456e-01
8.897158322056833990e-01 9.742721733243060456e-01
8.924221921515561595e-01 9.742721733243060456e-01
8.944519621109607854e-01 9.742721733243060456e-01
8.944519621109607854e-01 9.749492213947190677e-01
8.958051420838971657e-01 9.749492213947190677e-01
8.958051420838971657e-01 9.756262694651319789e-01
8.964817320703654113e-01 9.756262694651319789e-01
8.978349120433017916e-01 9.756262694651319789e-01
8.991880920162381718e-01 9.756262694651319789e-01
8.991880920162381718e-01 9.763033175355450011e-01
9.005412719891745521e-01 9.763033175355450011e-01
9.025710419485791780e-01 9.763033175355450011e-01
9.052774018944519385e-01 9.763033175355450011e-01
9.052774018944519385e-01 9.769803656059580232e-01
9.066305818673883188e-01 9.769803656059580232e-01
9.066305818673883188e-01 9.776574136763710454e-01
9.073071718538565644e-01 9.776574136763710454e-01
9.093369418132611903e-01 9.776574136763710454e-01
9.100135317997293249e-01 9.776574136763710454e-01
9.113667117726658162e-01 9.776574136763710454e-01
9.127198917456021965e-01 9.776574136763710454e-01
9.140730717185385767e-01 9.776574136763710454e-01
9.140730717185385767e-01 9.783344617467840676e-01
9.147496617050067114e-01 9.783344617467840676e-01
9.147496617050067114e-01 9.790115098171969787e-01
9.154262516914749570e-01 9.790115098171969787e-01
9.167794316644113373e-01 9.790115098171969787e-01
9.174560216508795829e-01 9.790115098171969787e-01
9.174560216508795829e-01 9.796885578876100009e-01
9.188092016238159632e-01 9.796885578876100009e-01
9.188092016238159632e-01 9.803656059580230231e-01
9.194857916102842088e-01 9.803656059580230231e-01
9.194857916102842088e-01 9.810426540284360453e-01
9.208389715832205891e-01 9.810426540284360453e-01
9.221921515561569693e-01 9.810426540284360453e-01
9.228687415426252150e-01 9.810426540284360453e-01
9.242219215155615952e-01 9.810426540284360453e-01
9.262516914749662211e-01 9.810426540284360453e-01
9.276048714479026014e-01 9.810426540284360453e-01
9.296346414073072273e-01 9.810426540284360453e-01
9.296346414073072273e-01 9.823967501692619786e-01
9.303112313937753619e-01 9.823967501692619786e-01
9.303112313937753619e-01 9.830737982396750008e-01
9.316644113667117422e-01 9.830737982396750008e-01
9.316644113667117422e-01 9.837508463100880229e-01
9.323410013531799878e-01 9.837508463100880229e-01
9.336941813261163681e-01 9.837508463100880229e-01
9.336941813261163681e-01 9.844278943805010451e-01
9.384303112313937545e-01 9.844278943805010451e-01
9.384303112313937545e-01 9.851049424509140673e-01
9.391069012178620001e-01 9.851049424509140673e-01
9.391069012178620001e-01 9.857819905213269784e-01
9.431664411366711409e-01 9.857819905213269784e-01
9.431664411366711409e-01 9.878131347325660450e-01
9.445196211096076322e-01 9.878131347325660450e-01
9.445196211096076322e-01 9.891672308733919783e-01
9.458728010825440125e-01 9.891672308733919783e-01
9.458728010825440125e-01 9.898442789438050005e-01
9.465493910690121471e-01 9.898442789438050005e-01
9.465493910690121471e-01 9.911983750846310448e-01
9.479025710419485273e-01 9.911983750846310448e-01
9.492557510148850186e-01 9.911983750846310448e-01
9.499323410013531532e-01 9.911983750846310448e-01
9.499323410013531532e-01 9.918754231550439560e-01
9.506089309878213989e-01 9.918754231550439560e-01
9.506089309878213989e-01 9.925524712254569781e-01
9.512855209742895335e-01 9.925524712254569781e-01
9.512855209742895335e-01 9.932295192958700003e-01
9.519621109607577791e-01 9.932295192958700003e-01
9.519621109607577791e-01 9.939065673662830225e-01
9.533152909336941594e-01 9.939065673662830225e-01
9.533152909336941594e-01 9.945836154366960447e-01
9.539918809201624050e-01 9.945836154366960447e-01
9.553450608930987853e-01 9.945836154366960447e-01
9.566982408660351656e-01 9.945836154366960447e-01
9.566982408660351656e-01 9.952606635071089558e-01
9.580514208389715458e-01 9.952606635071089558e-01
9.594046008119080371e-01 9.952606635071089558e-01
9.607577807848444174e-01 9.952606635071089558e-01
9.614343707713125520e-01 9.952606635071089558e-01
9.627875507442489322e-01 9.952606635071089558e-01
9.634641407307171779e-01 9.952606635071089558e-01
9.634641407307171779e-01 9.959377115775219780e-01
9.641407307171854235e-01 9.959377115775219780e-01
9.668470906630581840e-01 9.959377115775219780e-01
9.722598105548038161e-01 9.959377115775219780e-01
9.736129905277401964e-01 9.959377115775219780e-01
9.742895805142084420e-01 9.959377115775219780e-01
9.769959404600812025e-01 9.959377115775219780e-01
9.797023004059539630e-01 9.959377115775219780e-01
9.810554803788903433e-01 9.959377115775219780e-01
9.810554803788903433e-01 9.966147596479350002e-01
9.817320703653585889e-01 9.966147596479350002e-01
9.817320703653585889e-01 9.972918077183480223e-01
9.851150202976995951e-01 9.972918077183480223e-01
9.851150202976995951e-01 9.979688557887610445e-01
9.864682002706359754e-01 9.979688557887610445e-01
9.878213802435723556e-01 9.979688557887610445e-01
9.884979702300406013e-01 9.979688557887610445e-01
9.884979702300406013e-01 9.986459038591739557e-01
9.905277401894452272e-01 9.986459038591739557e-01
9.905277401894452272e-01 9.993229519295869778e-01
9.912043301759133618e-01 9.993229519295869778e-01
9.925575101488497420e-01 9.993229519295869778e-01
9.972936400541272395e-01 9.993229519295869778e-01
9.972936400541272395e-01 1.000000000000000000e+00
1.000000000000000000e+00 1.000000000000000000e+00
