0.000000000000000000e+00 0.000000000000000000e+00
0.000000000000000000e+00 8.124576844955992000e-03
0.000000000000000000e+00 1.150981719702098838e-02
0.000000000000000000e+00 1.218686526743398800e-02
0.000000000000000000e+00 1.354096140825998724e-02
0.000000000000000000e+00 9.749492213947190400e-02
6.765899864682003214e-04 9.749492213947190400e-02
6.765899864682003214e-04 9.952606635071090113e-02
2.029769959404600747e-03 9.952606635071090113e-02
2.029769959404600747e-03 1.130670277589708866e-01
2.706359945872801286e-03 1.130670277589708866e-01
2.706359945872801286e-03 1.191604603926878780e-01
3.382949932341001390e-03 1.191604603926878780e-01
3.382949932341001390e-03 1.225457007447528779e-01
4.736129905277402033e-03 1.225457007447528779e-01
5.412719891745602571e-03 1.225457007447528779e-01
5.412719891745602571e-03 1.279620853080568610e-01
6.089309878213802242e-03 1.279620853080568610e-01
6.089309878213802242e-03 1.354096140825998551e-01
6.765899864682002780e-03 1.354096140825998551e-01
6.765899864682002780e-03 1.394719025050778494e-01
7.442489851150203319e-03 1.394719025050778494e-01
7.442489851150203319e-03 1.415030467163168604e-01
8.119079837618402989e-03 1.415030467163168604e-01
8.119079837618402989e-03 1.421800947867298548e-01
8.795669824086603528e-03 1.421800947867298548e-01
8.795669824086603528e-03 1.428571428571428492e-01
9.472259810554804066e-03 1.428571428571428492e-01
9.472259810554804066e-03 1.435341909275558436e-01
1.014884979702300460e-02 1.435341909275558436e-01
1.014884979702300460e-02 1.496276235612728489e-01
1.082543978349120514e-02 1.496276235612728489e-01
1.082543978349120514e-02 1.550440081245768320e-01
1.150202976995940395e-02 1.550440081245768320e-01
1.150202976995940395e-02 1.591062965470548540e-01
1.285520974289580502e-02 1.591062965470548540e-01
1.285520974289580502e-02 1.611374407582938373e-01
1.488497970230040664e-02 1.611374407582938373e-01
1.488497970230040664e-02 1.665538253215978204e-01
1.556156968876860544e-02 1.665538253215978204e-01
1.556156968876860544e-02 1.679079214624238370e-01
1.623815967523680598e-02 1.679079214624238370e-01
1.623815967523680598e-02 1.733243060257278201e-01
1.691474966170500652e-02 1.733243060257278201e-01
1.691474966170500652e-02 1.753554502369668311e-01
1.894451962110960813e-02 1.753554502369668311e-01
1.894451962110960813e-02 1.841570751523358140e-01
1.962110960757780867e-02 1.841570751523358140e-01
1.962110960757780867e-02 1.855111712931618029e-01
2.029769959404600921e-02 1.855111712931618029e-01
2.029769959404600921e-02 1.895734597156397971e-01
2.097428958051420975e-02 1.895734597156397971e-01
2.097428958051420975e-02 1.922816519972918026e-01
2.232746955345060735e-02 1.922816519972918026e-01
2.232746955345060735e-02 1.970209884901827913e-01
2.368064952638700843e-02 1.970209884901827913e-01
2.368064952638700843e-02 1.976980365605958134e-01
2.435723951285520897e-02 1.976980365605958134e-01
2.435723951285520897e-02 1.990521327014218023e-01
2.638700947225981058e-02 1.990521327014218023e-01
2.638700947225981058e-02 1.997291807718347967e-01
2.706359945872801112e-02 1.997291807718347967e-01
2.706359945872801112e-02 2.031144211238997965e-01
2.774018944519621166e-02 2.031144211238997965e-01
2.774018944519621166e-02 2.078537576167907852e-01
2.841677943166441220e-02 2.078537576167907852e-01
2.976995940460081327e-02 2.078537576167907852e-01
2.976995940460081327e-02 2.105619498984427906e-01
3.112313937753721088e-02 2.105619498984427906e-01
3.112313937753721088e-02 2.186865267433987792e-01
3.179972936400541489e-02 2.186865267433987792e-01
3.179972936400541489e-02 2.207176709546377902e-01
3.247631935047361196e-02 2.207176709546377902e-01
3.247631935047361196e-02 2.213947190250507846e-01
3.315290933694181597e-02 2.213947190250507846e-01
3.315290933694181597e-02 2.234258632362897679e-01
3.382949932341001303e-02 2.234258632362897679e-01
3.382949932341001303e-02 2.241029113067027623e-01
3.450608930987821704e-02 2.241029113067027623e-01
3.450608930987821704e-02 2.247799593771157844e-01
3.518267929634641411e-02 2.247799593771157844e-01
3.518267929634641411e-02 2.288422477995937787e-01
3.585926928281461118e-02 2.288422477995937787e-01
3.721244925575101226e-02 2.288422477995937787e-01
3.788903924221921626e-02 2.288422477995937787e-01
3.788903924221921626e-02 2.315504400812457564e-01
3.856562922868741333e-02 2.315504400812457564e-01
3.856562922868741333e-02 2.356127285037237507e-01
4.059539918809201842e-02 2.356127285037237507e-01
4.059539918809201842e-02 2.362897765741367728e-01
4.194857916102841949e-02 2.362897765741367728e-01
4.194857916102841949e-02 2.376438727149627617e-01
4.262516914749661656e-02 2.376438727149627617e-01
4.262516914749661656e-02 2.389979688557887505e-01
4.330175913396482057e-02 2.389979688557887505e-01
4.330175913396482057e-02 2.505077860528097666e-01
4.397834912043301764e-02 2.505077860528097666e-01
4.397834912043301764e-02 2.511848341232227333e-01
4.533152909336941871e-02 2.511848341232227333e-01
4.533152909336941871e-02 2.518618821936357555e-01
4.600811907983761578e-02 2.518618821936357555e-01
4.600811907983761578e-02 2.532159783344617443e-01
4.736129905277401686e-02 2.532159783344617443e-01
4.736129905277401686e-02 2.552471225457007553e-01
4.871447902571041794e-02 2.552471225457007553e-01
4.871447902571041794e-02 2.572782667569397663e-01
4.939106901217862194e-02 2.572782667569397663e-01
4.939106901217862194e-02 2.579553148273527330e-01
5.074424898511502302e-02 2.579553148273527330e-01
5.074424898511502302e-02 2.593094109681787218e-01
5.142083897158322009e-02 2.593094109681787218e-01
5.142083897158322009e-02 2.599864590385917440e-01
5.209742895805142410e-02 2.599864590385917440e-01
5.345060893098781823e-02 2.599864590385917440e-01
5.345060893098781823e-02 2.654028436018957549e-01
5.412719891745602224e-02 2.654028436018957549e-01
5.412719891745602224e-02 2.667569397427217437e-01
5.480378890392421931e-02 2.667569397427217437e-01
5.615696887686062039e-02 2.667569397427217437e-01
5.615696887686062039e-02 2.681110358835477325e-01
5.683355886332882440e-02 2.681110358835477325e-01
5.683355886332882440e-02 2.687880839539607547e-01
5.751014884979702146e-02 2.687880839539607547e-01
5.886332882273342254e-02 2.687880839539607547e-01
5.953991880920162655e-02 2.687880839539607547e-01
5.953991880920162655e-02 2.694651320243737214e-01
6.021650879566982362e-02 2.694651320243737214e-01
6.021650879566982362e-02 2.742044685172647100e-01
6.089309878213802762e-02 2.742044685172647100e-01
6.089309878213802762e-02 2.755585646580906989e-01
6.224627875507442176e-02 2.755585646580906989e-01
6.292286874154262577e-02 2.755585646580906989e-01
6.292286874154262577e-02 2.769126607989167432e-01
6.359945872801082978e-02 2.769126607989167432e-01
6.359945872801082978e-02 2.782667569397427321e-01
6.495263870094722392e-02 2.782667569397427321e-01
6.495263870094722392e-02 2.809749492213947097e-01
6.630581867388363193e-02 2.809749492213947097e-01
6.630581867388363193e-02 2.823290453622206986e-01
6.698240866035182206e-02 2.823290453622206986e-01
6.698240866035182206e-02 2.836831415030467429e-01
6.765899864682002607e-02 2.836831415030467429e-01
6.968876860622462421e-02 2.836831415030467429e-01
7.104194857916103223e-02 2.836831415030467429e-01
7.104194857916103223e-02 2.843601895734597096e-01
7.171853856562922236e-02 2.843601895734597096e-01
7.171853856562922236e-02 2.850372376438727318e-01
7.307171853856563037e-02 2.850372376438727318e-01
7.510148849797022852e-02 2.850372376438727318e-01
7.510148849797022852e-02 2.857142857142856984e-01
7.577807848443843253e-02 2.857142857142856984e-01
7.577807848443843253e-02 2.897765741367637204e-01
7.645466847090663653e-02 2.897765741367637204e-01
7.645466847090663653e-02 2.904536222071766871e-01
7.780784844384303067e-02 2.904536222071766871e-01
7.780784844384303067e-02 2.918077183480027315e-01
7.848443843031123468e-02 2.918077183480027315e-01
7.848443843031123468e-02 2.924847664184156981e-01
7.983761840324762882e-02 2.924847664184156981e-01
7.983761840324762882e-02 2.945159106296547091e-01
8.186738836265222696e-02 2.945159106296547091e-01
8.186738836265222696e-02 2.951929587000677313e-01
8.254397834912043097e-02 2.951929587000677313e-01
8.254397834912043097e-02 2.965470548408937201e-01
8.322056833558863498e-02 2.965470548408937201e-01
8.322056833558863498e-02 2.972241029113066868e-01
8.389715832205683899e-02 2.972241029113066868e-01
8.389715832205683899e-02 2.979011509817197090e-01
8.525033829499323312e-02 2.979011509817197090e-01
8.525033829499323312e-02 3.006093432633716866e-01
8.660351826792964114e-02 3.006093432633716866e-01
8.660351826792964114e-02 3.019634394041976755e-01
8.728010825439783127e-02 3.019634394041976755e-01
8.863328822733423928e-02 3.019634394041976755e-01
8.863328822733423928e-02 3.067027758970887197e-01
8.930987821380242941e-02 3.067027758970887197e-01
9.066305818673883743e-02 3.067027758970887197e-01
9.066305818673883743e-02 3.073798239675016863e-01
9.201623815967523157e-02 3.073798239675016863e-01
9.201623815967523157e-02 3.127962085308056972e-01
9.269282814614343557e-02 3.127962085308056972e-01
9.269282814614343557e-02 3.161814488828706970e-01
9.404600811907984359e-02 3.161814488828706970e-01
9.404600811907984359e-02 3.175355450236966859e-01
9.472259810554803372e-02 3.175355450236966859e-01
9.472259810554803372e-02 3.195666892349356969e-01
9.607577807848444174e-02 3.195666892349356969e-01
9.607577807848444174e-02 3.202437373053486636e-01
9.742895805142083587e-02 3.202437373053486636e-01
9.742895805142083587e-02 3.256601218686526744e-01
9.878213802435724389e-02 3.256601218686526744e-01
1.001353179972936380e-01 3.256601218686526744e-01
1.001353179972936380e-01 3.263371699390656966e-01
1.008119079837618420e-01 3.263371699390656966e-01
1.008119079837618420e-01 3.303994583615436631e-01
1.021650879566982362e-01 3.303994583615436631e-01
1.021650879566982362e-01 3.331076506431956408e-01
1.035182679296346442e-01 3.331076506431956408e-01
1.041948579161028482e-01 3.331076506431956408e-01
1.041948579161028482e-01 3.344617467840216851e-01
1.048714479025710383e-01 3.344617467840216851e-01
1.048714479025710383e-01 3.358158429248476740e-01
1.062246278755074463e-01 3.358158429248476740e-01
1.075778078484438405e-01 3.358158429248476740e-01
1.075778078484438405e-01 3.364928909952606406e-01
1.082543978349120445e-01 3.364928909952606406e-01
1.096075778078484386e-01 3.364928909952606406e-01
1.096075778078484386e-01 3.398781313473256405e-01
1.102841677943166426e-01 3.398781313473256405e-01
1.102841677943166426e-01 3.466486120514556402e-01
1.116373477672530506e-01 3.466486120514556402e-01
1.116373477672530506e-01 3.473256601218686623e-01
1.123139377537212408e-01 3.473256601218686623e-01
1.123139377537212408e-01 3.486797562626946512e-01
1.136671177266576488e-01 3.486797562626946512e-01
1.136671177266576488e-01 3.493568043331076733e-01
1.143437077131258389e-01 3.493568043331076733e-01
1.143437077131258389e-01 3.500338524035206400e-01
1.150202976995940429e-01 3.500338524035206400e-01
1.150202976995940429e-01 3.520649966147596510e-01
1.156968876860622469e-01 3.520649966147596510e-01
1.156968876860622469e-01 3.534190927555856399e-01
1.170500676589986411e-01 3.534190927555856399e-01
1.170500676589986411e-01 3.547731888964116287e-01
1.177266576454668451e-01 3.547731888964116287e-01
1.177266576454668451e-01 3.561272850372376175e-01
1.184032476319350491e-01 3.561272850372376175e-01
1.184032476319350491e-01 3.588354773188896507e-01
1.190798376184032531e-01 3.588354773188896507e-01
1.190798376184032531e-01 3.595125253893026174e-01
1.204330175913396472e-01 3.595125253893026174e-01
1.217861975642760552e-01 3.595125253893026174e-01
1.231393775372124494e-01 3.595125253893026174e-01
1.244925575101488435e-01 3.595125253893026174e-01
1.244925575101488435e-01 3.642518618821936616e-01
1.265223274695534417e-01 3.642518618821936616e-01
1.271989174560216596e-01 3.642518618821936616e-01
1.271989174560216596e-01 3.649289099526066282e-01
1.285520974289580398e-01 3.649289099526066282e-01
1.285520974289580398e-01 3.683141503046716281e-01
1.292286874154262577e-01 3.683141503046716281e-01
1.292286874154262577e-01 3.696682464454976169e-01
1.299052774018944478e-01 3.696682464454976169e-01
1.299052774018944478e-01 3.723764387271496501e-01
1.312584573748308558e-01 3.723764387271496501e-01
1.312584573748308558e-01 3.750846310088016278e-01
1.332882273342354540e-01 3.750846310088016278e-01
1.332882273342354540e-01 3.757616790792146499e-01
1.346414073071718620e-01 3.757616790792146499e-01
1.346414073071718620e-01 3.777928232904536054e-01
1.359945872801082423e-01 3.777928232904536054e-01
1.359945872801082423e-01 3.784698713608666276e-01
1.373477672530446503e-01 3.784698713608666276e-01
1.373477672530446503e-01 3.791469194312795943e-01
1.380243572395128682e-01 3.791469194312795943e-01
1.380243572395128682e-01 3.798239675016926165e-01
1.393775372124492484e-01 3.798239675016926165e-01
1.393775372124492484e-01 3.811780636425186053e-01
1.414073071718538466e-01 3.811780636425186053e-01
1.414073071718538466e-01 3.818551117129316275e-01
1.420838971583220645e-01 3.818551117129316275e-01
1.420838971583220645e-01 3.838862559241706385e-01
1.434370771312584447e-01 3.838862559241706385e-01
1.434370771312584447e-01 3.845633039945836051e-01
1.447902571041948527e-01 3.845633039945836051e-01
1.447902571041948527e-01 3.852403520649966273e-01
1.454668470906630706e-01 3.852403520649966273e-01
1.454668470906630706e-01 3.859174001354095940e-01
1.461434370771312607e-01 3.859174001354095940e-01
1.461434370771312607e-01 3.886255924170616272e-01
1.468200270635994509e-01 3.886255924170616272e-01
1.468200270635994509e-01 3.899796885578876160e-01
1.474966170500676688e-01 3.899796885578876160e-01
1.474966170500676688e-01 3.920108327691266270e-01
1.481732070365358589e-01 3.920108327691266270e-01
1.481732070365358589e-01 3.926878808395395937e-01
1.488497970230040490e-01 3.926878808395395937e-01
1.488497970230040490e-01 3.933649289099526158e-01
1.495263870094722669e-01 3.933649289099526158e-01
1.495263870094722669e-01 3.953960731211916269e-01
1.508795669824086472e-01 3.953960731211916269e-01
1.508795669824086472e-01 3.967501692620176157e-01
1.515561569688768651e-01 3.967501692620176157e-01
1.515561569688768651e-01 3.987813134732566267e-01
1.529093369418132731e-01 3.987813134732566267e-01
1.529093369418132731e-01 3.994583615436695934e-01
1.535859269282814632e-01 3.994583615436695934e-01
1.535859269282814632e-01 4.001354096140826155e-01
1.549391069012178712e-01 4.001354096140826155e-01
1.549391069012178712e-01 4.008124576844955822e-01
1.569688768606224694e-01 4.008124576844955822e-01
1.576454668470906595e-01 4.008124576844955822e-01
1.589986468200270675e-01 4.008124576844955822e-01
1.589986468200270675e-01 4.021665538253215710e-01
1.603518267929634755e-01 4.021665538253215710e-01
1.603518267929634755e-01 4.035206499661476154e-01
1.623815967523680737e-01 4.035206499661476154e-01
1.623815967523680737e-01 4.069058903182126152e-01
1.630581867388362638e-01 4.069058903182126152e-01
1.630581867388362638e-01 4.082599864590386041e-01
1.637347767253044539e-01 4.082599864590386041e-01
1.650879566982408619e-01 4.082599864590386041e-01
1.650879566982408619e-01 4.089370345294515707e-01
1.664411366711772700e-01 4.089370345294515707e-01
1.671177266576454601e-01 4.089370345294515707e-01
1.671177266576454601e-01 4.096140825998645929e-01
1.698240866035182761e-01 4.096140825998645929e-01
1.705006765899864662e-01 4.096140825998645929e-01
1.705006765899864662e-01 4.109681787406905817e-01
1.718538565629228743e-01 4.109681787406905817e-01
1.718538565629228743e-01 4.143534190927555816e-01
1.732070365358592823e-01 4.143534190927555816e-01
1.732070365358592823e-01 4.157075152335815704e-01
1.738836265223274724e-01 4.157075152335815704e-01
1.738836265223274724e-01 4.163845633039945926e-01
1.765899864682002607e-01 4.163845633039945926e-01
1.765899864682002607e-01 4.184157075152336036e-01
1.772665764546684786e-01 4.184157075152336036e-01
1.786197564276048588e-01 4.184157075152336036e-01
1.786197564276048588e-01 4.190927555856465703e-01
1.792963464140730767e-01 4.190927555856465703e-01
1.792963464140730767e-01 4.197698036560595924e-01
1.799729364005412668e-01 4.197698036560595924e-01
1.799729364005412668e-01 4.211238997968855813e-01
1.806495263870094847e-01 4.211238997968855813e-01
1.806495263870094847e-01 4.245091401489505811e-01
1.820027063599458650e-01 4.245091401489505811e-01
1.820027063599458650e-01 4.251861882193635478e-01
1.826792963464140829e-01 4.251861882193635478e-01
1.826792963464140829e-01 4.258632362897765700e-01
1.833558863328822730e-01 4.258632362897765700e-01
1.847090663058186810e-01 4.258632362897765700e-01
1.853856562922868711e-01 4.258632362897765700e-01
1.853856562922868711e-01 4.265402843601895921e-01
1.867388362652232792e-01 4.265402843601895921e-01
1.867388362652232792e-01 4.272173324306025588e-01
1.874154262516914693e-01 4.272173324306025588e-01
1.874154262516914693e-01 4.285714285714285476e-01
1.880920162381596872e-01 4.285714285714285476e-01
1.880920162381596872e-01 4.292484766418415698e-01
1.907983761840324755e-01 4.292484766418415698e-01
1.907983761840324755e-01 4.306025727826675586e-01
1.914749661705006656e-01 4.306025727826675586e-01
1.914749661705006656e-01 4.312796208530805808e-01
1.928281461434370736e-01 4.312796208530805808e-01
1.928281461434370736e-01 4.339878131347325585e-01
1.935047361299052637e-01 4.339878131347325585e-01
1.935047361299052637e-01 4.346648612051455807e-01
1.941813261163734816e-01 4.346648612051455807e-01
1.941813261163734816e-01 4.360189573459715695e-01
1.948579161028416717e-01 4.360189573459715695e-01
1.948579161028416717e-01 4.366960054163845362e-01
1.955345060893098896e-01 4.366960054163845362e-01
1.955345060893098896e-01 4.407582938388625582e-01
1.962110960757780798e-01 4.407582938388625582e-01
1.962110960757780798e-01 4.421123899796885470e-01
1.968876860622462699e-01 4.421123899796885470e-01
1.968876860622462699e-01 4.461746784021665690e-01
1.975642760487144878e-01 4.461746784021665690e-01
1.989174560216508680e-01 4.461746784021665690e-01
1.989174560216508680e-01 4.475287745429925579e-01
1.995940460081190859e-01 4.475287745429925579e-01
1.995940460081190859e-01 4.488828706838185467e-01
2.002706359945872761e-01 4.488828706838185467e-01
2.002706359945872761e-01 4.495599187542315689e-01
2.009472259810554939e-01 4.495599187542315689e-01
2.029769959404600921e-01 4.495599187542315689e-01
2.029769959404600921e-01 4.502369668246445356e-01
2.036535859269282822e-01 4.502369668246445356e-01
2.036535859269282822e-01 4.509140148950575577e-01
2.050067658998646902e-01 4.509140148950575577e-01
2.050067658998646902e-01 4.515910629654705244e-01
2.063599458728010705e-01 4.515910629654705244e-01
2.063599458728010705e-01 4.522681110358835466e-01
2.070365358592692884e-01 4.522681110358835466e-01
2.070365358592692884e-01 4.542992552471225576e-01
2.077131258457374785e-01 4.542992552471225576e-01
2.077131258457374785e-01 4.556533513879485464e-01
2.083897158322056964e-01 4.556533513879485464e-01
2.083897158322056964e-01 4.563303994583615686e-01
2.090663058186738865e-01 4.563303994583615686e-01
2.090663058186738865e-01 4.570074475287745353e-01
2.104194857916102945e-01 4.570074475287745353e-01
2.104194857916102945e-01 4.583615436696005241e-01
2.124492557510148927e-01 4.583615436696005241e-01
2.124492557510148927e-01 4.590385917400135463e-01
2.144790257104194908e-01 4.590385917400135463e-01
2.144790257104194908e-01 4.603926878808395351e-01
2.151556156968876810e-01 4.603926878808395351e-01
2.165087956698240890e-01 4.603926878808395351e-01
2.165087956698240890e-01 4.624238320920785461e-01
2.185385656292286871e-01 4.624238320920785461e-01
2.185385656292286871e-01 4.631008801624915128e-01
2.198917456021650951e-01 4.631008801624915128e-01
2.198917456021650951e-01 4.637779282329045349e-01
2.205683355886332853e-01 4.637779282329045349e-01
2.205683355886332853e-01 4.651320243737305238e-01
2.219215155615696933e-01 4.651320243737305238e-01
2.219215155615696933e-01 4.658090724441435460e-01
2.225981055480378834e-01 4.658090724441435460e-01
2.225981055480378834e-01 4.664861205145565126e-01
2.232746955345061013e-01 4.664861205145565126e-01
2.232746955345061013e-01 4.671631685849695348e-01
2.239512855209742914e-01 4.671631685849695348e-01
2.239512855209742914e-01 4.685172647257955236e-01
2.259810554803788896e-01 4.685172647257955236e-01
2.259810554803788896e-01 4.691943127962085458e-01
2.266576454668470797e-01 4.691943127962085458e-01
2.280108254397834877e-01 4.691943127962085458e-01
2.286874154262516778e-01 4.691943127962085458e-01
2.286874154262516778e-01 4.698713608666215125e-01
2.293640054127198957e-01 4.698713608666215125e-01
2.307171853856563037e-01 4.698713608666215125e-01
2.313937753721244939e-01 4.698713608666215125e-01
2.313937753721244939e-01 4.705484089370345346e-01
2.320703653585926840e-01 4.705484089370345346e-01
2.320703653585926840e-01 4.712254570074475013e-01
2.347767253044655000e-01 4.712254570074475013e-01
2.347767253044655000e-01 4.725795531482735456e-01
2.354533152909336902e-01 4.725795531482735456e-01
2.354533152909336902e-01 4.746106973595125011e-01
2.361299052774019080e-01 4.746106973595125011e-01
2.361299052774019080e-01 4.752877454299255233e-01
2.374830852503382883e-01 4.752877454299255233e-01
2.374830852503382883e-01 4.800270819228165120e-01
2.401894451962111043e-01 4.800270819228165120e-01
2.442489851150203006e-01 4.800270819228165120e-01
2.442489851150203006e-01 4.854434664861205229e-01
2.462787550744248988e-01 4.854434664861205229e-01
2.476319350473613068e-01 4.854434664861205229e-01
2.476319350473613068e-01 4.867975626269465117e-01
2.489851150202976870e-01 4.867975626269465117e-01
2.489851150202976870e-01 4.881516587677725005e-01
2.496617050067659049e-01 4.881516587677725005e-01
2.523680649526386932e-01 4.881516587677725005e-01
2.530446549391068833e-01 4.881516587677725005e-01
2.530446549391068833e-01 4.888287068381855227e-01
2.550744248985115092e-01 4.888287068381855227e-01
2.550744248985115092e-01 4.908598510494245337e-01
2.557510148849796994e-01 4.908598510494245337e-01
2.557510148849796994e-01 4.922139471902505226e-01
2.571041948579160796e-01 4.922139471902505226e-01
2.571041948579160796e-01 4.942450914014894781e-01
2.591339648173207055e-01 4.942450914014894781e-01
2.591339648173207055e-01 4.955991875423155224e-01
2.604871447902570858e-01 4.955991875423155224e-01
2.604871447902570858e-01 4.969532836831415112e-01
2.618403247631935216e-01 4.969532836831415112e-01
2.618403247631935216e-01 4.976303317535544779e-01
2.631935047361299018e-01 4.976303317535544779e-01
2.631935047361299018e-01 5.003385240352065111e-01
2.645466847090662821e-01 5.003385240352065111e-01
2.645466847090662821e-01 5.010155721056195333e-01
2.652232746955345277e-01 5.010155721056195333e-01
2.652232746955345277e-01 5.030467163168584888e-01
2.658998646820027179e-01 5.030467163168584888e-01
2.658998646820027179e-01 5.077860528097495330e-01
2.679296346414072882e-01 5.077860528097495330e-01
2.679296346414072882e-01 5.084631008801624441e-01
2.699594046008119141e-01 5.084631008801624441e-01
2.699594046008119141e-01 5.098171970209884885e-01
2.713125845737482944e-01 5.098171970209884885e-01
2.713125845737482944e-01 5.104942450914015106e-01
2.726657645466847302e-01 5.104942450914015106e-01
2.726657645466847302e-01 5.118483412322274440e-01
2.753721244925574907e-01 5.118483412322274440e-01
2.753721244925574907e-01 5.125253893026404661e-01
2.760487144790257363e-01 5.125253893026404661e-01
2.760487144790257363e-01 5.132024373730534883e-01
2.767253044654939265e-01 5.132024373730534883e-01
2.767253044654939265e-01 5.138794854434665105e-01
2.780784844384303067e-01 5.138794854434665105e-01
2.787550744248984969e-01 5.138794854434665105e-01
2.787550744248984969e-01 5.152335815842924438e-01
2.794316644113666870e-01 5.152335815842924438e-01
2.794316644113666870e-01 5.165876777251184881e-01
2.801082543978349326e-01 5.165876777251184881e-01
2.801082543978349326e-01 5.253893026404874433e-01
2.814614343707713129e-01 5.253893026404874433e-01
2.828146143437076931e-01 5.253893026404874433e-01
2.848443843031123190e-01 5.253893026404874433e-01
2.848443843031123190e-01 5.274204468517265099e-01
2.855209742895805092e-01 5.274204468517265099e-01
2.855209742895805092e-01 5.280974949221394210e-01
2.868741542625168894e-01 5.280974949221394210e-01
2.882273342354533252e-01 5.280974949221394210e-01
2.882273342354533252e-01 5.287745429925524432e-01
2.895805142083897055e-01 5.287745429925524432e-01
2.895805142083897055e-01 5.301286391333784875e-01
2.902571041948578956e-01 5.301286391333784875e-01
2.902571041948578956e-01 5.314827352742044209e-01
2.909336941813261412e-01 5.314827352742044209e-01
2.909336941813261412e-01 5.328368314150304652e-01
2.916102841677943314e-01 5.328368314150304652e-01
2.916102841677943314e-01 5.341909275558565096e-01
2.922868741542625215e-01 5.341909275558565096e-01
2.922868741542625215e-01 5.375761679079215094e-01
2.936400541271989018e-01 5.375761679079215094e-01
2.936400541271989018e-01 5.389302640487474427e-01
2.943166441136670919e-01 5.389302640487474427e-01
2.943166441136670919e-01 5.396073121191604649e-01
2.949932341001353375e-01 5.396073121191604649e-01
2.949932341001353375e-01 5.416384563303994204e-01
2.956698240866035277e-01 5.416384563303994204e-01
2.956698240866035277e-01 5.470548408937034868e-01
2.963464140730717178e-01 5.470548408937034868e-01
2.963464140730717178e-01 5.477318889641163979e-01
2.970230040595399079e-01 5.477318889641163979e-01
2.970230040595399079e-01 5.484089370345294201e-01
2.983761840324763437e-01 5.484089370345294201e-01
2.983761840324763437e-01 5.511171293161813978e-01
2.997293640054127239e-01 5.511171293161813978e-01
2.997293640054127239e-01 5.517941773865944199e-01
3.017591339648172943e-01 5.517941773865944199e-01
3.017591339648172943e-01 5.531482735274204643e-01
3.024357239512855400e-01 5.531482735274204643e-01
3.024357239512855400e-01 5.538253215978334865e-01
3.051420838971583005e-01 5.538253215978334865e-01
3.051420838971583005e-01 5.565335138794854641e-01
3.071718538565629264e-01 5.565335138794854641e-01
3.071718538565629264e-01 5.578876100203113975e-01
3.078484438430311165e-01 5.578876100203113975e-01
3.092016238159674968e-01 5.578876100203113975e-01
3.092016238159674968e-01 5.592417061611374418e-01
3.105548037889039326e-01 5.592417061611374418e-01
3.112313937753721227e-01 5.592417061611374418e-01
3.112313937753721227e-01 5.599187542315504640e-01
3.125845737483085029e-01 5.599187542315504640e-01
3.125845737483085029e-01 5.605958023019634862e-01
3.132611637347767486e-01 5.605958023019634862e-01
3.132611637347767486e-01 5.612728503723763973e-01
3.159675236806495091e-01 5.612728503723763973e-01
3.159675236806495091e-01 5.626269465132024417e-01
3.166441136671176992e-01 5.626269465132024417e-01
3.166441136671176992e-01 5.639810426540284860e-01
3.186738836265223251e-01 5.639810426540284860e-01
3.186738836265223251e-01 5.646580907244413972e-01
3.227334235453315214e-01 5.646580907244413972e-01
3.227334235453315214e-01 5.673662830060934859e-01
3.247631935047361473e-01 5.673662830060934859e-01
3.247631935047361473e-01 5.761679079214624410e-01
3.254397834912043375e-01 5.761679079214624410e-01
3.267929634641407177e-01 5.761679079214624410e-01
3.267929634641407177e-01 5.768449559918754632e-01
3.274695534506089079e-01 5.768449559918754632e-01
3.274695534506089079e-01 5.788761002031144187e-01
3.281461434370771535e-01 5.788761002031144187e-01
3.281461434370771535e-01 5.815842924847663964e-01
3.294993234100135338e-01 5.815842924847663964e-01
3.294993234100135338e-01 5.842924847664183741e-01
3.301759133964817239e-01 5.842924847664183741e-01
3.301759133964817239e-01 5.856465809072444184e-01
3.308525033829499140e-01 5.856465809072444184e-01
3.308525033829499140e-01 5.863236289776574406e-01
3.322056833558863498e-01 5.863236289776574406e-01
3.322056833558863498e-01 5.876777251184833739e-01
3.335588633288227300e-01 5.876777251184833739e-01
3.335588633288227300e-01 5.910629654705483738e-01
3.342354533152909202e-01 5.910629654705483738e-01
3.342354533152909202e-01 5.924170616113744181e-01
3.349120433017591103e-01 5.924170616113744181e-01
3.349120433017591103e-01 5.930941096817874403e-01
3.355886332882273559e-01 5.930941096817874403e-01
3.369418132611637362e-01 5.930941096817874403e-01
3.369418132611637362e-01 5.958023019634394180e-01
3.376184032476319263e-01 5.958023019634394180e-01
3.376184032476319263e-01 5.964793500338524401e-01
3.389715832205683621e-01 5.964793500338524401e-01
3.389715832205683621e-01 5.978334461746783735e-01
3.403247631935047424e-01 5.978334461746783735e-01
3.403247631935047424e-01 6.005416384563303511e-01
3.416779431664411226e-01 6.005416384563303511e-01
3.423545331529093128e-01 6.005416384563303511e-01
3.423545331529093128e-01 6.018957345971563955e-01
3.430311231393775584e-01 6.018957345971563955e-01
3.430311231393775584e-01 6.032498307379824398e-01
3.437077131258457485e-01 6.032498307379824398e-01
3.450608930987821288e-01 6.032498307379824398e-01
3.450608930987821288e-01 6.039268788083953510e-01
3.457374830852503189e-01 6.039268788083953510e-01
3.470906630581867547e-01 6.039268788083953510e-01
3.477672530446549448e-01 6.039268788083953510e-01
3.477672530446549448e-01 6.059580230196344175e-01
3.497970230040595152e-01 6.059580230196344175e-01
3.497970230040595152e-01 6.073121191604603508e-01
3.504736129905277608e-01 6.073121191604603508e-01
3.518267929634641411e-01 6.073121191604603508e-01
3.525033829499323312e-01 6.073121191604603508e-01
3.538565629228687670e-01 6.073121191604603508e-01
3.538565629228687670e-01 6.086662153012863952e-01
3.552097428958051473e-01 6.086662153012863952e-01
3.558863328822733374e-01 6.086662153012863952e-01
3.558863328822733374e-01 6.093432633716994173e-01
3.572395128552097177e-01 6.093432633716994173e-01
3.572395128552097177e-01 6.106973595125253507e-01
3.579161028416779633e-01 6.106973595125253507e-01
3.579161028416779633e-01 6.113744075829383728e-01
3.585926928281461534e-01 6.113744075829383728e-01
3.585926928281461534e-01 6.140825998645903505e-01
3.592692828146143436e-01 6.140825998645903505e-01
3.592692828146143436e-01 6.154366960054163949e-01
3.599458728010825337e-01 6.154366960054163949e-01
3.599458728010825337e-01 6.161137440758294170e-01
3.619756427604871596e-01 6.161137440758294170e-01
3.619756427604871596e-01 6.167907921462423282e-01
3.633288227334235398e-01 6.167907921462423282e-01
3.633288227334235398e-01 6.181448882870683725e-01
3.646820027063599201e-01 6.181448882870683725e-01
3.646820027063599201e-01 6.188219363574813947e-01
3.667117726657645460e-01 6.188219363574813947e-01
3.667117726657645460e-01 6.194989844278944169e-01
3.673883626522327361e-01 6.194989844278944169e-01
3.673883626522327361e-01 6.201760324983073280e-01
3.680649526387009263e-01 6.201760324983073280e-01
3.680649526387009263e-01 6.215301286391333724e-01
3.687415426251691719e-01 6.215301286391333724e-01
3.687415426251691719e-01 6.222071767095463946e-01
3.700947225981055522e-01 6.222071767095463946e-01
3.700947225981055522e-01 6.235612728503723279e-01
3.707713125845737423e-01 6.235612728503723279e-01
3.707713125845737423e-01 6.249153689911983722e-01
3.721244925575101226e-01 6.249153689911983722e-01
3.721244925575101226e-01 6.255924170616113944e-01
3.748308525033829386e-01 6.255924170616113944e-01
3.788903924221921349e-01 6.255924170616113944e-01
3.788903924221921349e-01 6.276235612728503499e-01
3.795669824086603250e-01 6.276235612728503499e-01
3.795669824086603250e-01 6.283006093432633721e-01
3.802435723951285707e-01 6.283006093432633721e-01
3.815967523680649509e-01 6.283006093432633721e-01
3.815967523680649509e-01 6.296547054840894164e-01
3.822733423545331410e-01 6.296547054840894164e-01
3.822733423545331410e-01 6.303317535545023276e-01
3.829499323410013312e-01 6.303317535545023276e-01
3.829499323410013312e-01 6.310088016249153497e-01
3.836265223274695768e-01 6.310088016249153497e-01
3.836265223274695768e-01 6.337169939065673274e-01
3.849797023004059571e-01 6.337169939065673274e-01
3.849797023004059571e-01 6.343940419769803496e-01
3.856562922868741472e-01 6.343940419769803496e-01
3.870094722598105275e-01 6.343940419769803496e-01
3.870094722598105275e-01 6.350710900473933718e-01
3.876860622462787731e-01 6.350710900473933718e-01
3.876860622462787731e-01 6.357481381178063939e-01
3.883626522327469632e-01 6.357481381178063939e-01
3.883626522327469632e-01 6.364251861882194161e-01
3.890392422192151534e-01 6.364251861882194161e-01
3.890392422192151534e-01 6.384563303994583716e-01
3.897158322056833435e-01 6.384563303994583716e-01
3.897158322056833435e-01 6.404874746106973271e-01
3.903924221921515336e-01 6.404874746106973271e-01
3.903924221921515336e-01 6.465809072444143046e-01
3.910690121786197793e-01 6.465809072444143046e-01
3.924221921515561595e-01 6.465809072444143046e-01
3.924221921515561595e-01 6.472579553148273268e-01
3.944519621109607854e-01 6.472579553148273268e-01
3.944519621109607854e-01 6.486120514556533712e-01
3.958051420838971657e-01 6.486120514556533712e-01
3.964817320703653558e-01 6.486120514556533712e-01
3.964817320703653558e-01 6.492890995260663933e-01
3.978349120433017361e-01 6.492890995260663933e-01
3.991880920162381718e-01 6.492890995260663933e-01
4.012178619756427422e-01 6.492890995260663933e-01
4.012178619756427422e-01 6.499661475964793045e-01
4.025710419485791780e-01 6.499661475964793045e-01
4.039242219215155583e-01 6.499661475964793045e-01
4.039242219215155583e-01 6.526743398781313932e-01
4.046008119079837484e-01 6.526743398781313932e-01
4.046008119079837484e-01 6.533513879485443043e-01
4.059539918809201842e-01 6.533513879485443043e-01
4.059539918809201842e-01 6.560595802301963930e-01
4.066305818673883743e-01 6.560595802301963930e-01
4.066305818673883743e-01 6.567366283006093042e-01
4.079837618403247546e-01 6.567366283006093042e-01
4.106901217861975706e-01 6.567366283006093042e-01
4.106901217861975706e-01 6.580907244414353485e-01
4.120433017591339508e-01 6.580907244414353485e-01
4.120433017591339508e-01 6.594448205822613929e-01
4.133964817320703866e-01 6.594448205822613929e-01
4.133964817320703866e-01 6.607989167230873262e-01
4.140730717185385767e-01 6.607989167230873262e-01
4.140730717185385767e-01 6.614759647935003484e-01
4.154262516914749570e-01 6.614759647935003484e-01
4.154262516914749570e-01 6.628300609343262817e-01
4.161028416779431471e-01 6.628300609343262817e-01
4.161028416779431471e-01 6.655382532159783704e-01
4.188092016238159632e-01 6.655382532159783704e-01
4.201623815967523434e-01 6.655382532159783704e-01
4.201623815967523434e-01 6.668923493568043037e-01
4.208389715832205891e-01 6.668923493568043037e-01
4.208389715832205891e-01 6.675693974272173259e-01
4.221921515561569693e-01 6.675693974272173259e-01
4.221921515561569693e-01 6.702775897088693036e-01
4.235453315290933496e-01 6.702775897088693036e-01
4.235453315290933496e-01 6.716316858496953479e-01
4.242219215155615952e-01 6.716316858496953479e-01
4.242219215155615952e-01 6.723087339201083701e-01
4.248985115020297854e-01 6.723087339201083701e-01
4.248985115020297854e-01 6.729857819905212812e-01
4.255751014884979755e-01 6.729857819905212812e-01
4.255751014884979755e-01 6.736628300609343034e-01
4.269282814614343557e-01 6.736628300609343034e-01
4.276048714479025459e-01 6.736628300609343034e-01
4.289580514208389816e-01 6.736628300609343034e-01
4.289580514208389816e-01 6.743398781313473256e-01
4.296346414073071718e-01 6.743398781313473256e-01
4.309878213802435520e-01 6.743398781313473256e-01
4.309878213802435520e-01 6.750169262017603478e-01
4.323410013531799878e-01 6.750169262017603478e-01
4.323410013531799878e-01 6.790792146242383698e-01
4.350473612990527483e-01 6.790792146242383698e-01
4.364005412719891841e-01 6.790792146242383698e-01
4.364005412719891841e-01 6.804333107650643031e-01
4.391069012178620001e-01 6.804333107650643031e-01
4.391069012178620001e-01 6.811103588354773253e-01
4.397834912043301903e-01 6.811103588354773253e-01
4.397834912043301903e-01 6.858496953283683695e-01
4.404600811907983804e-01 6.858496953283683695e-01
4.404600811907983804e-01 6.865267433987812806e-01
4.431664411366711964e-01 6.865267433987812806e-01
4.431664411366711964e-01 6.872037914691943028e-01
4.438430311231393866e-01 6.872037914691943028e-01
4.451962110960757668e-01 6.872037914691943028e-01
4.451962110960757668e-01 6.878808395396073250e-01
4.458728010825439569e-01 6.878808395396073250e-01
4.458728010825439569e-01 6.899119837508462805e-01
4.465493910690122026e-01 6.899119837508462805e-01
4.465493910690122026e-01 6.905890318212593026e-01
4.485791610284167730e-01 6.905890318212593026e-01
4.485791610284167730e-01 6.919431279620853470e-01
4.512855209742895890e-01 6.919431279620853470e-01
4.519621109607577791e-01 6.919431279620853470e-01
4.519621109607577791e-01 6.926201760324982581e-01
4.526387009472259693e-01 6.926201760324982581e-01
4.526387009472259693e-01 6.932972241029112803e-01
4.539918809201624050e-01 6.932972241029112803e-01
4.539918809201624050e-01 6.939742721733243025e-01
4.553450608930987853e-01 6.939742721733243025e-01
4.580514208389716013e-01 6.939742721733243025e-01
4.594046008119079816e-01 6.939742721733243025e-01
4.594046008119079816e-01 6.953283683141503468e-01
4.600811907983761717e-01 6.953283683141503468e-01
4.600811907983761717e-01 6.966824644549762802e-01
4.607577807848443618e-01 6.966824644549762802e-01
4.607577807848443618e-01 6.980365605958023245e-01
4.627875507442489877e-01 6.980365605958023245e-01
4.627875507442489877e-01 6.987136086662153467e-01
4.641407307171853680e-01 6.987136086662153467e-01
4.641407307171853680e-01 6.993906567366282578e-01
4.654939106901218038e-01 6.993906567366282578e-01
4.654939106901218038e-01 7.020988490182803465e-01
4.668470906630581840e-01 7.020988490182803465e-01
4.668470906630581840e-01 7.054840893703453464e-01
4.675236806495263742e-01 7.054840893703453464e-01
4.675236806495263742e-01 7.061611374407582575e-01
4.682002706359945643e-01 7.061611374407582575e-01
4.682002706359945643e-01 7.068381855111712797e-01
4.688768606224628099e-01 7.068381855111712797e-01
4.688768606224628099e-01 7.081922816519973241e-01
4.695534506089310001e-01 7.081922816519973241e-01
4.695534506089310001e-01 7.088693297224103462e-01
4.702300405953991902e-01 7.088693297224103462e-01
4.702300405953991902e-01 7.095463777928232574e-01
4.729364005412720062e-01 7.095463777928232574e-01
4.742895805142083865e-01 7.095463777928232574e-01
4.742895805142083865e-01 7.102234258632362796e-01
4.749661705006765766e-01 7.102234258632362796e-01
4.749661705006765766e-01 7.109004739336493017e-01
4.763193504736130124e-01 7.109004739336493017e-01
4.763193504736130124e-01 7.115775220040623239e-01
4.769959404600812025e-01 7.115775220040623239e-01
4.769959404600812025e-01 7.129316181448882572e-01
4.783491204330175828e-01 7.129316181448882572e-01
4.790257104194857729e-01 7.129316181448882572e-01
4.790257104194857729e-01 7.136086662153012794e-01
4.803788903924222087e-01 7.136086662153012794e-01
4.803788903924222087e-01 7.149627623561273237e-01
4.817320703653585889e-01 7.149627623561273237e-01
4.837618403247632148e-01 7.149627623561273237e-01
4.837618403247632148e-01 7.156398104265402349e-01
4.844384303112314050e-01 7.156398104265402349e-01
4.857916102841677852e-01 7.156398104265402349e-01
4.857916102841677852e-01 7.163168584969532571e-01
4.864682002706359754e-01 7.163168584969532571e-01
4.878213802435724111e-01 7.163168584969532571e-01
4.878213802435724111e-01 7.197020988490182569e-01
4.891745602165087914e-01 7.197020988490182569e-01
4.905277401894451716e-01 7.197020988490182569e-01
4.905277401894451716e-01 7.203791469194312791e-01
4.918809201623816074e-01 7.203791469194312791e-01
4.925575101488497975e-01 7.203791469194312791e-01
4.925575101488497975e-01 7.217332430602573234e-01
4.952638700947226136e-01 7.217332430602573234e-01
4.952638700947226136e-01 7.230873392010832568e-01
4.966170500676589938e-01 7.230873392010832568e-01
4.966170500676589938e-01 7.237643872714962789e-01
4.972936400541271840e-01 7.237643872714962789e-01
4.972936400541271840e-01 7.298578199052132565e-01
4.986468200270636197e-01 7.298578199052132565e-01
4.986468200270636197e-01 7.332430602572782563e-01
4.993234100135318099e-01 7.332430602572782563e-01
5.006765899864682456e-01 7.332430602572782563e-01
5.006765899864682456e-01 7.345971563981043007e-01
5.020297699594046259e-01 7.345971563981043007e-01
5.033829499323410062e-01 7.345971563981043007e-01
5.033829499323410062e-01 7.352742044685172118e-01
5.047361299052773864e-01 7.352742044685172118e-01
5.047361299052773864e-01 7.386594448205822117e-01
5.054127198917456321e-01 7.386594448205822117e-01
5.054127198917456321e-01 7.393364928909952338e-01
5.060893098782137667e-01 7.393364928909952338e-01
5.060893098782137667e-01 7.400135409614082560e-01
5.067658998646820123e-01 7.400135409614082560e-01
5.067658998646820123e-01 7.406905890318212782e-01
5.074424898511502580e-01 7.406905890318212782e-01
5.074424898511502580e-01 7.420446851726472115e-01
5.081190798376183926e-01 7.420446851726472115e-01
5.081190798376183926e-01 7.427217332430602337e-01
5.094722598105547728e-01 7.427217332430602337e-01
5.094722598105547728e-01 7.433987813134732558e-01
5.101488497970230185e-01 7.433987813134732558e-01
5.115020297699593987e-01 7.433987813134732558e-01
5.128552097428957790e-01 7.433987813134732558e-01
5.128552097428957790e-01 7.440758293838862780e-01
5.142083897158321593e-01 7.440758293838862780e-01
5.148849797023004049e-01 7.440758293838862780e-01
5.148849797023004049e-01 7.447528774542993002e-01
5.175913396481731654e-01 7.447528774542993002e-01
5.182679296346414111e-01 7.447528774542993002e-01
5.182679296346414111e-01 7.454299255247122113e-01
5.189445196211096567e-01 7.454299255247122113e-01
5.189445196211096567e-01 7.461069735951252335e-01
5.202976995940460370e-01 7.461069735951252335e-01
5.216508795669824172e-01 7.461069735951252335e-01
5.216508795669824172e-01 7.474610697359512779e-01
5.223274695534506629e-01 7.474610697359512779e-01
5.223274695534506629e-01 7.481381178063643000e-01
5.230040595399187975e-01 7.481381178063643000e-01
5.230040595399187975e-01 7.488151658767772112e-01
5.243572395128551777e-01 7.488151658767772112e-01
5.243572395128551777e-01 7.494922139471902334e-01
5.257104194857915580e-01 7.494922139471902334e-01
5.270635994587280493e-01 7.494922139471902334e-01
5.270635994587280493e-01 7.515233581584292999e-01
5.277401894451961839e-01 7.515233581584292999e-01
5.277401894451961839e-01 7.528774542992552332e-01
5.284167794316644295e-01 7.528774542992552332e-01
5.304465493910690554e-01 7.528774542992552332e-01
5.324763193504735703e-01 7.528774542992552332e-01
5.324763193504735703e-01 7.535545023696682554e-01
5.345060893098781962e-01 7.535545023696682554e-01
5.345060893098781962e-01 7.542315504400812776e-01
5.358592692828145765e-01 7.542315504400812776e-01
5.358592692828145765e-01 7.549085985104942997e-01
5.365358592692828221e-01 7.549085985104942997e-01
5.365358592692828221e-01 7.555856465809072109e-01
5.378890392422192024e-01 7.555856465809072109e-01
5.378890392422192024e-01 7.562626946513202331e-01
5.405953991880919629e-01 7.562626946513202331e-01
5.405953991880919629e-01 7.576167907921462774e-01
5.419485791610284542e-01 7.576167907921462774e-01
5.419485791610284542e-01 7.582938388625591886e-01
5.426251691474965888e-01 7.582938388625591886e-01
5.426251691474965888e-01 7.589708869329722107e-01
5.433017591339648344e-01 7.589708869329722107e-01
5.433017591339648344e-01 7.596479350033852329e-01
5.446549391069012147e-01 7.596479350033852329e-01
5.446549391069012147e-01 7.616790792146241884e-01
5.460081190798375950e-01 7.616790792146241884e-01
5.473612990527739752e-01 7.616790792146241884e-01
5.473612990527739752e-01 7.630331753554502328e-01
5.487144790257104665e-01 7.630331753554502328e-01
5.487144790257104665e-01 7.637102234258632549e-01
5.493910690121786011e-01 7.637102234258632549e-01
5.493910690121786011e-01 7.650643195666891883e-01
5.520974289580514727e-01 7.650643195666891883e-01
5.520974289580514727e-01 7.657413676371022104e-01
5.527740189445196073e-01 7.657413676371022104e-01
5.527740189445196073e-01 7.664184157075152326e-01
5.541271989174559875e-01 7.664184157075152326e-01
5.541271989174559875e-01 7.704807041299932546e-01
5.561569688768606134e-01 7.704807041299932546e-01
5.561569688768606134e-01 7.711577522004062768e-01
5.568335588633288591e-01 7.711577522004062768e-01
5.568335588633288591e-01 7.718348002708191880e-01
5.575101488497969937e-01 7.718348002708191880e-01
5.575101488497969937e-01 7.725118483412322101e-01
5.581867388362652393e-01 7.725118483412322101e-01
5.595399188092016196e-01 7.725118483412322101e-01
5.602165087956698653e-01 7.725118483412322101e-01
5.602165087956698653e-01 7.731888964116452323e-01
5.608930987821379999e-01 7.731888964116452323e-01
5.608930987821379999e-01 7.738659444820582545e-01
5.622462787550743801e-01 7.738659444820582545e-01
5.635994587280108714e-01 7.738659444820582545e-01
5.663058186738836319e-01 7.738659444820582545e-01
5.663058186738836319e-01 7.752200406228841878e-01
5.676589986468200122e-01 7.752200406228841878e-01
5.696887686062246381e-01 7.752200406228841878e-01
5.696887686062246381e-01 7.758970886932972100e-01
5.703653585926927727e-01 7.758970886932972100e-01
5.703653585926927727e-01 7.765741367637102321e-01
5.730717185385656443e-01 7.765741367637102321e-01
5.730717185385656443e-01 7.786052809749491876e-01
5.744248985115020245e-01 7.786052809749491876e-01
5.744248985115020245e-01 7.799593771157752320e-01
5.771312584573747850e-01 7.799593771157752320e-01
5.771312584573747850e-01 7.806364251861882542e-01
5.784844384303112763e-01 7.806364251861882542e-01
5.784844384303112763e-01 7.826675693974272097e-01
5.791610284167794109e-01 7.826675693974272097e-01
5.805142083897157912e-01 7.826675693974272097e-01
5.805142083897157912e-01 7.840216655382532540e-01
5.818673883626522825e-01 7.840216655382532540e-01
5.832205683355886627e-01 7.840216655382532540e-01
5.845737483085250430e-01 7.840216655382532540e-01
5.845737483085250430e-01 7.846987136086661652e-01
5.859269282814614233e-01 7.846987136086661652e-01
5.859269282814614233e-01 7.860528097494922095e-01
5.893098782138024294e-01 7.860528097494922095e-01
5.893098782138024294e-01 7.874069058903182539e-01
5.899864682002706751e-01 7.874069058903182539e-01
5.899864682002706751e-01 7.914691943127961649e-01
5.926928281461434356e-01 7.914691943127961649e-01
5.926928281461434356e-01 7.948544346648611647e-01
5.953991880920161961e-01 7.948544346648611647e-01
5.960757780784844417e-01 7.948544346648611647e-01
5.960757780784844417e-01 7.955314827352741869e-01
5.974289580514208220e-01 7.955314827352741869e-01
5.974289580514208220e-01 7.962085308056872091e-01
5.987821380243572023e-01 7.962085308056872091e-01
5.987821380243572023e-01 7.968855788761002312e-01
6.001353179972936935e-01 7.968855788761002312e-01
6.001353179972936935e-01 7.975626269465132534e-01
6.014884979702300738e-01 7.975626269465132534e-01
6.014884979702300738e-01 7.982396750169261646e-01
6.021650879566982084e-01 7.982396750169261646e-01
6.021650879566982084e-01 7.989167230873391867e-01
6.035182679296345887e-01 7.989167230873391867e-01
6.035182679296345887e-01 8.002708192281652311e-01
6.055480378890392146e-01 8.002708192281652311e-01
6.055480378890392146e-01 8.016249153689911644e-01
6.062246278755074602e-01 8.016249153689911644e-01
6.062246278755074602e-01 8.023019634394041866e-01
6.069012178619755948e-01 8.023019634394041866e-01
6.069012178619755948e-01 8.029790115098172087e-01
6.075778078484438405e-01 8.029790115098172087e-01
6.075778078484438405e-01 8.036560595802302309e-01
6.096075778078484664e-01 8.036560595802302309e-01
6.096075778078484664e-01 8.050101557210561642e-01
6.129905277401894725e-01 8.050101557210561642e-01
6.129905277401894725e-01 8.063642518618822086e-01
6.143437077131258528e-01 8.063642518618822086e-01
6.190798376184032392e-01 8.063642518618822086e-01
6.190798376184032392e-01 8.070412999322952308e-01
6.217861975642759997e-01 8.070412999322952308e-01
6.217861975642759997e-01 8.077183480027081419e-01
6.238159675236806256e-01 8.077183480027081419e-01
6.238159675236806256e-01 8.083953960731211641e-01
6.265223274695534972e-01 8.083953960731211641e-01
6.265223274695534972e-01 8.090724441435341863e-01
6.271989174560216318e-01 8.090724441435341863e-01
6.271989174560216318e-01 8.104265402843602306e-01
6.305818673883626380e-01 8.104265402843602306e-01
6.305818673883626380e-01 8.111035883547731418e-01
6.319350473612990182e-01 8.111035883547731418e-01
6.319350473612990182e-01 8.124576844955991861e-01
6.326116373477672639e-01 8.124576844955991861e-01
6.326116373477672639e-01 8.131347325660122083e-01
6.332882273342353985e-01 8.131347325660122083e-01
6.332882273342353985e-01 8.138117806364252305e-01
6.339648173207036441e-01 8.138117806364252305e-01
6.339648173207036441e-01 8.144888287068381416e-01
6.346414073071718898e-01 8.144888287068381416e-01
6.359945872801082700e-01 8.144888287068381416e-01
6.373477672530446503e-01 8.144888287068381416e-01
6.373477672530446503e-01 8.165199729180772081e-01
6.387009472259810305e-01 8.165199729180772081e-01
6.400541271989174108e-01 8.165199729180772081e-01
6.400541271989174108e-01 8.171970209884902303e-01
6.407307171853856564e-01 8.171970209884902303e-01
6.427604871447902823e-01 8.171970209884902303e-01
6.427604871447902823e-01 8.185511171293161636e-01
6.447902571041949082e-01 8.185511171293161636e-01
6.447902571041949082e-01 8.205822613405552302e-01
6.461434370771312885e-01 8.205822613405552302e-01
6.502029769959404293e-01 8.205822613405552302e-01
6.502029769959404293e-01 8.239675016926202300e-01
6.522327469553450552e-01 8.239675016926202300e-01
6.522327469553450552e-01 8.246445497630331412e-01
6.535859269282814354e-01 8.246445497630331412e-01
6.535859269282814354e-01 8.253215978334461633e-01
6.549391069012178157e-01 8.253215978334461633e-01
6.562922868741543070e-01 8.253215978334461633e-01
6.569688768606224416e-01 8.253215978334461633e-01
6.569688768606224416e-01 8.259986459038591855e-01
6.576454668470906872e-01 8.259986459038591855e-01
6.576454668470906872e-01 8.314150304671631408e-01
6.596752368064953131e-01 8.314150304671631408e-01
6.596752368064953131e-01 8.320920785375761630e-01
6.610284167794316934e-01 8.320920785375761630e-01
6.610284167794316934e-01 8.327691266079891852e-01
6.623815967523680737e-01 8.327691266079891852e-01
6.637347767253044539e-01 8.327691266079891852e-01
6.657645466847090798e-01 8.327691266079891852e-01
6.657645466847090798e-01 8.334461746784022074e-01
6.664411366711772144e-01 8.334461746784022074e-01
6.664411366711772144e-01 8.341232227488151185e-01
6.671177266576454601e-01 8.341232227488151185e-01
6.671177266576454601e-01 8.354773188896411629e-01
6.698240866035182206e-01 8.354773188896411629e-01
6.698240866035182206e-01 8.375084631008801184e-01
6.705006765899864662e-01 8.375084631008801184e-01
6.705006765899864662e-01 8.388625592417061627e-01
6.732070365358592268e-01 8.388625592417061627e-01
6.759133964817320983e-01 8.388625592417061627e-01
6.772665764546684786e-01 8.388625592417061627e-01
6.772665764546684786e-01 8.395396073121191849e-01
6.779431664411367242e-01 8.395396073121191849e-01
6.779431664411367242e-01 8.422477995937711626e-01
6.806495263870094847e-01 8.422477995937711626e-01
6.806495263870094847e-01 8.429248476641841847e-01
6.813261163734776193e-01 8.429248476641841847e-01
6.813261163734776193e-01 8.456330399458361624e-01
6.820027063599458650e-01 8.456330399458361624e-01
6.820027063599458650e-01 8.476641841570751179e-01
6.826792963464141106e-01 8.476641841570751179e-01
6.826792963464141106e-01 8.490182802979011623e-01
6.840324763193504909e-01 8.490182802979011623e-01
6.840324763193504909e-01 8.503723764387270956e-01
6.847090663058186255e-01 8.503723764387270956e-01
6.847090663058186255e-01 8.551117129316181398e-01
6.914749661705006378e-01 8.551117129316181398e-01
6.914749661705006378e-01 8.564658090724441841e-01
6.928281461434371291e-01 8.564658090724441841e-01
6.975642760487145155e-01 8.564658090724441841e-01
6.975642760487145155e-01 8.578199052132701175e-01
6.982408660351826502e-01 8.578199052132701175e-01
6.982408660351826502e-01 8.591740013540961618e-01
6.989174560216508958e-01 8.591740013540961618e-01
7.002706359945872761e-01 8.591740013540961618e-01
7.002706359945872761e-01 8.598510494245091840e-01
7.043301759133965279e-01 8.598510494245091840e-01
7.056833558863329081e-01 8.598510494245091840e-01
7.063599458728010427e-01 8.598510494245091840e-01
7.063599458728010427e-01 8.612051455653351173e-01
7.070365358592692884e-01 8.612051455653351173e-01
7.070365358592692884e-01 8.632362897765741838e-01
7.097428958051420489e-01 8.632362897765741838e-01
7.097428958051420489e-01 8.639133378469870950e-01
7.104194857916102945e-01 8.639133378469870950e-01
7.104194857916102945e-01 8.652674339878131393e-01
7.124492557510149204e-01 8.652674339878131393e-01
7.124492557510149204e-01 8.659444820582261615e-01
7.131258457374830551e-01 8.659444820582261615e-01
7.144790257104194353e-01 8.659444820582261615e-01
7.144790257104194353e-01 8.666215301286391837e-01
7.151556156968876810e-01 8.666215301286391837e-01
7.165087956698240612e-01 8.666215301286391837e-01
7.165087956698240612e-01 8.672985781990520948e-01
7.178619756427604415e-01 8.672985781990520948e-01
7.178619756427604415e-01 8.679756262694651170e-01
7.185385656292286871e-01 8.679756262694651170e-01
7.185385656292286871e-01 8.686526743398781392e-01
7.198917456021650674e-01 8.686526743398781392e-01
7.198917456021650674e-01 8.693297224102911613e-01
7.205683355886333130e-01 8.693297224102911613e-01
7.219215155615696933e-01 8.693297224102911613e-01
7.219215155615696933e-01 8.727149627623561612e-01
7.225981055480379389e-01 8.727149627623561612e-01
7.225981055480379389e-01 8.733920108327690723e-01
7.253044654939106994e-01 8.733920108327690723e-01
7.253044654939106994e-01 8.740690589031820945e-01
7.266576454668470797e-01 8.740690589031820945e-01
7.266576454668470797e-01 8.747461069735951167e-01
7.273342354533153253e-01 8.747461069735951167e-01
7.273342354533153253e-01 8.754231550440081389e-01
7.280108254397834600e-01 8.754231550440081389e-01
7.293640054127198402e-01 8.754231550440081389e-01
7.300405953991880859e-01 8.754231550440081389e-01
7.300405953991880859e-01 8.774542992552470944e-01
7.307171853856563315e-01 8.774542992552470944e-01
7.307171853856563315e-01 8.788083953960731387e-01
7.320703653585927118e-01 8.788083953960731387e-01
7.320703653585927118e-01 8.794854434664861609e-01
7.327469553450608464e-01 8.794854434664861609e-01
7.327469553450608464e-01 8.801624915368990720e-01
7.334235453315290920e-01 8.801624915368990720e-01
7.334235453315290920e-01 8.808395396073120942e-01
7.347767253044654723e-01 8.808395396073120942e-01
7.347767253044654723e-01 8.821936357481381386e-01
7.374830852503383438e-01 8.821936357481381386e-01
7.374830852503383438e-01 8.828706838185511607e-01
7.395128552097428587e-01 8.828706838185511607e-01
7.395128552097428587e-01 8.862559241706161606e-01
7.401894451962111043e-01 8.862559241706161606e-01
7.401894451962111043e-01 8.869329722410290717e-01
7.415426251691474846e-01 8.869329722410290717e-01
7.415426251691474846e-01 8.876100203114420939e-01
7.428958051420838649e-01 8.876100203114420939e-01
7.435723951285521105e-01 8.876100203114420939e-01
7.435723951285521105e-01 8.882870683818551161e-01
7.442489851150202451e-01 8.882870683818551161e-01
7.442489851150202451e-01 8.896411645226811604e-01
7.449255751014884908e-01 8.896411645226811604e-01
7.449255751014884908e-01 8.909952606635070937e-01
7.469553450608931167e-01 8.909952606635070937e-01
7.496617050067658772e-01 8.909952606635070937e-01
7.503382949932341228e-01 8.909952606635070937e-01
7.503382949932341228e-01 8.923493568043331381e-01
7.510148849797022574e-01 8.923493568043331381e-01
7.537212449255751290e-01 8.923493568043331381e-01
7.543978349120432636e-01 8.923493568043331381e-01
7.543978349120432636e-01 8.937034529451590714e-01
7.557510148849797549e-01 8.937034529451590714e-01
7.557510148849797549e-01 8.943805010155720936e-01
7.564276048714478895e-01 8.943805010155720936e-01
7.564276048714478895e-01 8.950575490859851158e-01
7.591339648173206500e-01 8.950575490859851158e-01
7.591339648173206500e-01 8.957345971563981379e-01
7.598105548037888957e-01 8.957345971563981379e-01
7.598105548037888957e-01 8.964116452268110491e-01
7.604871447902571413e-01 8.964116452268110491e-01
7.604871447902571413e-01 8.970886932972240713e-01
7.618403247631935216e-01 8.970886932972240713e-01
7.618403247631935216e-01 9.004739336492890711e-01
7.631935047361299018e-01 9.004739336492890711e-01
7.665764546684709080e-01 9.004739336492890711e-01
7.665764546684709080e-01 9.011509817197020933e-01
7.672530446549391536e-01 9.011509817197020933e-01
7.672530446549391536e-01 9.018280297901151155e-01
7.686062246278755339e-01 9.018280297901151155e-01
7.706359945872801598e-01 9.018280297901151155e-01
7.713125845737482944e-01 9.018280297901151155e-01
7.713125845737482944e-01 9.038591740013540710e-01
7.726657645466846747e-01 9.038591740013540710e-01
7.733423545331529203e-01 9.038591740013540710e-01
7.733423545331529203e-01 9.058903182125931375e-01
7.753721244925575462e-01 9.058903182125931375e-01
7.753721244925575462e-01 9.065673662830060486e-01
7.774018944519620611e-01 9.065673662830060486e-01
7.787550744248985524e-01 9.065673662830060486e-01
7.787550744248985524e-01 9.072444143534190708e-01
7.794316644113666870e-01 9.072444143534190708e-01
7.794316644113666870e-01 9.092755585646581373e-01
7.814614343707713129e-01 9.092755585646581373e-01
7.814614343707713129e-01 9.099526066350710485e-01
7.821380243572395585e-01 9.099526066350710485e-01
7.848443843031123190e-01 9.099526066350710485e-01
7.848443843031123190e-01 9.113067027758970928e-01
7.855209742895805647e-01 9.113067027758970928e-01
7.868741542625169449e-01 9.113067027758970928e-01
7.875507442489850796e-01 9.113067027758970928e-01
7.929634641407307116e-01 9.113067027758970928e-01
7.929634641407307116e-01 9.119837508463101150e-01
7.943166441136670919e-01 9.119837508463101150e-01
7.943166441136670919e-01 9.140148950575490705e-01
7.949932341001353375e-01 9.140148950575490705e-01
7.949932341001353375e-01 9.146919431279620927e-01
7.963464140730717178e-01 9.146919431279620927e-01
7.963464140730717178e-01 9.153689911983751148e-01
7.970230040595399634e-01 9.153689911983751148e-01
7.983761840324763437e-01 9.153689911983751148e-01
7.997293640054127239e-01 9.153689911983751148e-01
8.010825439783491042e-01 9.153689911983751148e-01
8.017591339648173498e-01 9.153689911983751148e-01
8.031123139377537301e-01 9.153689911983751148e-01
8.031123139377537301e-01 9.187542315504401147e-01
8.037889039242219757e-01 9.187542315504401147e-01
8.037889039242219757e-01 9.194312796208530258e-01
8.051420838971583560e-01 9.194312796208530258e-01
8.064952638700947363e-01 9.194312796208530258e-01
8.092016238159674968e-01 9.194312796208530258e-01
8.092016238159674968e-01 9.201083276912660480e-01
8.105548037889038770e-01 9.201083276912660480e-01
8.105548037889038770e-01 9.214624238320920924e-01
8.112313937753721227e-01 9.214624238320920924e-01
8.112313937753721227e-01 9.228165199729180257e-01
8.125845737483085029e-01 9.228165199729180257e-01
8.125845737483085029e-01 9.255247122545701144e-01
8.132611637347767486e-01 9.255247122545701144e-01
8.132611637347767486e-01 9.268788083953960477e-01
8.146143437077131289e-01 9.268788083953960477e-01
8.159675236806495091e-01 9.268788083953960477e-01
8.166441136671177548e-01 9.268788083953960477e-01
8.179972936400541350e-01 9.268788083953960477e-01
8.186738836265223807e-01 9.268788083953960477e-01
8.186738836265223807e-01 9.282329045362220921e-01
8.193504736129905153e-01 9.282329045362220921e-01
8.207036535859268955e-01 9.282329045362220921e-01
8.207036535859268955e-01 9.289099526066351142e-01
8.220568335588632758e-01 9.289099526066351142e-01
8.220568335588632758e-01 9.295870006770480254e-01
8.227334235453315214e-01 9.295870006770480254e-01
8.227334235453315214e-01 9.302640487474610476e-01
8.234100135317997671e-01 9.302640487474610476e-01
8.234100135317997671e-01 9.316181448882870919e-01
8.240866035182679017e-01 9.316181448882870919e-01
8.254397834912042820e-01 9.316181448882870919e-01
8.274695534506089079e-01 9.316181448882870919e-01
8.274695534506089079e-01 9.322951929587001141e-01
8.294993234100135338e-01 9.322951929587001141e-01
8.294993234100135338e-01 9.336492890995260474e-01
8.308525033829499140e-01 9.336492890995260474e-01
8.315290933694181597e-01 9.336492890995260474e-01
8.315290933694181597e-01 9.343263371699390696e-01
8.328822733423545399e-01 9.343263371699390696e-01
8.328822733423545399e-01 9.350033852403520918e-01
8.335588633288227856e-01 9.350033852403520918e-01
8.335588633288227856e-01 9.356804333107651139e-01
8.349120433017591658e-01 9.356804333107651139e-01
8.362652232746955461e-01 9.356804333107651139e-01
8.396481732070365522e-01 9.356804333107651139e-01
8.396481732070365522e-01 9.363574813811780251e-01
8.403247631935046869e-01 9.363574813811780251e-01
8.403247631935046869e-01 9.370345294515910473e-01
8.423545331529093128e-01 9.370345294515910473e-01
8.423545331529093128e-01 9.377115775220040694e-01
8.437077131258456930e-01 9.377115775220040694e-01
8.437077131258456930e-01 9.383886255924170916e-01
8.450608930987821843e-01 9.383886255924170916e-01
8.457374830852503189e-01 9.383886255924170916e-01
8.457374830852503189e-01 9.390656736628301138e-01
8.464140730717185646e-01 9.390656736628301138e-01
8.464140730717185646e-01 9.397427217332430249e-01
8.477672530446549448e-01 9.397427217332430249e-01
8.484438430311231905e-01 9.397427217332430249e-01
8.504736129905277053e-01 9.397427217332430249e-01
8.518267929634640856e-01 9.397427217332430249e-01
8.552097428958050918e-01 9.397427217332430249e-01
8.565629228687415830e-01 9.397427217332430249e-01
8.572395128552097177e-01 9.397427217332430249e-01
8.585926928281460979e-01 9.397427217332430249e-01
8.599458728010825892e-01 9.397427217332430249e-01
8.599458728010825892e-01 9.404197698036560471e-01
8.612990527740189695e-01 9.404197698036560471e-01
8.626522327469553497e-01 9.404197698036560471e-01
8.626522327469553497e-01 9.410968178740690693e-01
8.646820027063599756e-01 9.410968178740690693e-01
8.646820027063599756e-01 9.417738659444820915e-01
8.660351826792963559e-01 9.417738659444820915e-01
8.667117726657646015e-01 9.417738659444820915e-01
8.667117726657646015e-01 9.424509140148950026e-01
8.673883626522327361e-01 9.424509140148950026e-01
8.673883626522327361e-01 9.431279620853080248e-01
8.680649526387009818e-01 9.431279620853080248e-01
8.694181326116373620e-01 9.431279620853080248e-01
8.700947225981054967e-01 9.431279620853080248e-01
8.700947225981054967e-01 9.438050101557210469e-01
8.707713125845737423e-01 9.438050101557210469e-01
8.721244925575101226e-01 9.438050101557210469e-01
8.721244925575101226e-01 9.444820582261340691e-01
8.734776725304465028e-01 9.444820582261340691e-01
8.734776725304465028e-01 9.451591062965470913e-01
8.741542625169147485e-01 9.451591062965470913e-01
8.741542625169147485e-01 9.458361543669600024e-01
8.755074424898511287e-01 9.458361543669600024e-01
8.782138024357240003e-01 9.458361543669600024e-01
8.802435723951285151e-01 9.458361543669600024e-01
8.849797023004059016e-01 9.458361543669600024e-01
8.849797023004059016e-01 9.478672985781990690e-01
8.863328822733423928e-01 9.478672985781990690e-01
8.863328822733423928e-01 9.492213947190250023e-01
8.876860622462787731e-01 9.492213947190250023e-01
8.890392422192151534e-01 9.492213947190250023e-01
8.897158322056833990e-01 9.492213947190250023e-01
8.897158322056833990e-01 9.498984427894380245e-01
8.903924221921515336e-01 9.498984427894380245e-01
8.903924221921515336e-01 9.505754908598510466e-01
8.917456021650879139e-01 9.505754908598510466e-01
8.917456021650879139e-01 9.512525389302640688e-01
8.930987821380244052e-01 9.512525389302640688e-01
8.930987821380244052e-01 9.526066350710900021e-01
8.951285520974289200e-01 9.526066350710900021e-01
8.951285520974289200e-01 9.532836831415030243e-01
8.964817320703654113e-01 9.532836831415030243e-01
8.964817320703654113e-01 9.539607312119160465e-01
8.978349120433017916e-01 9.539607312119160465e-01
8.978349120433017916e-01 9.546377792823290687e-01
8.991880920162381718e-01 9.546377792823290687e-01
8.991880920162381718e-01 9.553148273527420908e-01
8.998646820027063065e-01 9.553148273527420908e-01
9.018944519621109324e-01 9.553148273527420908e-01
9.025710419485791780e-01 9.553148273527420908e-01
9.025710419485791780e-01 9.580230196343940685e-01
9.039242219215155583e-01 9.580230196343940685e-01
9.039242219215155583e-01 9.587000677048070907e-01
9.052774018944519385e-01 9.587000677048070907e-01
9.052774018944519385e-01 9.620853080568720905e-01
9.059539918809201842e-01 9.620853080568720905e-01
9.059539918809201842e-01 9.627623561272850017e-01
9.066305818673883188e-01 9.627623561272850017e-01
9.079837618403248101e-01 9.627623561272850017e-01
9.079837618403248101e-01 9.641164522681110460e-01
9.093369418132611903e-01 9.641164522681110460e-01
9.093369418132611903e-01 9.647935003385240682e-01
9.100135317997293249e-01 9.647935003385240682e-01
9.100135317997293249e-01 9.661475964793500015e-01
9.106901217861975706e-01 9.661475964793500015e-01
9.106901217861975706e-01 9.702098849018280236e-01
9.120433017591339508e-01 9.702098849018280236e-01
9.120433017591339508e-01 9.708869329722410457e-01
9.127198917456021965e-01 9.708869329722410457e-01
9.127198917456021965e-01 9.722410291130669791e-01
9.140730717185385767e-01 9.722410291130669791e-01
9.140730717185385767e-01 9.729180771834800012e-01
9.161028416779432026e-01 9.729180771834800012e-01
9.174560216508795829e-01 9.729180771834800012e-01
9.174560216508795829e-01 9.735951252538930234e-01
9.194857916102842088e-01 9.735951252538930234e-01
9.194857916102842088e-01 9.742721733243060456e-01
9.228687415426252150e-01 9.742721733243060456e-01
9.228687415426252150e-01 9.756262694651319789e-01
9.269282814614343557e-01 9.756262694651319789e-01
9.269282814614343557e-01 9.763033175355450011e-01
9.276048714479026014e-01 9.763033175355450011e-01
9.296346414073072273e-01 9.763033175355450011e-01
9.296346414073072273e-01 9.776574136763710454e-01
9.303112313937753619e-01 9.776574136763710454e-01
9.303112313937753619e-01 9.796885578876100009e-01
9.309878213802436075e-01 9.796885578876100009e-01
9.309878213802436075e-01 9.817197020988490674e-01
9.330175913396481224e-01 9.817197020988490674e-01
9.343707713125846137e-01 9.817197020988490674e-01
9.343707713125846137e-01 9.830737982396750008e-01
9.357239512855209940e-01 9.830737982396750008e-01
9.384303112313937545e-01 9.830737982396750008e-01
9.384303112313937545e-01 9.837508463100880229e-01
9.411366711772666260e-01 9.837508463100880229e-01
9.424898511502030063e-01 9.837508463100880229e-01
9.424898511502030063e-01 9.844278943805010451e-01
9.465493910690121471e-01 9.844278943805010451e-01
9.465493910690121471e-01 9.851049424509140673e-01
9.492557510148850186e-01 9.851049424509140673e-01
9.512855209742895335e-01 9.851049424509140673e-01
9.512855209742895335e-01 9.857819905213269784e-01
9.526387009472260248e-01 9.857819905213269784e-01
9.526387009472260248e-01 9.864590385917400006e-01
9.539918809201624050e-01 9.864590385917400006e-01
9.539918809201624050e-01 9.878131347325660450e-01
9.546684709066305397e-01 9.878131347325660450e-01
9.546684709066305397e-01 9.884901828029789561e-01
9.553450608930987853e-01 9.884901828029789561e-01
9.566982408660351656e-01 9.884901828029789561e-01
9.580514208389715458e-01 9.884901828029789561e-01
9.580514208389715458e-01 9.891672308733919783e-01
9.594046008119080371e-01 9.891672308733919783e-01
9.600811907983761717e-01 9.891672308733919783e-01
9.600811907983761717e-01 9.898442789438050005e-01
9.614343707713125520e-01 9.898442789438050005e-01
9.621109607577807976e-01 9.898442789438050005e-01
9.621109607577807976e-01 9.905213270142180226e-01
9.627875507442489322e-01 9.905213270142180226e-01
9.627875507442489322e-01 9.952606635071089558e-01
9.634641407307171779e-01 9.952606635071089558e-01
9.654939106901218038e-01 9.952606635071089558e-01
9.668470906630581840e-01 9.952606635071089558e-01
9.675236806495264297e-01 9.952606635071089558e-01
9.688768606224628099e-01 9.952606635071089558e-01
9.709066305818674358e-01 9.952606635071089558e-01
9.709066305818674358e-01 9.959377115775219780e-01
9.729364005412719507e-01 9.959377115775219780e-01
9.729364005412719507e-01 9.966147596479350002e-01
9.742895805142084420e-01 9.966147596479350002e-01
9.756427604871448223e-01 9.966147596479350002e-01
9.756427604871448223e-01 9.972918077183480223e-01
9.769959404600812025e-01 9.972918077183480223e-01
9.783491204330175828e-01 9.972918077183480223e-01
9.783491204330175828e-01 9.979688557887610445e-01
9.803788903924222087e-01 9.979688557887610445e-01
9.837618403247632148e-01 9.979688557887610445e-01
9.837618403247632148e-01 9.986459038591739557e-01
9.851150202976995951e-01 9.986459038591739557e-01
9.864682002706359754e-01 9.986459038591739557e-01
9.878213802435723556e-01 9.986459038591739557e-01
9.878213802435723556e-01 1.000000000000000000e+00
9.891745602165088469e-01 1.000000000000000000e+00
9.966170500676589938e-01 1.000000000000000000e+00
9.979702300405953741e-01 1.000000000000000000e+00
9.986468200270636197e-01 1.000000000000000000e+00
1.000000000000000000e+00 1.000000000000000000e+00
