# auc=0.532
# acc=0.517
0.000000000000000000e+00 0.000000000000000000e+00
6.765899864682003214e-04 0.000000000000000000e+00
6.765899864682003214e-04 2.708192281651997189e-03
2.029769959404600747e-03 2.708192281651997189e-03
2.029769959404600747e-03 3.385240352064996811e-03
2.706359945872801286e-03 3.385240352064996811e-03
2.706359945872801286e-03 4.062288422477996000e-03
3.382949932341001390e-03 4.062288422477996000e-03
3.382949932341001390e-03 4.739336492890995622e-03
6.089309878213802242e-03 4.739336492890995622e-03
6.089309878213802242e-03 5.416384563303994377e-03
6.765899864682002780e-03 5.416384563303994377e-03
6.765899864682002780e-03 6.093432633716994000e-03
7.442489851150203319e-03 6.093432633716994000e-03
7.442489851150203319e-03 7.447528774542992377e-03
8.119079837618402989e-03 7.447528774542992377e-03
8.119079837618402989e-03 8.124576844955992000e-03
8.795669824086603528e-03 8.124576844955992000e-03
8.795669824086603528e-03 9.478672985781991245e-03
1.150202976995940395e-02 9.478672985781991245e-03
1.150202976995940395e-02 1.015572105619498913e-02
1.285520974289580502e-02 1.015572105619498913e-02
1.285520974289580502e-02 1.083276912660798875e-02
1.353179972936400556e-02 1.083276912660798875e-02
1.353179972936400556e-02 1.624915368991198400e-02
1.488497970230040664e-02 1.624915368991198400e-02
1.488497970230040664e-02 1.692620176032498189e-02
1.623815967523680598e-02 1.692620176032498189e-02
1.691474966170500652e-02 1.692620176032498189e-02
1.691474966170500652e-02 2.437373053486797600e-02
2.097428958051420975e-02 2.437373053486797600e-02
2.097428958051420975e-02 2.572782667569397524e-02
2.165087956698241028e-02 2.572782667569397524e-02
2.165087956698241028e-02 2.640487474610697313e-02
2.232746955345060735e-02 2.640487474610697313e-02
2.232746955345060735e-02 2.708192281651997449e-02
2.300405953991880789e-02 2.708192281651997449e-02
2.300405953991880789e-02 2.843601895734597026e-02
2.435723951285520897e-02 2.843601895734597026e-02
2.571041948579161004e-02 2.843601895734597026e-02
2.571041948579161004e-02 3.046716316858497087e-02
2.638700947225981058e-02 3.046716316858497087e-02
2.638700947225981058e-02 3.249830737982396800e-02
2.706359945872801112e-02 3.249830737982396800e-02
2.706359945872801112e-02 3.317535545023696936e-02
2.774018944519621166e-02 3.317535545023696936e-02
2.909336941813261274e-02 3.317535545023696936e-02
2.909336941813261274e-02 3.385240352064996378e-02
2.976995940460081327e-02 3.385240352064996378e-02
2.976995940460081327e-02 3.452945159106296513e-02
3.044654939106901381e-02 3.452945159106296513e-02
3.044654939106901381e-02 3.520649966147596649e-02
3.247631935047361196e-02 3.520649966147596649e-02
3.247631935047361196e-02 3.588354773188896091e-02
3.382949932341001303e-02 3.588354773188896091e-02
3.382949932341001303e-02 3.656059580230196226e-02
3.450608930987821704e-02 3.656059580230196226e-02
3.450608930987821704e-02 3.926878808395396075e-02
3.518267929634641411e-02 3.926878808395396075e-02
3.518267929634641411e-02 4.129993229519295789e-02
3.653585926928281519e-02 4.129993229519295789e-02
3.653585926928281519e-02 4.400812457684495638e-02
3.788903924221921626e-02 4.400812457684495638e-02
3.788903924221921626e-02 4.536222071767095215e-02
3.924221921515561734e-02 4.536222071767095215e-02
3.924221921515561734e-02 4.739336492890994929e-02
3.991880920162381441e-02 4.739336492890994929e-02
3.991880920162381441e-02 4.874746106973595200e-02
4.059539918809201842e-02 4.874746106973595200e-02
4.059539918809201842e-02 5.077860528097494913e-02
4.127198917456021549e-02 5.077860528097494913e-02
4.127198917456021549e-02 5.145565335138795049e-02
4.262516914749661656e-02 5.145565335138795049e-02
4.330175913396482057e-02 5.145565335138795049e-02
4.330175913396482057e-02 5.213270142180094491e-02
4.397834912043301764e-02 5.213270142180094491e-02
4.397834912043301764e-02 5.280974949221394626e-02
4.736129905277401686e-02 5.280974949221394626e-02
4.736129905277401686e-02 5.348679756262694762e-02
4.803788903924222087e-02 5.348679756262694762e-02
4.803788903924222087e-02 5.416384563303994898e-02
5.142083897158322009e-02 5.416384563303994898e-02
5.142083897158322009e-02 5.484089370345294340e-02
5.277401894451962117e-02 5.484089370345294340e-02
5.277401894451962117e-02 5.619498984427894611e-02
5.345060893098781823e-02 5.619498984427894611e-02
5.480378890392421931e-02 5.619498984427894611e-02
5.480378890392421931e-02 6.161137440758293615e-02
5.615696887686062039e-02 6.161137440758293615e-02
5.615696887686062039e-02 6.364251861882193329e-02
5.818673883626522547e-02 6.364251861882193329e-02
5.818673883626522547e-02 6.499661475964793600e-02
5.953991880920162655e-02 6.499661475964793600e-02
6.156968876860622469e-02 6.499661475964793600e-02
6.156968876860622469e-02 6.838185511171293585e-02
6.292286874154262577e-02 6.838185511171293585e-02
6.359945872801082978e-02 6.838185511171293585e-02
6.359945872801082978e-02 7.515233581584292166e-02
6.562922868741542792e-02 7.515233581584292166e-02
6.562922868741542792e-02 7.582938388625592996e-02
6.698240866035182206e-02 7.582938388625592996e-02
6.698240866035182206e-02 7.650643195666892438e-02
6.765899864682002607e-02 7.650643195666892438e-02
6.765899864682002607e-02 7.718348002708191880e-02
6.833558863328823008e-02 7.718348002708191880e-02
6.833558863328823008e-02 7.853757616790792151e-02
6.901217861975643408e-02 7.853757616790792151e-02
6.901217861975643408e-02 8.124576844955991306e-02
7.036535859269282822e-02 8.124576844955991306e-02
7.036535859269282822e-02 8.733920108327691834e-02
7.104194857916103223e-02 8.733920108327691834e-02
7.239512855209742637e-02 8.733920108327691834e-02
7.307171853856563037e-02 8.733920108327691834e-02
7.307171853856563037e-02 8.937034529451591547e-02
7.374830852503383438e-02 8.937034529451591547e-02
7.510148849797022852e-02 8.937034529451591547e-02
7.577807848443843253e-02 8.937034529451591547e-02
7.577807848443843253e-02 9.004739336492890989e-02
7.780784844384303067e-02 9.004739336492890989e-02
7.916102841677942481e-02 9.004739336492890989e-02
7.916102841677942481e-02 9.207853757616790702e-02
7.983761840324762882e-02 9.207853757616790702e-02
7.983761840324762882e-02 9.343263371699390973e-02
8.051420838971583283e-02 9.343263371699390973e-02
8.051420838971583283e-02 9.478672985781989857e-02
8.119079837618403683e-02 9.478672985781989857e-02
8.119079837618403683e-02 9.817197020988489842e-02
8.254397834912043097e-02 9.817197020988489842e-02
8.254397834912043097e-02 1.015572105619498983e-01
8.322056833558863498e-02 1.015572105619498983e-01
8.322056833558863498e-02 1.049424509140148981e-01
8.457374830852502912e-02 1.049424509140148981e-01
8.457374830852502912e-02 1.076506431956668897e-01
8.592692828146143713e-02 1.076506431956668897e-01
8.592692828146143713e-02 1.083276912660798980e-01
8.795669824086603528e-02 1.083276912660798980e-01
8.795669824086603528e-02 1.096817874069058868e-01
8.930987821380242941e-02 1.096817874069058868e-01
8.998646820027063342e-02 1.103588354773188951e-01
8.998646820027063342e-02 1.110358835477318895e-01
9.066305818673883743e-02 1.110358835477318895e-01
9.066305818673883743e-02 1.117129316181448839e-01
9.133964817320704144e-02 1.117129316181448839e-01
9.133964817320704144e-02 1.130670277589708866e-01
9.269282814614343557e-02 1.130670277589708866e-01
9.269282814614343557e-02 1.157752200406228782e-01
9.472259810554803372e-02 1.157752200406228782e-01
9.472259810554803372e-02 1.164522681110358865e-01
9.539918809201623773e-02 1.164522681110358865e-01
9.675236806495263187e-02 1.164522681110358865e-01
9.742895805142083587e-02 1.164522681110358865e-01
9.742895805142083587e-02 1.191604603926878780e-01
1.008119079837618420e-01 1.191604603926878780e-01
1.008119079837618420e-01 1.198375084631008863e-01
1.035182679296346442e-01 1.198375084631008863e-01
1.035182679296346442e-01 1.211916046039268752e-01
1.041948579161028482e-01 1.211916046039268752e-01
1.041948579161028482e-01 1.232227488151658723e-01
1.048714479025710383e-01 1.232227488151658723e-01
1.048714479025710383e-01 1.272850372376438666e-01
1.062246278755074463e-01 1.272850372376438666e-01
1.082543978349120445e-01 1.272850372376438666e-01
1.082543978349120445e-01 1.286391333784698832e-01
1.089309878213802485e-01 1.286391333784698832e-01
1.089309878213802485e-01 1.293161814488828776e-01
1.096075778078484386e-01 1.293161814488828776e-01
1.096075778078484386e-01 1.313473256601218608e-01
1.123139377537212408e-01 1.313473256601218608e-01
1.123139377537212408e-01 1.320243737305348553e-01
1.129905277401894448e-01 1.320243737305348553e-01
1.129905277401894448e-01 1.327014218009478774e-01
1.136671177266576488e-01 1.327014218009478774e-01
1.136671177266576488e-01 1.333784698713608718e-01
1.150202976995940429e-01 1.333784698713608718e-01
1.150202976995940429e-01 1.347325660121868607e-01
1.156968876860622469e-01 1.347325660121868607e-01
1.156968876860622469e-01 1.360866621530128773e-01
1.163734776725304509e-01 1.360866621530128773e-01
1.190798376184032531e-01 1.360866621530128773e-01
1.190798376184032531e-01 1.401489505754908715e-01
1.204330175913396472e-01 1.401489505754908715e-01
1.204330175913396472e-01 1.415030467163168604e-01
1.217861975642760552e-01 1.415030467163168604e-01
1.217861975642760552e-01 1.428571428571428492e-01
1.231393775372124494e-01 1.428571428571428492e-01
1.231393775372124494e-01 1.442112389979688658e-01
1.258457374830852515e-01 1.442112389979688658e-01
1.258457374830852515e-01 1.448882870683818602e-01
1.278755074424898497e-01 1.448882870683818602e-01
1.299052774018944478e-01 1.448882870683818602e-01
1.299052774018944478e-01 1.462423832092078491e-01
1.319350473612990460e-01 1.462423832092078491e-01
1.319350473612990460e-01 1.482735274204468601e-01
1.339648173207036441e-01 1.482735274204468601e-01
1.339648173207036441e-01 1.496276235612728489e-01
1.346414073071718620e-01 1.496276235612728489e-01
1.346414073071718620e-01 1.503046716316858433e-01
1.359945872801082423e-01 1.503046716316858433e-01
1.366711772665764602e-01 1.503046716316858433e-01
1.366711772665764602e-01 1.516587677725118599e-01
1.373477672530446503e-01 1.516587677725118599e-01
1.373477672530446503e-01 1.550440081245768320e-01
1.380243572395128682e-01 1.550440081245768320e-01
1.380243572395128682e-01 1.557210561949898542e-01
1.393775372124492484e-01 1.557210561949898542e-01
1.393775372124492484e-01 1.570751523358158430e-01
1.400541271989174663e-01 1.570751523358158430e-01
1.400541271989174663e-01 1.577522004062288374e-01
1.414073071718538466e-01 1.577522004062288374e-01
1.414073071718538466e-01 1.591062965470548540e-01
1.427604871447902546e-01 1.591062965470548540e-01
1.441136671177266626e-01 1.591062965470548540e-01
1.441136671177266626e-01 1.597833446174678484e-01
1.447902571041948527e-01 1.597833446174678484e-01
1.447902571041948527e-01 1.604603926878808429e-01
1.461434370771312607e-01 1.604603926878808429e-01
1.461434370771312607e-01 1.618144888287068317e-01
1.481732070365358589e-01 1.618144888287068317e-01
1.481732070365358589e-01 1.624915368991198261e-01
1.522327469553450552e-01 1.624915368991198261e-01
1.542625169147496533e-01 1.624915368991198261e-01
1.542625169147496533e-01 1.631685849695328483e-01
1.549391069012178712e-01 1.631685849695328483e-01
1.549391069012178712e-01 1.638456330399458427e-01
1.562922868741542515e-01 1.638456330399458427e-01
1.569688768606224694e-01 1.638456330399458427e-01
1.569688768606224694e-01 1.672308733920108426e-01
1.583220568335588496e-01 1.672308733920108426e-01
1.583220568335588496e-01 1.685849695328368314e-01
1.589986468200270675e-01 1.685849695328368314e-01
1.589986468200270675e-01 1.719702098849018312e-01
1.596752368064952576e-01 1.719702098849018312e-01
1.596752368064952576e-01 1.726472579553148257e-01
1.610284167794316657e-01 1.726472579553148257e-01
1.617050067658998558e-01 1.726472579553148257e-01
1.617050067658998558e-01 1.733243060257278201e-01
1.637347767253044539e-01 1.733243060257278201e-01
1.650879566982408619e-01 1.733243060257278201e-01
1.677943166441136780e-01 1.733243060257278201e-01
1.677943166441136780e-01 1.740013540961408145e-01
1.691474966170500582e-01 1.740013540961408145e-01
1.691474966170500582e-01 1.746784021665538367e-01
1.705006765899864662e-01 1.746784021665538367e-01
1.711772665764546564e-01 1.746784021665538367e-01
1.711772665764546564e-01 1.753554502369668311e-01
1.718538565629228743e-01 1.753554502369668311e-01
1.718538565629228743e-01 1.767095463777928199e-01
1.725304465493910644e-01 1.767095463777928199e-01
1.725304465493910644e-01 1.800947867298578198e-01
1.738836265223274724e-01 1.800947867298578198e-01
1.745602165087956625e-01 1.800947867298578198e-01
1.759133964817320706e-01 1.800947867298578198e-01
1.765899864682002607e-01 1.800947867298578198e-01
1.765899864682002607e-01 1.828029790115098252e-01
1.772665764546684786e-01 1.828029790115098252e-01
1.772665764546684786e-01 1.855111712931618029e-01
1.779431664411366687e-01 1.855111712931618029e-01
1.779431664411366687e-01 1.861882193635748250e-01
1.792963464140730767e-01 1.861882193635748250e-01
1.792963464140730767e-01 1.868652674339878195e-01
1.806495263870094847e-01 1.868652674339878195e-01
1.806495263870094847e-01 1.875423155044008139e-01
1.813261163734776749e-01 1.875423155044008139e-01
1.813261163734776749e-01 1.882193635748138083e-01
1.820027063599458650e-01 1.882193635748138083e-01
1.820027063599458650e-01 1.888964116452268027e-01
1.826792963464140829e-01 1.888964116452268027e-01
1.826792963464140829e-01 1.909275558564658137e-01
1.833558863328822730e-01 1.909275558564658137e-01
1.833558863328822730e-01 1.916046039268788082e-01
1.840324763193504631e-01 1.916046039268788082e-01
1.840324763193504631e-01 1.943127962085308136e-01
1.847090663058186810e-01 1.943127962085308136e-01
1.847090663058186810e-01 1.949898442789438080e-01
1.853856562922868711e-01 1.949898442789438080e-01
1.874154262516914693e-01 1.949898442789438080e-01
1.874154262516914693e-01 1.956668923493568024e-01
1.887686062246278773e-01 1.956668923493568024e-01
1.901217861975642853e-01 1.956668923493568024e-01
1.907983761840324755e-01 1.956668923493568024e-01
1.907983761840324755e-01 1.976980365605958134e-01
1.921515561569688835e-01 1.976980365605958134e-01
1.928281461434370736e-01 1.976980365605958134e-01
1.928281461434370736e-01 1.997291807718347967e-01
1.948579161028416717e-01 1.997291807718347967e-01
1.948579161028416717e-01 2.004062288422477911e-01
1.962110960757780798e-01 2.004062288422477911e-01
1.962110960757780798e-01 2.098849018280297962e-01
1.975642760487144878e-01 2.098849018280297962e-01
1.975642760487144878e-01 2.112389979688557851e-01
1.982408660351826779e-01 2.112389979688557851e-01
1.982408660351826779e-01 2.125930941096817739e-01
1.989174560216508680e-01 2.125930941096817739e-01
1.989174560216508680e-01 2.132701421800947961e-01
2.002706359945872761e-01 2.132701421800947961e-01
2.002706359945872761e-01 2.153012863913337793e-01
2.016238159675236841e-01 2.153012863913337793e-01
2.016238159675236841e-01 2.166553825321597959e-01
2.023004059539918742e-01 2.166553825321597959e-01
2.023004059539918742e-01 2.173324306025727903e-01
2.036535859269282822e-01 2.173324306025727903e-01
2.050067658998646902e-01 2.173324306025727903e-01
2.056833558863328804e-01 2.173324306025727903e-01
2.056833558863328804e-01 2.180094786729857848e-01
2.063599458728010705e-01 2.180094786729857848e-01
2.063599458728010705e-01 2.186865267433987792e-01
2.077131258457374785e-01 2.186865267433987792e-01
2.077131258457374785e-01 2.200406228842247680e-01
2.097428958051420766e-01 2.200406228842247680e-01
2.097428958051420766e-01 2.213947190250507846e-01
2.110960757780784847e-01 2.213947190250507846e-01
2.131258457374830828e-01 2.213947190250507846e-01
2.131258457374830828e-01 2.234258632362897679e-01
2.138024357239512729e-01 2.234258632362897679e-01
2.151556156968876810e-01 2.234258632362897679e-01
2.151556156968876810e-01 2.247799593771157844e-01
2.165087956698240890e-01 2.247799593771157844e-01
2.165087956698240890e-01 2.268111035883547677e-01
2.171853856562922791e-01 2.268111035883547677e-01
2.171853856562922791e-01 2.281651997291807843e-01
2.178619756427604970e-01 2.281651997291807843e-01
2.178619756427604970e-01 2.335815842924847674e-01
2.185385656292286871e-01 2.335815842924847674e-01
2.185385656292286871e-01 2.369668246445497672e-01
2.192151556156968772e-01 2.369668246445497672e-01
2.192151556156968772e-01 2.376438727149627617e-01
2.212449255751014754e-01 2.376438727149627617e-01
2.212449255751014754e-01 2.396750169262017727e-01
2.232746955345061013e-01 2.396750169262017727e-01
2.246278755074424816e-01 2.396750169262017727e-01
2.246278755074424816e-01 2.403520649966147671e-01
2.253044654939106994e-01 2.403520649966147671e-01
2.253044654939106994e-01 2.417061611374407559e-01
2.266576454668470797e-01 2.417061611374407559e-01
2.266576454668470797e-01 2.450914014895057558e-01
2.273342354533152976e-01 2.450914014895057558e-01
2.273342354533152976e-01 2.464454976303317446e-01
2.286874154262516778e-01 2.464454976303317446e-01
2.286874154262516778e-01 2.471225457007447390e-01
2.293640054127198957e-01 2.471225457007447390e-01
2.293640054127198957e-01 2.477995937711577612e-01
2.307171853856563037e-01 2.477995937711577612e-01
2.307171853856563037e-01 2.511848341232227333e-01
2.313937753721244939e-01 2.511848341232227333e-01
2.313937753721244939e-01 2.518618821936357555e-01
2.320703653585926840e-01 2.518618821936357555e-01
2.347767253044655000e-01 2.518618821936357555e-01
2.347767253044655000e-01 2.538930264048747665e-01
2.354533152909336902e-01 2.538930264048747665e-01
2.354533152909336902e-01 2.545700744752877331e-01
2.368064952638700982e-01 2.545700744752877331e-01
2.368064952638700982e-01 2.572782667569397663e-01
2.388362652232746963e-01 2.572782667569397663e-01
2.388362652232746963e-01 2.579553148273527330e-01
2.415426251691474846e-01 2.579553148273527330e-01
2.415426251691474846e-01 2.586323628977657552e-01
2.422192151556157025e-01 2.586323628977657552e-01
2.422192151556157025e-01 2.599864590385917440e-01
2.435723951285521105e-01 2.599864590385917440e-01
2.435723951285521105e-01 2.606635071090047662e-01
2.449255751014884908e-01 2.606635071090047662e-01
2.449255751014884908e-01 2.613405551794177328e-01
2.462787550744248988e-01 2.613405551794177328e-01
2.462787550744248988e-01 2.626946513202437217e-01
2.483085250338294969e-01 2.626946513202437217e-01
2.483085250338294969e-01 2.633716993906567438e-01
2.489851150202976870e-01 2.633716993906567438e-01
2.489851150202976870e-01 2.654028436018957549e-01
2.503382949932341228e-01 2.654028436018957549e-01
2.503382949932341228e-01 2.681110358835477325e-01
2.510148849797023130e-01 2.681110358835477325e-01
2.510148849797023130e-01 2.701421800947867435e-01
2.516914749661705031e-01 2.701421800947867435e-01
2.516914749661705031e-01 2.714962762356127324e-01
2.523680649526386932e-01 2.714962762356127324e-01
2.523680649526386932e-01 2.748815165876777322e-01
2.530446549391068833e-01 2.748815165876777322e-01
2.543978349120433191e-01 2.748815165876777322e-01
2.564276048714478895e-01 2.748815165876777322e-01
2.564276048714478895e-01 2.762356127285037211e-01
2.571041948579160796e-01 2.762356127285037211e-01
2.571041948579160796e-01 2.769126607989167432e-01
2.584573748308525154e-01 2.769126607989167432e-01
2.598105548037888957e-01 2.769126607989167432e-01
2.611637347767253314e-01 2.769126607989167432e-01
2.611637347767253314e-01 2.775897088693297099e-01
2.638700947225980920e-01 2.775897088693297099e-01
2.638700947225980920e-01 2.782667569397427321e-01
2.645466847090662821e-01 2.782667569397427321e-01
2.645466847090662821e-01 2.789438050101556987e-01
2.658998646820027179e-01 2.789438050101556987e-01
2.672530446549390981e-01 2.789438050101556987e-01
2.672530446549390981e-01 2.816519972918077319e-01
2.679296346414072882e-01 2.816519972918077319e-01
2.679296346414072882e-01 2.836831415030467429e-01
2.692828146143437240e-01 2.836831415030467429e-01
2.692828146143437240e-01 2.843601895734597096e-01
2.699594046008119141e-01 2.843601895734597096e-01
2.699594046008119141e-01 2.850372376438727318e-01
2.706359945872801043e-01 2.850372376438727318e-01
2.706359945872801043e-01 2.863913337846987206e-01
2.719891745602164845e-01 2.863913337846987206e-01
2.726657645466847302e-01 2.863913337846987206e-01
2.726657645466847302e-01 2.877454299255247094e-01
2.733423545331529203e-01 2.877454299255247094e-01
2.746955345060893006e-01 2.877454299255247094e-01
2.746955345060893006e-01 2.897765741367637204e-01
2.760487144790257363e-01 2.897765741367637204e-01
2.760487144790257363e-01 2.904536222071766871e-01
2.767253044654939265e-01 2.904536222071766871e-01
2.767253044654939265e-01 2.938388625592416870e-01
2.774018944519621166e-01 2.938388625592416870e-01
2.774018944519621166e-01 2.972241029113066868e-01
2.828146143437076931e-01 2.972241029113066868e-01
2.828146143437076931e-01 2.985781990521326756e-01
2.834912043301759388e-01 2.985781990521326756e-01
2.834912043301759388e-01 2.992552471225456978e-01
2.848443843031123190e-01 2.992552471225456978e-01
2.848443843031123190e-01 3.006093432633716866e-01
2.861975642760486993e-01 3.006093432633716866e-01
2.861975642760486993e-01 3.033175355450237198e-01
2.868741542625168894e-01 3.033175355450237198e-01
2.868741542625168894e-01 3.053486797562626753e-01
2.882273342354533252e-01 3.053486797562626753e-01
2.882273342354533252e-01 3.073798239675016863e-01
2.895805142083897055e-01 3.073798239675016863e-01
2.895805142083897055e-01 3.134732566012186639e-01
2.902571041948578956e-01 3.134732566012186639e-01
2.902571041948578956e-01 3.141503046716316860e-01
2.909336941813261412e-01 3.141503046716316860e-01
2.909336941813261412e-01 3.148273527420447082e-01
2.916102841677943314e-01 3.148273527420447082e-01
2.916102841677943314e-01 3.161814488828706970e-01
2.929634641407307116e-01 3.161814488828706970e-01
2.929634641407307116e-01 3.175355450236966859e-01
2.943166441136670919e-01 3.175355450236966859e-01
2.943166441136670919e-01 3.188896411645226747e-01
2.949932341001353375e-01 3.188896411645226747e-01
2.949932341001353375e-01 3.209207853757616857e-01
2.956698240866035277e-01 3.209207853757616857e-01
2.956698240866035277e-01 3.215978334461746524e-01
2.970230040595399079e-01 3.215978334461746524e-01
2.976995940460080980e-01 3.215978334461746524e-01
2.976995940460080980e-01 3.229519295870006967e-01
2.990527740189445338e-01 3.229519295870006967e-01
3.004059539918809141e-01 3.229519295870006967e-01
3.024357239512855400e-01 3.229519295870006967e-01
3.031123139377537301e-01 3.229519295870006967e-01
3.031123139377537301e-01 3.263371699390656966e-01
3.037889039242219202e-01 3.263371699390656966e-01
3.037889039242219202e-01 3.270142180094786633e-01
3.044654939106901104e-01 3.270142180094786633e-01
3.044654939106901104e-01 3.276912660798916854e-01
3.071718538565629264e-01 3.276912660798916854e-01
3.071718538565629264e-01 3.283683141503046521e-01
3.085250338294993067e-01 3.283683141503046521e-01
3.085250338294993067e-01 3.310765064319566853e-01
3.092016238159674968e-01 3.310765064319566853e-01
3.105548037889039326e-01 3.310765064319566853e-01
3.105548037889039326e-01 3.317535545023696519e-01
3.112313937753721227e-01 3.317535545023696519e-01
3.125845737483085029e-01 3.317535545023696519e-01
3.132611637347767486e-01 3.317535545023696519e-01
3.132611637347767486e-01 3.324306025727826741e-01
3.152909336941813190e-01 3.324306025727826741e-01
3.152909336941813190e-01 3.337846987136086629e-01
3.166441136671176992e-01 3.337846987136086629e-01
3.166441136671176992e-01 3.351387948544346518e-01
3.179972936400541350e-01 3.351387948544346518e-01
3.179972936400541350e-01 3.358158429248476740e-01
3.193504736129905153e-01 3.358158429248476740e-01
3.193504736129905153e-01 3.378469871360866850e-01
3.200270635994587054e-01 3.378469871360866850e-01
3.200270635994587054e-01 3.385240352064996516e-01
3.220568335588633313e-01 3.385240352064996516e-01
3.220568335588633313e-01 3.405551794177386626e-01
3.227334235453315214e-01 3.405551794177386626e-01
3.227334235453315214e-01 3.412322274881516848e-01
3.240866035182679572e-01 3.412322274881516848e-01
3.240866035182679572e-01 3.432633716993906403e-01
3.254397834912043375e-01 3.432633716993906403e-01
3.254397834912043375e-01 3.439404197698036625e-01
3.261163734776725276e-01 3.439404197698036625e-01
3.261163734776725276e-01 3.452945159106296513e-01
3.267929634641407177e-01 3.452945159106296513e-01
3.267929634641407177e-01 3.473256601218686623e-01
3.281461434370771535e-01 3.473256601218686623e-01
3.281461434370771535e-01 3.507109004739336622e-01
3.288227334235453436e-01 3.507109004739336622e-01
3.288227334235453436e-01 3.520649966147596510e-01
3.294993234100135338e-01 3.520649966147596510e-01
3.294993234100135338e-01 3.534190927555856399e-01
3.301759133964817239e-01 3.534190927555856399e-01
3.301759133964817239e-01 3.540961408259986620e-01
3.308525033829499140e-01 3.540961408259986620e-01
3.308525033829499140e-01 3.554502369668246509e-01
3.322056833558863498e-01 3.554502369668246509e-01
3.322056833558863498e-01 3.561272850372376175e-01
3.335588633288227300e-01 3.561272850372376175e-01
3.335588633288227300e-01 3.588354773188896507e-01
3.342354533152909202e-01 3.588354773188896507e-01
3.355886332882273559e-01 3.588354773188896507e-01
3.355886332882273559e-01 3.595125253893026174e-01
3.362652232746955461e-01 3.595125253893026174e-01
3.362652232746955461e-01 3.628977657413676172e-01
3.369418132611637362e-01 3.628977657413676172e-01
3.369418132611637362e-01 3.642518618821936616e-01
3.376184032476319263e-01 3.642518618821936616e-01
3.376184032476319263e-01 3.656059580230196504e-01
3.389715832205683621e-01 3.656059580230196504e-01
3.389715832205683621e-01 3.662830060934326171e-01
3.396481732070365522e-01 3.662830060934326171e-01
3.410013531799729325e-01 3.662830060934326171e-01
3.410013531799729325e-01 3.676371022342586059e-01
3.430311231393775584e-01 3.676371022342586059e-01
3.443843031123139387e-01 3.676371022342586059e-01
3.443843031123139387e-01 3.730534867975626168e-01
3.450608930987821288e-01 3.730534867975626168e-01
3.450608930987821288e-01 3.744075829383886056e-01
3.457374830852503189e-01 3.744075829383886056e-01
3.470906630581867547e-01 3.744075829383886056e-01
3.470906630581867547e-01 3.791469194312795943e-01
3.477672530446549448e-01 3.791469194312795943e-01
3.477672530446549448e-01 3.838862559241706385e-01
3.484438430311231349e-01 3.838862559241706385e-01
3.484438430311231349e-01 3.872714962762356383e-01
3.497970230040595152e-01 3.872714962762356383e-01
3.497970230040595152e-01 3.879485443466486050e-01
3.504736129905277608e-01 3.879485443466486050e-01
3.504736129905277608e-01 3.899796885578876160e-01
3.518267929634641411e-01 3.899796885578876160e-01
3.518267929634641411e-01 3.906567366283005827e-01
3.525033829499323312e-01 3.906567366283005827e-01
3.525033829499323312e-01 3.913337846987136048e-01
3.538565629228687670e-01 3.913337846987136048e-01
3.538565629228687670e-01 3.920108327691266270e-01
3.545331529093369571e-01 3.920108327691266270e-01
3.545331529093369571e-01 3.947190250507786047e-01
3.552097428958051473e-01 3.947190250507786047e-01
3.552097428958051473e-01 3.974272173324305824e-01
3.558863328822733374e-01 3.974272173324305824e-01
3.558863328822733374e-01 4.001354096140826155e-01
3.572395128552097177e-01 4.001354096140826155e-01
3.572395128552097177e-01 4.008124576844955822e-01
3.585926928281461534e-01 4.008124576844955822e-01
3.585926928281461534e-01 4.014895057549086044e-01
3.592692828146143436e-01 4.014895057549086044e-01
3.606224627875507238e-01 4.014895057549086044e-01
3.619756427604871596e-01 4.014895057549086044e-01
3.619756427604871596e-01 4.035206499661476154e-01
3.626522327469553497e-01 4.035206499661476154e-01
3.640054127198917300e-01 4.035206499661476154e-01
3.653585926928281657e-01 4.035206499661476154e-01
3.653585926928281657e-01 4.055517941773865709e-01
3.673883626522327361e-01 4.055517941773865709e-01
3.673883626522327361e-01 4.069058903182126152e-01
3.680649526387009263e-01 4.069058903182126152e-01
3.680649526387009263e-01 4.082599864590386041e-01
3.694181326116373620e-01 4.082599864590386041e-01
3.707713125845737423e-01 4.082599864590386041e-01
3.707713125845737423e-01 4.089370345294515707e-01
3.721244925575101226e-01 4.089370345294515707e-01
3.734776725304465583e-01 4.089370345294515707e-01
3.755074424898511287e-01 4.089370345294515707e-01
3.755074424898511287e-01 4.109681787406905817e-01
3.768606224627875645e-01 4.109681787406905817e-01
3.768606224627875645e-01 4.143534190927555816e-01
3.795669824086603250e-01 4.143534190927555816e-01
3.802435723951285707e-01 4.143534190927555816e-01
3.802435723951285707e-01 4.157075152335815704e-01
3.809201623815967608e-01 4.157075152335815704e-01
3.809201623815967608e-01 4.170616113744075593e-01
3.815967523680649509e-01 4.170616113744075593e-01
3.815967523680649509e-01 4.211238997968855813e-01
3.829499323410013312e-01 4.211238997968855813e-01
3.829499323410013312e-01 4.218009478672986035e-01
3.849797023004059571e-01 4.218009478672986035e-01
3.856562922868741472e-01 4.218009478672986035e-01
3.856562922868741472e-01 4.224779959377115701e-01
3.863328822733423373e-01 4.224779959377115701e-01
3.863328822733423373e-01 4.258632362897765700e-01
3.870094722598105275e-01 4.258632362897765700e-01
3.883626522327469632e-01 4.258632362897765700e-01
3.883626522327469632e-01 4.278943805010155810e-01
3.890392422192151534e-01 4.278943805010155810e-01
3.890392422192151534e-01 4.285714285714285476e-01
3.903924221921515336e-01 4.285714285714285476e-01
3.903924221921515336e-01 4.312796208530805808e-01
3.917456021650879694e-01 4.312796208530805808e-01
3.917456021650879694e-01 4.319566689234935475e-01
3.924221921515561595e-01 4.319566689234935475e-01
3.937753721244925398e-01 4.319566689234935475e-01
3.937753721244925398e-01 4.326337169939065697e-01
3.944519621109607854e-01 4.326337169939065697e-01
3.958051420838971657e-01 4.326337169939065697e-01
3.958051420838971657e-01 4.339878131347325585e-01
3.964817320703653558e-01 4.339878131347325585e-01
3.964817320703653558e-01 4.353419092755585473e-01
3.978349120433017361e-01 4.353419092755585473e-01
3.978349120433017361e-01 4.360189573459715695e-01
3.985115020297699817e-01 4.360189573459715695e-01
3.985115020297699817e-01 4.366960054163845362e-01
3.991880920162381718e-01 4.366960054163845362e-01
3.991880920162381718e-01 4.394041976980365694e-01
3.998646820027063620e-01 4.394041976980365694e-01
3.998646820027063620e-01 4.434664861205145359e-01
4.012178619756427422e-01 4.434664861205145359e-01
4.012178619756427422e-01 4.441435341909275580e-01
4.025710419485791780e-01 4.441435341909275580e-01
4.025710419485791780e-01 4.461746784021665690e-01
4.039242219215155583e-01 4.461746784021665690e-01
4.039242219215155583e-01 4.488828706838185467e-01
4.046008119079837484e-01 4.488828706838185467e-01
4.046008119079837484e-01 4.515910629654705244e-01
4.066305818673883743e-01 4.515910629654705244e-01
4.066305818673883743e-01 4.522681110358835466e-01
4.079837618403247546e-01 4.522681110358835466e-01
4.086603518267929447e-01 4.522681110358835466e-01
4.086603518267929447e-01 4.529451591062965687e-01
4.100135317997293805e-01 4.529451591062965687e-01
4.113667117726657607e-01 4.529451591062965687e-01
4.113667117726657607e-01 4.536222071767095354e-01
4.127198917456021410e-01 4.536222071767095354e-01
4.154262516914749570e-01 4.536222071767095354e-01
4.154262516914749570e-01 4.549763033175355242e-01
4.167794316644113928e-01 4.549763033175355242e-01
4.167794316644113928e-01 4.556533513879485464e-01
4.181326116373477730e-01 4.556533513879485464e-01
4.194857916102841533e-01 4.556533513879485464e-01
4.194857916102841533e-01 4.583615436696005241e-01
4.235453315290933496e-01 4.583615436696005241e-01
4.248985115020297854e-01 4.583615436696005241e-01
4.262516914749661656e-01 4.583615436696005241e-01
4.262516914749661656e-01 4.597156398104265129e-01
4.269282814614343557e-01 4.597156398104265129e-01
4.269282814614343557e-01 4.603926878808395351e-01
4.282814614343707915e-01 4.603926878808395351e-01
4.282814614343707915e-01 4.617467840216655239e-01
4.289580514208389816e-01 4.617467840216655239e-01
4.289580514208389816e-01 4.651320243737305238e-01
4.303112313937753619e-01 4.651320243737305238e-01
4.303112313937753619e-01 4.658090724441435460e-01
4.309878213802435520e-01 4.658090724441435460e-01
4.309878213802435520e-01 4.678402166553825570e-01
4.316644113667117977e-01 4.678402166553825570e-01
4.316644113667117977e-01 4.685172647257955236e-01
4.323410013531799878e-01 4.685172647257955236e-01
4.323410013531799878e-01 4.691943127962085458e-01
4.330175913396481779e-01 4.691943127962085458e-01
4.330175913396481779e-01 4.705484089370345346e-01
4.343707713125845582e-01 4.705484089370345346e-01
4.343707713125845582e-01 4.719025050778605235e-01
4.364005412719891841e-01 4.719025050778605235e-01
4.364005412719891841e-01 4.725795531482735456e-01
4.377537212449255644e-01 4.725795531482735456e-01
4.391069012178620001e-01 4.725795531482735456e-01
4.391069012178620001e-01 4.732566012186865123e-01
4.404600811907983804e-01 4.732566012186865123e-01
4.404600811907983804e-01 4.752877454299255233e-01
4.418132611637347607e-01 4.752877454299255233e-01
4.418132611637347607e-01 4.759647935003385455e-01
4.431664411366711964e-01 4.759647935003385455e-01
4.438430311231393866e-01 4.759647935003385455e-01
4.438430311231393866e-01 4.773188896411645343e-01
4.451962110960757668e-01 4.773188896411645343e-01
4.458728010825439569e-01 4.773188896411645343e-01
4.458728010825439569e-01 4.779959377115775010e-01
4.465493910690122026e-01 4.779959377115775010e-01
4.465493910690122026e-01 4.800270819228165120e-01
4.485791610284167730e-01 4.800270819228165120e-01
4.485791610284167730e-01 4.813811780636425008e-01
4.499323410013531532e-01 4.813811780636425008e-01
4.499323410013531532e-01 4.820582261340555230e-01
4.512855209742895890e-01 4.820582261340555230e-01
4.512855209742895890e-01 4.840893703452945340e-01
4.519621109607577791e-01 4.840893703452945340e-01
4.519621109607577791e-01 4.861205145565334895e-01
4.533152909336941594e-01 4.861205145565334895e-01
4.533152909336941594e-01 4.874746106973595339e-01
4.539918809201624050e-01 4.874746106973595339e-01
4.539918809201624050e-01 4.888287068381855227e-01
4.546684709066305952e-01 4.888287068381855227e-01
4.546684709066305952e-01 4.908598510494245337e-01
4.553450608930987853e-01 4.908598510494245337e-01
4.553450608930987853e-01 4.915368991198375004e-01
4.560216508795669754e-01 4.915368991198375004e-01
4.560216508795669754e-01 4.922139471902505226e-01
4.580514208389716013e-01 4.922139471902505226e-01
4.580514208389716013e-01 4.928909952606634892e-01
4.587280108254397915e-01 4.928909952606634892e-01
4.587280108254397915e-01 4.942450914014894781e-01
4.600811907983761717e-01 4.942450914014894781e-01
4.614343707713126075e-01 4.942450914014894781e-01
4.614343707713126075e-01 4.969532836831415112e-01
4.634641407307171779e-01 4.969532836831415112e-01
4.634641407307171779e-01 4.983073798239675001e-01
4.641407307171853680e-01 4.983073798239675001e-01
4.641407307171853680e-01 4.996614759647934889e-01
4.648173207036536136e-01 4.996614759647934889e-01
4.648173207036536136e-01 5.003385240352065111e-01
4.661705006765899939e-01 5.003385240352065111e-01
4.668470906630581840e-01 5.003385240352065111e-01
4.668470906630581840e-01 5.016926201760324444e-01
4.675236806495263742e-01 5.016926201760324444e-01
4.675236806495263742e-01 5.023696682464454666e-01
4.695534506089310001e-01 5.023696682464454666e-01
4.709066305818673803e-01 5.023696682464454666e-01
4.709066305818673803e-01 5.037237643872715109e-01
4.715832205683355705e-01 5.037237643872715109e-01
4.715832205683355705e-01 5.057549085985104664e-01
4.749661705006765766e-01 5.057549085985104664e-01
4.749661705006765766e-01 5.071090047393365108e-01
4.756427604871447667e-01 5.071090047393365108e-01
4.769959404600812025e-01 5.071090047393365108e-01
4.769959404600812025e-01 5.077860528097495330e-01
4.776725304465493926e-01 5.077860528097495330e-01
4.776725304465493926e-01 5.084631008801624441e-01
4.783491204330175828e-01 5.084631008801624441e-01
4.783491204330175828e-01 5.098171970209884885e-01
4.790257104194857729e-01 5.098171970209884885e-01
4.790257104194857729e-01 5.104942450914015106e-01
4.797023004059540185e-01 5.104942450914015106e-01
4.797023004059540185e-01 5.125253893026404661e-01
4.803788903924222087e-01 5.125253893026404661e-01
4.803788903924222087e-01 5.138794854434665105e-01
4.824086603518267791e-01 5.138794854434665105e-01
4.824086603518267791e-01 5.165876777251184881e-01
4.830852503382949692e-01 5.165876777251184881e-01
4.830852503382949692e-01 5.179417738659445325e-01
4.851150202976995951e-01 5.179417738659445325e-01
4.851150202976995951e-01 5.206499661475965102e-01
4.871447902571042210e-01 5.206499661475965102e-01
4.871447902571042210e-01 5.226811103588354657e-01
4.884979702300406013e-01 5.226811103588354657e-01
4.891745602165087914e-01 5.226811103588354657e-01
4.905277401894451716e-01 5.226811103588354657e-01
4.912043301759134173e-01 5.226811103588354657e-01
4.912043301759134173e-01 5.253893026404874433e-01
4.925575101488497975e-01 5.253893026404874433e-01
4.925575101488497975e-01 5.274204468517265099e-01
4.932341001353179877e-01 5.274204468517265099e-01
4.932341001353179877e-01 5.280974949221394210e-01
4.952638700947226136e-01 5.280974949221394210e-01
4.952638700947226136e-01 5.294515910629654654e-01
4.959404600811908037e-01 5.294515910629654654e-01
4.959404600811908037e-01 5.308056872037915097e-01
4.966170500676589938e-01 5.308056872037915097e-01
4.966170500676589938e-01 5.341909275558565096e-01
4.972936400541271840e-01 5.341909275558565096e-01
4.972936400541271840e-01 5.362220717670954651e-01
4.986468200270636197e-01 5.362220717670954651e-01
4.986468200270636197e-01 5.368991198375084872e-01
4.993234100135318099e-01 5.368991198375084872e-01
4.993234100135318099e-01 5.396073121191604649e-01
5.000000000000000000e-01 5.396073121191604649e-01
5.000000000000000000e-01 5.402843601895734871e-01
5.006765899864682456e-01 5.402843601895734871e-01
5.006765899864682456e-01 5.409614082599865093e-01
5.027063599458727605e-01 5.409614082599865093e-01
5.027063599458727605e-01 5.443466486120515091e-01
5.033829499323410062e-01 5.443466486120515091e-01
5.033829499323410062e-01 5.450236966824644202e-01
5.040595399188092518e-01 5.450236966824644202e-01
5.040595399188092518e-01 5.497630331753554644e-01
5.054127198917456321e-01 5.497630331753554644e-01
5.054127198917456321e-01 5.511171293161813978e-01
5.067658998646820123e-01 5.511171293161813978e-01
5.067658998646820123e-01 5.558564658090724420e-01
5.081190798376183926e-01 5.558564658090724420e-01
5.081190798376183926e-01 5.592417061611374418e-01
5.087956698240866382e-01 5.592417061611374418e-01
5.087956698240866382e-01 5.612728503723763973e-01
5.094722598105547728e-01 5.612728503723763973e-01
5.094722598105547728e-01 5.633039945836154638e-01
5.128552097428957790e-01 5.633039945836154638e-01
5.128552097428957790e-01 5.639810426540284860e-01
5.135317997293640246e-01 5.639810426540284860e-01
5.135317997293640246e-01 5.660121868652674415e-01
5.142083897158321593e-01 5.660121868652674415e-01
5.142083897158321593e-01 5.693974272173324414e-01
5.155615696887686505e-01 5.693974272173324414e-01
5.162381596752367852e-01 5.693974272173324414e-01
5.162381596752367852e-01 5.707515233581583747e-01
5.169147496617050308e-01 5.707515233581583747e-01
5.169147496617050308e-01 5.714285714285713969e-01
5.175913396481731654e-01 5.714285714285713969e-01
5.175913396481731654e-01 5.734597156398104634e-01
5.189445196211096567e-01 5.734597156398104634e-01
5.189445196211096567e-01 5.768449559918754632e-01
5.196211096075777913e-01 5.768449559918754632e-01
5.196211096075777913e-01 5.775220040622883744e-01
5.209742895805141716e-01 5.775220040622883744e-01
5.216508795669824172e-01 5.775220040622883744e-01
5.216508795669824172e-01 5.781990521327013965e-01
5.243572395128551777e-01 5.781990521327013965e-01
5.243572395128551777e-01 5.802301963439404631e-01
5.250338294993234234e-01 5.802301963439404631e-01
5.250338294993234234e-01 5.815842924847663964e-01
5.263870094722598036e-01 5.815842924847663964e-01
5.263870094722598036e-01 5.822613405551794186e-01
5.277401894451961839e-01 5.822613405551794186e-01
5.297699594046008098e-01 5.822613405551794186e-01
5.297699594046008098e-01 5.829383886255924407e-01
5.304465493910690554e-01 5.829383886255924407e-01
5.304465493910690554e-01 5.849695328368313962e-01
5.324763193504735703e-01 5.849695328368313962e-01
5.338294993234100616e-01 5.849695328368313962e-01
5.338294993234100616e-01 5.870006770480704628e-01
5.345060893098781962e-01 5.870006770480704628e-01
5.358592692828145765e-01 5.870006770480704628e-01
5.365358592692828221e-01 5.870006770480704628e-01
5.365358592692828221e-01 5.883547731888963961e-01
5.372124492557510678e-01 5.883547731888963961e-01
5.385656292286874480e-01 5.883547731888963961e-01
5.385656292286874480e-01 5.930941096817874403e-01
5.405953991880919629e-01 5.930941096817874403e-01
5.405953991880919629e-01 5.937711577522003514e-01
5.412719891745602085e-01 5.937711577522003514e-01
5.412719891745602085e-01 5.958023019634394180e-01
5.426251691474965888e-01 5.958023019634394180e-01
5.426251691474965888e-01 5.964793500338524401e-01
5.439783491204329691e-01 5.964793500338524401e-01
5.439783491204329691e-01 5.971563981042653513e-01
5.460081190798375950e-01 5.971563981042653513e-01
5.473612990527739752e-01 5.971563981042653513e-01
5.473612990527739752e-01 5.978334461746783735e-01
5.493910690121786011e-01 5.978334461746783735e-01
5.493910690121786011e-01 5.991875423155044178e-01
5.520974289580514727e-01 5.991875423155044178e-01
5.520974289580514727e-01 6.059580230196344175e-01
5.534506089309878529e-01 6.059580230196344175e-01
5.534506089309878529e-01 6.079891672308733730e-01
5.548037889039242332e-01 6.079891672308733730e-01
5.548037889039242332e-01 6.086662153012863952e-01
5.554803788903923678e-01 6.086662153012863952e-01
5.575101488497969937e-01 6.086662153012863952e-01
5.588633288227333740e-01 6.086662153012863952e-01
5.588633288227333740e-01 6.093432633716994173e-01
5.602165087956698653e-01 6.093432633716994173e-01
5.602165087956698653e-01 6.100203114421124395e-01
5.608930987821379999e-01 6.100203114421124395e-01
5.608930987821379999e-01 6.106973595125253507e-01
5.635994587280108714e-01 6.106973595125253507e-01
5.635994587280108714e-01 6.154366960054163949e-01
5.649526387009472517e-01 6.154366960054163949e-01
5.669824086603518776e-01 6.154366960054163949e-01
5.669824086603518776e-01 6.174678402166553504e-01
5.676589986468200122e-01 6.174678402166553504e-01
5.676589986468200122e-01 6.208530805687203502e-01
5.683355886332882578e-01 6.208530805687203502e-01
5.683355886332882578e-01 6.222071767095463946e-01
5.696887686062246381e-01 6.222071767095463946e-01
5.710419485791610184e-01 6.222071767095463946e-01
5.710419485791610184e-01 6.228842247799594167e-01
5.723951285520973986e-01 6.228842247799594167e-01
5.723951285520973986e-01 6.276235612728503499e-01
5.751014884979702702e-01 6.276235612728503499e-01
5.751014884979702702e-01 6.289776574136763942e-01
5.757780784844384048e-01 6.289776574136763942e-01
5.757780784844384048e-01 6.303317535545023276e-01
5.764546684709066504e-01 6.303317535545023276e-01
5.764546684709066504e-01 6.310088016249153497e-01
5.771312584573747850e-01 6.310088016249153497e-01
5.784844384303112763e-01 6.310088016249153497e-01
5.791610284167794109e-01 6.310088016249153497e-01
5.805142083897157912e-01 6.310088016249153497e-01
5.811907983761840368e-01 6.310088016249153497e-01
5.811907983761840368e-01 6.330399458361544163e-01
5.825439783491204171e-01 6.330399458361544163e-01
5.825439783491204171e-01 6.357481381178063939e-01
5.832205683355886627e-01 6.357481381178063939e-01
5.832205683355886627e-01 6.391333784698713938e-01
5.845737483085250430e-01 6.391333784698713938e-01
5.859269282814614233e-01 6.391333784698713938e-01
5.859269282814614233e-01 6.398104265402843049e-01
5.872801082543978035e-01 6.398104265402843049e-01
5.872801082543978035e-01 6.404874746106973271e-01
5.879566982408660492e-01 6.404874746106973271e-01
5.879566982408660492e-01 6.431956668923493048e-01
5.893098782138024294e-01 6.431956668923493048e-01
5.893098782138024294e-01 6.438727149627623270e-01
5.899864682002706751e-01 6.438727149627623270e-01
5.899864682002706751e-01 6.486120514556533712e-01
5.906630581867388097e-01 6.486120514556533712e-01
5.906630581867388097e-01 6.513202437373053488e-01
5.913396481732070553e-01 6.513202437373053488e-01
5.913396481732070553e-01 6.519972918077183710e-01
5.926928281461434356e-01 6.519972918077183710e-01
5.926928281461434356e-01 6.540284360189573265e-01
5.933694181326116812e-01 6.540284360189573265e-01
5.933694181326116812e-01 6.553825321597833709e-01
5.940460081190798158e-01 6.553825321597833709e-01
5.940460081190798158e-01 6.560595802301963930e-01
5.947225981055480615e-01 6.560595802301963930e-01
5.947225981055480615e-01 6.574136763710223264e-01
5.953991880920161961e-01 6.574136763710223264e-01
5.953991880920161961e-01 6.607989167230873262e-01
5.960757780784844417e-01 6.607989167230873262e-01
5.974289580514208220e-01 6.607989167230873262e-01
5.981055480378890676e-01 6.607989167230873262e-01
5.981055480378890676e-01 6.635071090047393039e-01
5.987821380243572023e-01 6.635071090047393039e-01
5.987821380243572023e-01 6.641841570751523260e-01
6.014884979702300738e-01 6.641841570751523260e-01
6.014884979702300738e-01 6.662153012863912815e-01
6.021650879566982084e-01 6.662153012863912815e-01
6.048714479025710800e-01 6.662153012863912815e-01
6.062246278755074602e-01 6.662153012863912815e-01
6.062246278755074602e-01 6.689234935680433702e-01
6.082543978349120861e-01 6.689234935680433702e-01
6.082543978349120861e-01 6.702775897088693036e-01
6.089309878213802207e-01 6.702775897088693036e-01
6.089309878213802207e-01 6.709546377792823257e-01
6.096075778078484664e-01 6.709546377792823257e-01
6.096075778078484664e-01 6.716316858496953479e-01
6.102841677943166010e-01 6.716316858496953479e-01
6.102841677943166010e-01 6.729857819905212812e-01
6.109607577807848466e-01 6.729857819905212812e-01
6.109607577807848466e-01 6.750169262017603478e-01
6.116373477672530923e-01 6.750169262017603478e-01
6.116373477672530923e-01 6.756939742721733699e-01
6.123139377537212269e-01 6.756939742721733699e-01
6.123139377537212269e-01 6.770480704129993033e-01
6.129905277401894725e-01 6.770480704129993033e-01
6.129905277401894725e-01 6.777251184834123254e-01
6.136671177266576072e-01 6.777251184834123254e-01
6.136671177266576072e-01 6.790792146242383698e-01
6.150202976995940984e-01 6.790792146242383698e-01
6.150202976995940984e-01 6.817874069058903475e-01
6.163734776725304787e-01 6.817874069058903475e-01
6.170500676589986133e-01 6.817874069058903475e-01
6.170500676589986133e-01 6.831415030467162808e-01
6.184032476319349936e-01 6.831415030467162808e-01
6.211096075778078651e-01 6.831415030467162808e-01
6.224627875507442454e-01 6.831415030467162808e-01
6.224627875507442454e-01 6.878808395396073250e-01
6.238159675236806256e-01 6.878808395396073250e-01
6.238159675236806256e-01 6.885578876100203471e-01
6.244925575101488713e-01 6.885578876100203471e-01
6.258457374830852515e-01 6.885578876100203471e-01
6.278755074424898774e-01 6.885578876100203471e-01
6.278755074424898774e-01 6.892349356804332583e-01
6.292286874154262577e-01 6.892349356804332583e-01
6.292286874154262577e-01 6.905890318212593026e-01
6.305818673883626380e-01 6.905890318212593026e-01
6.305818673883626380e-01 6.912660798916723248e-01
6.312584573748308836e-01 6.912660798916723248e-01
6.312584573748308836e-01 6.926201760324982581e-01
6.339648173207036441e-01 6.926201760324982581e-01
6.339648173207036441e-01 6.932972241029112803e-01
6.353179972936400244e-01 6.932972241029112803e-01
6.366711772665764046e-01 6.932972241029112803e-01
6.373477672530446503e-01 6.932972241029112803e-01
6.373477672530446503e-01 6.960054163845632580e-01
6.393775372124492762e-01 6.960054163845632580e-01
6.393775372124492762e-01 6.966824644549762802e-01
6.400541271989174108e-01 6.966824644549762802e-01
6.400541271989174108e-01 6.973595125253893023e-01
6.420838971583220367e-01 6.973595125253893023e-01
6.434370771312584170e-01 6.973595125253893023e-01
6.447902571041949082e-01 6.973595125253893023e-01
6.447902571041949082e-01 7.000677048070412800e-01
6.454668470906630429e-01 7.000677048070412800e-01
6.454668470906630429e-01 7.014218009478673244e-01
6.461434370771312885e-01 7.014218009478673244e-01
6.461434370771312885e-01 7.020988490182803465e-01
6.468200270635994231e-01 7.020988490182803465e-01
6.468200270635994231e-01 7.034529451591062799e-01
6.481732070365359144e-01 7.034529451591062799e-01
6.481732070365359144e-01 7.054840893703453464e-01
6.495263870094722947e-01 7.054840893703453464e-01
6.508795669824086749e-01 7.054840893703453464e-01
6.522327469553450552e-01 7.054840893703453464e-01
6.522327469553450552e-01 7.095463777928232574e-01
6.529093369418133008e-01 7.095463777928232574e-01
6.529093369418133008e-01 7.109004739336493017e-01
6.542625169147496811e-01 7.109004739336493017e-01
6.542625169147496811e-01 7.142857142857143016e-01
6.556156968876860613e-01 7.142857142857143016e-01
6.556156968876860613e-01 7.163168584969532571e-01
6.576454668470906872e-01 7.163168584969532571e-01
6.576454668470906872e-01 7.169939065673662792e-01
6.583220568335588219e-01 7.169939065673662792e-01
6.583220568335588219e-01 7.176709546377793014e-01
6.596752368064953131e-01 7.176709546377793014e-01
6.596752368064953131e-01 7.190250507786052347e-01
6.603518267929634478e-01 7.190250507786052347e-01
6.603518267929634478e-01 7.197020988490182569e-01
6.610284167794316934e-01 7.197020988490182569e-01
6.610284167794316934e-01 7.203791469194312791e-01
6.623815967523680737e-01 7.203791469194312791e-01
6.637347767253044539e-01 7.203791469194312791e-01
6.637347767253044539e-01 7.217332430602573234e-01
6.644113667117726996e-01 7.217332430602573234e-01
6.644113667117726996e-01 7.230873392010832568e-01
6.657645466847090798e-01 7.230873392010832568e-01
6.664411366711772144e-01 7.230873392010832568e-01
6.664411366711772144e-01 7.237643872714962789e-01
6.671177266576454601e-01 7.237643872714962789e-01
6.671177266576454601e-01 7.251184834123223233e-01
6.684709066305818403e-01 7.251184834123223233e-01
6.684709066305818403e-01 7.257955314827352344e-01
6.698240866035182206e-01 7.257955314827352344e-01
6.698240866035182206e-01 7.291807718348002343e-01
6.705006765899864662e-01 7.291807718348002343e-01
6.718538565629228465e-01 7.291807718348002343e-01
6.725304465493910921e-01 7.291807718348002343e-01
6.725304465493910921e-01 7.305348679756262786e-01
6.745602165087957180e-01 7.305348679756262786e-01
6.765899864682002329e-01 7.305348679756262786e-01
6.765899864682002329e-01 7.312119160460393008e-01
6.779431664411367242e-01 7.312119160460393008e-01
6.779431664411367242e-01 7.318889641164523230e-01
6.792963464140731045e-01 7.318889641164523230e-01
6.799729364005412391e-01 7.318889641164523230e-01
6.813261163734776193e-01 7.318889641164523230e-01
6.813261163734776193e-01 7.332430602572782563e-01
6.826792963464141106e-01 7.332430602572782563e-01
6.826792963464141106e-01 7.345971563981043007e-01
6.833558863328822452e-01 7.345971563981043007e-01
6.833558863328822452e-01 7.352742044685172118e-01
6.840324763193504909e-01 7.352742044685172118e-01
6.840324763193504909e-01 7.366283006093432562e-01
6.847090663058186255e-01 7.366283006093432562e-01
6.847090663058186255e-01 7.400135409614082560e-01
6.860622462787551168e-01 7.400135409614082560e-01
6.860622462787551168e-01 7.440758293838862780e-01
6.874154262516914971e-01 7.440758293838862780e-01
6.887686062246278773e-01 7.440758293838862780e-01
6.887686062246278773e-01 7.454299255247122113e-01
6.907983761840325032e-01 7.454299255247122113e-01
6.907983761840325032e-01 7.461069735951252335e-01
6.921515561569688835e-01 7.461069735951252335e-01
6.921515561569688835e-01 7.474610697359512779e-01
6.935047361299052637e-01 7.474610697359512779e-01
6.962110960757780243e-01 7.474610697359512779e-01
6.968876860622462699e-01 7.474610697359512779e-01
6.968876860622462699e-01 7.481381178063643000e-01
6.975642760487145155e-01 7.481381178063643000e-01
6.975642760487145155e-01 7.488151658767772112e-01
6.995940460081190304e-01 7.488151658767772112e-01
6.995940460081190304e-01 7.494922139471902334e-01
7.002706359945872761e-01 7.494922139471902334e-01
7.029769959404600366e-01 7.494922139471902334e-01
7.029769959404600366e-01 7.501692620176032555e-01
7.056833558863329081e-01 7.501692620176032555e-01
7.056833558863329081e-01 7.515233581584292999e-01
7.070365358592692884e-01 7.515233581584292999e-01
7.070365358592692884e-01 7.569397427217332552e-01
7.083897158322056686e-01 7.569397427217332552e-01
7.083897158322056686e-01 7.596479350033852329e-01
7.097428958051420489e-01 7.596479350033852329e-01
7.124492557510149204e-01 7.596479350033852329e-01
7.138024357239513007e-01 7.596479350033852329e-01
7.138024357239513007e-01 7.603249830737982551e-01
7.144790257104194353e-01 7.603249830737982551e-01
7.144790257104194353e-01 7.637102234258632549e-01
7.151556156968876810e-01 7.637102234258632549e-01
7.151556156968876810e-01 7.657413676371022104e-01
7.158322056833559266e-01 7.657413676371022104e-01
7.158322056833559266e-01 7.704807041299932546e-01
7.178619756427604415e-01 7.704807041299932546e-01
7.178619756427604415e-01 7.725118483412322101e-01
7.185385656292286871e-01 7.725118483412322101e-01
7.185385656292286871e-01 7.731888964116452323e-01
7.192151556156969328e-01 7.731888964116452323e-01
7.192151556156969328e-01 7.765741367637102321e-01
7.198917456021650674e-01 7.765741367637102321e-01
7.198917456021650674e-01 7.772511848341232543e-01
7.205683355886333130e-01 7.772511848341232543e-01
7.205683355886333130e-01 7.779282329045362765e-01
7.219215155615696933e-01 7.779282329045362765e-01
7.219215155615696933e-01 7.786052809749491876e-01
7.232746955345060735e-01 7.786052809749491876e-01
7.232746955345060735e-01 7.792823290453622098e-01
7.239512855209743192e-01 7.792823290453622098e-01
7.239512855209743192e-01 7.799593771157752320e-01
7.246278755074424538e-01 7.799593771157752320e-01
7.246278755074424538e-01 7.806364251861882542e-01
7.253044654939106994e-01 7.806364251861882542e-01
7.253044654939106994e-01 7.813134732566011653e-01
7.266576454668470797e-01 7.813134732566011653e-01
7.266576454668470797e-01 7.826675693974272097e-01
7.273342354533153253e-01 7.826675693974272097e-01
7.273342354533153253e-01 7.833446174678402318e-01
7.280108254397834600e-01 7.833446174678402318e-01
7.280108254397834600e-01 7.846987136086661652e-01
7.307171853856563315e-01 7.846987136086661652e-01
7.307171853856563315e-01 7.853757616790791873e-01
7.320703653585927118e-01 7.853757616790791873e-01
7.320703653585927118e-01 7.880839539607311650e-01
7.341001353179973377e-01 7.880839539607311650e-01
7.354533152909337179e-01 7.880839539607311650e-01
7.354533152909337179e-01 7.901150981719702315e-01
7.368064952638700982e-01 7.901150981719702315e-01
7.381596752368064784e-01 7.901150981719702315e-01
7.381596752368064784e-01 7.955314827352741869e-01
7.415426251691474846e-01 7.955314827352741869e-01
7.415426251691474846e-01 7.962085308056872091e-01
7.422192151556157302e-01 7.962085308056872091e-01
7.422192151556157302e-01 7.995937711577522089e-01
7.428958051420838649e-01 7.995937711577522089e-01
7.428958051420838649e-01 8.002708192281652311e-01
7.442489851150202451e-01 8.002708192281652311e-01
7.442489851150202451e-01 8.009478672985782532e-01
7.469553450608931167e-01 8.009478672985782532e-01
7.469553450608931167e-01 8.016249153689911644e-01
7.496617050067658772e-01 8.016249153689911644e-01
7.496617050067658772e-01 8.036560595802302309e-01
7.516914749661705031e-01 8.036560595802302309e-01
7.516914749661705031e-01 8.043331076506431421e-01
7.523680649526387487e-01 8.043331076506431421e-01
7.523680649526387487e-01 8.063642518618822086e-01
7.530446549391068833e-01 8.063642518618822086e-01
7.530446549391068833e-01 8.077183480027081419e-01
7.550744248985115092e-01 8.077183480027081419e-01
7.564276048714478895e-01 8.077183480027081419e-01
7.571041948579161351e-01 8.077183480027081419e-01
7.571041948579161351e-01 8.090724441435341863e-01
7.584573748308525154e-01 8.090724441435341863e-01
7.584573748308525154e-01 8.097494922139472084e-01
7.598105548037888957e-01 8.097494922139472084e-01
7.598105548037888957e-01 8.104265402843602306e-01
7.618403247631935216e-01 8.104265402843602306e-01
7.618403247631935216e-01 8.117806364251861639e-01
7.625169147496616562e-01 8.117806364251861639e-01
7.625169147496616562e-01 8.131347325660122083e-01
7.645466847090662821e-01 8.131347325660122083e-01
7.652232746955345277e-01 8.131347325660122083e-01
7.652232746955345277e-01 8.138117806364252305e-01
7.658998646820026623e-01 8.138117806364252305e-01
7.658998646820026623e-01 8.144888287068381416e-01
7.672530446549391536e-01 8.144888287068381416e-01
7.679296346414072882e-01 8.144888287068381416e-01
7.679296346414072882e-01 8.151658767772511638e-01
7.686062246278755339e-01 8.151658767772511638e-01
7.686062246278755339e-01 8.158429248476641860e-01
7.692828146143436685e-01 8.158429248476641860e-01
7.692828146143436685e-01 8.199052132701422080e-01
7.706359945872801598e-01 8.199052132701422080e-01
7.706359945872801598e-01 8.205822613405552302e-01
7.713125845737482944e-01 8.205822613405552302e-01
7.713125845737482944e-01 8.226134055517941857e-01
7.726657645466846747e-01 8.226134055517941857e-01
7.726657645466846747e-01 8.232904536222072078e-01
7.733423545331529203e-01 8.232904536222072078e-01
7.733423545331529203e-01 8.239675016926202300e-01
7.753721244925575462e-01 8.239675016926202300e-01
7.753721244925575462e-01 8.253215978334461633e-01
7.767253044654939265e-01 8.253215978334461633e-01
7.780784844384303067e-01 8.253215978334461633e-01
7.807848443843030672e-01 8.253215978334461633e-01
7.807848443843030672e-01 8.266756939742722077e-01
7.834912043301759388e-01 8.266756939742722077e-01
7.834912043301759388e-01 8.273527420446851188e-01
7.841677943166440734e-01 8.273527420446851188e-01
7.841677943166440734e-01 8.280297901150981410e-01
7.855209742895805647e-01 8.280297901150981410e-01
7.855209742895805647e-01 8.287068381855111632e-01
7.861975642760486993e-01 8.287068381855111632e-01
7.861975642760486993e-01 8.293838862559241853e-01
7.868741542625169449e-01 8.293838862559241853e-01
7.868741542625169449e-01 8.307379823967501187e-01
7.875507442489850796e-01 8.307379823967501187e-01
7.875507442489850796e-01 8.334461746784022074e-01
7.889039242219215708e-01 8.334461746784022074e-01
7.889039242219215708e-01 8.375084631008801184e-01
7.895805142083897055e-01 8.375084631008801184e-01
7.895805142083897055e-01 8.381855111712931405e-01
7.902571041948579511e-01 8.381855111712931405e-01
7.902571041948579511e-01 8.395396073121191849e-01
7.909336941813260857e-01 8.395396073121191849e-01
7.909336941813260857e-01 8.402166553825322071e-01
7.916102841677943314e-01 8.402166553825322071e-01
7.929634641407307116e-01 8.402166553825322071e-01
7.929634641407307116e-01 8.415707515233581404e-01
7.936400541271989573e-01 8.415707515233581404e-01
7.936400541271989573e-01 8.456330399458361624e-01
7.949932341001353375e-01 8.456330399458361624e-01
7.949932341001353375e-01 8.463100880162491846e-01
7.970230040595399634e-01 8.463100880162491846e-01
7.970230040595399634e-01 8.476641841570751179e-01
7.983761840324763437e-01 8.476641841570751179e-01
7.983761840324763437e-01 8.496953283683141844e-01
7.990527740189444783e-01 8.496953283683141844e-01
7.990527740189444783e-01 8.503723764387270956e-01
8.010825439783491042e-01 8.503723764387270956e-01
8.010825439783491042e-01 8.510494245091401178e-01
8.024357239512854845e-01 8.510494245091401178e-01
8.024357239512854845e-01 8.517264725795531399e-01
8.031123139377537301e-01 8.517264725795531399e-01
8.031123139377537301e-01 8.524035206499661621e-01
8.051420838971583560e-01 8.524035206499661621e-01
8.051420838971583560e-01 8.544346648612051176e-01
8.064952638700947363e-01 8.544346648612051176e-01
8.064952638700947363e-01 8.557887610020311620e-01
8.085250338294993622e-01 8.557887610020311620e-01
8.085250338294993622e-01 8.578199052132701175e-01
8.092016238159674968e-01 8.578199052132701175e-01
8.092016238159674968e-01 8.584969532836831396e-01
8.098782138024357424e-01 8.584969532836831396e-01
8.098782138024357424e-01 8.591740013540961618e-01
8.105548037889038770e-01 8.591740013540961618e-01
8.105548037889038770e-01 8.605280974949220951e-01
8.119079837618403683e-01 8.605280974949220951e-01
8.125845737483085029e-01 8.605280974949220951e-01
8.125845737483085029e-01 8.618821936357481395e-01
8.139377537212448832e-01 8.618821936357481395e-01
8.152909336941813745e-01 8.618821936357481395e-01
8.152909336941813745e-01 8.632362897765741838e-01
8.179972936400541350e-01 8.632362897765741838e-01
8.207036535859268955e-01 8.632362897765741838e-01
8.227334235453315214e-01 8.632362897765741838e-01
8.234100135317997671e-01 8.632362897765741838e-01
8.234100135317997671e-01 8.672985781990520948e-01
8.247631935047361473e-01 8.672985781990520948e-01
8.247631935047361473e-01 8.679756262694651170e-01
8.254397834912042820e-01 8.679756262694651170e-01
8.254397834912042820e-01 8.700067704807041835e-01
8.261163734776725276e-01 8.700067704807041835e-01
8.261163734776725276e-01 8.706838185511170947e-01
8.274695534506089079e-01 8.706838185511170947e-01
8.274695534506089079e-01 8.720379146919431390e-01
8.281461434370771535e-01 8.720379146919431390e-01
8.294993234100135338e-01 8.720379146919431390e-01
8.294993234100135338e-01 8.727149627623561612e-01
8.308525033829499140e-01 8.727149627623561612e-01
8.308525033829499140e-01 8.740690589031820945e-01
8.315290933694181597e-01 8.740690589031820945e-01
8.315290933694181597e-01 8.761002031144211610e-01
8.335588633288227856e-01 8.761002031144211610e-01
8.335588633288227856e-01 8.767772511848340722e-01
8.342354533152909202e-01 8.767772511848340722e-01
8.342354533152909202e-01 8.794854434664861609e-01
8.349120433017591658e-01 8.794854434664861609e-01
8.369418132611636807e-01 8.794854434664861609e-01
8.382949932341001720e-01 8.794854434664861609e-01
8.389715832205683066e-01 8.794854434664861609e-01
8.389715832205683066e-01 8.801624915368990720e-01
8.396481732070365522e-01 8.801624915368990720e-01
8.410013531799729325e-01 8.801624915368990720e-01
8.423545331529093128e-01 8.801624915368990720e-01
8.423545331529093128e-01 8.808395396073120942e-01
8.443843031123139387e-01 8.808395396073120942e-01
8.443843031123139387e-01 8.821936357481381386e-01
8.450608930987821843e-01 8.821936357481381386e-01
8.450608930987821843e-01 8.835477318889640719e-01
8.457374830852503189e-01 8.835477318889640719e-01
8.457374830852503189e-01 8.849018280297901162e-01
8.470906630581866992e-01 8.849018280297901162e-01
8.470906630581866992e-01 8.855788761002031384e-01
8.477672530446549448e-01 8.855788761002031384e-01
8.477672530446549448e-01 8.869329722410290717e-01
8.504736129905277053e-01 8.869329722410290717e-01
8.504736129905277053e-01 8.889641164522681382e-01
8.525033829499323312e-01 8.889641164522681382e-01
8.525033829499323312e-01 8.896411645226811604e-01
8.531799729364005769e-01 8.896411645226811604e-01
8.531799729364005769e-01 8.916723087339201159e-01
8.545331529093369571e-01 8.916723087339201159e-01
8.545331529093369571e-01 8.943805010155720936e-01
8.572395128552097177e-01 8.943805010155720936e-01
8.572395128552097177e-01 8.950575490859851158e-01
8.579161028416779633e-01 8.950575490859851158e-01
8.579161028416779633e-01 8.957345971563981379e-01
8.599458728010825892e-01 8.957345971563981379e-01
8.599458728010825892e-01 8.964116452268110491e-01
8.619756427604871041e-01 8.964116452268110491e-01
8.619756427604871041e-01 8.970886932972240713e-01
8.633288227334235954e-01 8.970886932972240713e-01
8.633288227334235954e-01 8.977657413676370934e-01
8.646820027063599756e-01 8.977657413676370934e-01
8.646820027063599756e-01 9.004739336492890711e-01
8.660351826792963559e-01 9.004739336492890711e-01
8.660351826792963559e-01 9.018280297901151155e-01
8.667117726657646015e-01 9.018280297901151155e-01
8.667117726657646015e-01 9.025050778605281376e-01
8.673883626522327361e-01 9.025050778605281376e-01
8.673883626522327361e-01 9.031821259309410488e-01
8.680649526387009818e-01 9.031821259309410488e-01
8.680649526387009818e-01 9.038591740013540710e-01
8.687415426251691164e-01 9.038591740013540710e-01
8.687415426251691164e-01 9.045362220717670931e-01
8.700947225981054967e-01 9.045362220717670931e-01
8.700947225981054967e-01 9.079214624238320930e-01
8.707713125845737423e-01 9.079214624238320930e-01
8.707713125845737423e-01 9.085985104942451152e-01
8.721244925575101226e-01 9.085985104942451152e-01
8.721244925575101226e-01 9.092755585646581373e-01
8.728010825439783682e-01 9.092755585646581373e-01
8.728010825439783682e-01 9.106296547054840707e-01
8.734776725304465028e-01 9.106296547054840707e-01
8.748308525033829941e-01 9.106296547054840707e-01
8.755074424898511287e-01 9.106296547054840707e-01
8.775372124492557546e-01 9.106296547054840707e-01
8.775372124492557546e-01 9.113067027758970928e-01
8.836265223274695213e-01 9.113067027758970928e-01
8.836265223274695213e-01 9.146919431279620927e-01
8.849797023004059016e-01 9.146919431279620927e-01
8.856562922868741472e-01 9.146919431279620927e-01
8.856562922868741472e-01 9.160460392687881370e-01
8.870094722598105275e-01 9.160460392687881370e-01
8.870094722598105275e-01 9.167230873392010482e-01
8.883626522327469077e-01 9.167230873392010482e-01
8.897158322056833990e-01 9.167230873392010482e-01
8.897158322056833990e-01 9.194312796208530258e-01
8.910690121786197793e-01 9.194312796208530258e-01
8.924221921515561595e-01 9.194312796208530258e-01
8.924221921515561595e-01 9.201083276912660480e-01
8.944519621109607854e-01 9.201083276912660480e-01
8.944519621109607854e-01 9.255247122545701144e-01
8.951285520974289200e-01 9.255247122545701144e-01
8.951285520974289200e-01 9.268788083953960477e-01
8.971583220568335459e-01 9.268788083953960477e-01
8.978349120433017916e-01 9.268788083953960477e-01
8.978349120433017916e-01 9.295870006770480254e-01
8.985115020297699262e-01 9.295870006770480254e-01
8.985115020297699262e-01 9.329722410291130252e-01
8.998646820027063065e-01 9.329722410291130252e-01
9.025710419485791780e-01 9.329722410291130252e-01
9.025710419485791780e-01 9.336492890995260474e-01
9.032476319350473126e-01 9.336492890995260474e-01
9.032476319350473126e-01 9.343263371699390696e-01
9.039242219215155583e-01 9.343263371699390696e-01
9.039242219215155583e-01 9.356804333107651139e-01
9.052774018944519385e-01 9.356804333107651139e-01
9.052774018944519385e-01 9.377115775220040694e-01
9.059539918809201842e-01 9.377115775220040694e-01
9.059539918809201842e-01 9.383886255924170916e-01
9.066305818673883188e-01 9.383886255924170916e-01
9.066305818673883188e-01 9.390656736628301138e-01
9.079837618403248101e-01 9.390656736628301138e-01
9.079837618403248101e-01 9.397427217332430249e-01
9.086603518267929447e-01 9.397427217332430249e-01
9.086603518267929447e-01 9.410968178740690693e-01
9.100135317997293249e-01 9.410968178740690693e-01
9.113667117726658162e-01 9.410968178740690693e-01
9.120433017591339508e-01 9.410968178740690693e-01
9.120433017591339508e-01 9.417738659444820915e-01
9.133964817320703311e-01 9.417738659444820915e-01
9.133964817320703311e-01 9.431279620853080248e-01
9.140730717185385767e-01 9.431279620853080248e-01
9.140730717185385767e-01 9.438050101557210469e-01
9.147496617050067114e-01 9.438050101557210469e-01
9.161028416779432026e-01 9.438050101557210469e-01
9.167794316644113373e-01 9.438050101557210469e-01
9.167794316644113373e-01 9.458361543669600024e-01
9.174560216508795829e-01 9.458361543669600024e-01
9.188092016238159632e-01 9.458361543669600024e-01
9.194857916102842088e-01 9.458361543669600024e-01
9.194857916102842088e-01 9.485443466486120911e-01
9.201623815967523434e-01 9.485443466486120911e-01
9.201623815967523434e-01 9.498984427894380245e-01
9.221921515561569693e-01 9.498984427894380245e-01
9.221921515561569693e-01 9.512525389302640688e-01
9.228687415426252150e-01 9.512525389302640688e-01
9.228687415426252150e-01 9.539607312119160465e-01
9.242219215155615952e-01 9.539607312119160465e-01
9.248985115020297298e-01 9.539607312119160465e-01
9.248985115020297298e-01 9.553148273527420908e-01
9.262516914749662211e-01 9.553148273527420908e-01
9.262516914749662211e-01 9.566689234935680242e-01
9.269282814614343557e-01 9.566689234935680242e-01
9.296346414073072273e-01 9.566689234935680242e-01
9.296346414073072273e-01 9.587000677048070907e-01
9.303112313937753619e-01 9.587000677048070907e-01
9.303112313937753619e-01 9.593771157752200018e-01
9.316644113667117422e-01 9.593771157752200018e-01
9.330175913396481224e-01 9.593771157752200018e-01
9.330175913396481224e-01 9.607312119160460462e-01
9.343707713125846137e-01 9.607312119160460462e-01
9.343707713125846137e-01 9.620853080568720905e-01
9.357239512855209940e-01 9.620853080568720905e-01
9.377537212449256199e-01 9.620853080568720905e-01
9.377537212449256199e-01 9.634394041976980239e-01
9.384303112313937545e-01 9.634394041976980239e-01
9.384303112313937545e-01 9.661475964793500015e-01
9.397834912043301347e-01 9.661475964793500015e-01
9.397834912043301347e-01 9.675016926201760459e-01
9.411366711772666260e-01 9.675016926201760459e-01
9.424898511502030063e-01 9.675016926201760459e-01
9.424898511502030063e-01 9.695328368314150014e-01
9.438430311231393866e-01 9.695328368314150014e-01
9.451962110960757668e-01 9.695328368314150014e-01
9.451962110960757668e-01 9.702098849018280236e-01
9.465493910690121471e-01 9.702098849018280236e-01
9.479025710419485273e-01 9.702098849018280236e-01
9.485791610284167730e-01 9.702098849018280236e-01
9.485791610284167730e-01 9.708869329722410457e-01
9.492557510148850186e-01 9.708869329722410457e-01
9.492557510148850186e-01 9.722410291130669791e-01
9.512855209742895335e-01 9.722410291130669791e-01
9.526387009472260248e-01 9.722410291130669791e-01
9.539918809201624050e-01 9.722410291130669791e-01
9.539918809201624050e-01 9.735951252538930234e-01
9.566982408660351656e-01 9.735951252538930234e-01
9.566982408660351656e-01 9.742721733243060456e-01
9.580514208389715458e-01 9.742721733243060456e-01
9.580514208389715458e-01 9.749492213947190677e-01
9.587280108254397915e-01 9.749492213947190677e-01
9.587280108254397915e-01 9.756262694651319789e-01
9.607577807848444174e-01 9.756262694651319789e-01
9.621109607577807976e-01 9.756262694651319789e-01
9.634641407307171779e-01 9.756262694651319789e-01
9.634641407307171779e-01 9.763033175355450011e-01
9.641407307171854235e-01 9.763033175355450011e-01
9.641407307171854235e-01 9.769803656059580232e-01
9.654939106901218038e-01 9.769803656059580232e-01
9.668470906630581840e-01 9.769803656059580232e-01
9.668470906630581840e-01 9.776574136763710454e-01
9.682002706359945643e-01 9.776574136763710454e-01
9.688768606224628099e-01 9.776574136763710454e-01
9.702300405953991902e-01 9.776574136763710454e-01
9.702300405953991902e-01 9.790115098171969787e-01
9.736129905277401964e-01 9.790115098171969787e-01
9.736129905277401964e-01 9.803656059580230231e-01
9.749661705006765766e-01 9.803656059580230231e-01
9.749661705006765766e-01 9.810426540284360453e-01
9.763193504736129569e-01 9.810426540284360453e-01
9.763193504736129569e-01 9.830737982396750008e-01
9.769959404600812025e-01 9.830737982396750008e-01
9.769959404600812025e-01 9.837508463100880229e-01
9.776725304465493371e-01 9.837508463100880229e-01
9.776725304465493371e-01 9.851049424509140673e-01
9.797023004059539630e-01 9.851049424509140673e-01
9.797023004059539630e-01 9.864590385917400006e-01
9.810554803788903433e-01 9.864590385917400006e-01
9.810554803788903433e-01 9.871360866621530228e-01
9.817320703653585889e-01 9.871360866621530228e-01
9.817320703653585889e-01 9.884901828029789561e-01
9.824086603518268346e-01 9.884901828029789561e-01
9.824086603518268346e-01 9.898442789438050005e-01
9.830852503382949692e-01 9.898442789438050005e-01
9.830852503382949692e-01 9.905213270142180226e-01
9.844384303112313495e-01 9.905213270142180226e-01
9.864682002706359754e-01 9.905213270142180226e-01
9.864682002706359754e-01 9.911983750846310448e-01
9.891745602165088469e-01 9.911983750846310448e-01
9.898511502029769815e-01 9.911983750846310448e-01
9.898511502029769815e-01 9.939065673662830225e-01
9.912043301759133618e-01 9.939065673662830225e-01
9.912043301759133618e-01 9.952606635071089558e-01
9.918809201623816074e-01 9.952606635071089558e-01
9.918809201623816074e-01 9.959377115775219780e-01
9.932341001353179877e-01 9.959377115775219780e-01
9.932341001353179877e-01 9.966147596479350002e-01
9.952638700947226136e-01 9.966147596479350002e-01
9.966170500676589938e-01 9.966147596479350002e-01
9.972936400541272395e-01 9.966147596479350002e-01
9.972936400541272395e-01 9.972918077183480223e-01
9.986468200270636197e-01 9.972918077183480223e-01
9.986468200270636197e-01 9.979688557887610445e-01
9.993234100135317544e-01 9.979688557887610445e-01
9.993234100135317544e-01 1.000000000000000000e+00
1.000000000000000000e+00 1.000000000000000000e+00
