# auc=0.765
# acc=0.699
0.000000000000000000e+00 0.000000000000000000e+00
0.000000000000000000e+00 6.770480704129992972e-04
0.000000000000000000e+00 1.327014218009478774e-01
6.765899864682003214e-04 1.327014218009478774e-01
6.765899864682003214e-04 2.037914691943127909e-01
1.353179972936400643e-03 2.037914691943127909e-01
1.353179972936400643e-03 2.125930941096817739e-01
2.029769959404600747e-03 2.125930941096817739e-01
2.029769959404600747e-03 2.322274881516587786e-01
2.706359945872801286e-03 2.322274881516587786e-01
2.706359945872801286e-03 2.362897765741367728e-01
4.059539918809201495e-03 2.362897765741367728e-01
4.059539918809201495e-03 2.525389302640487221e-01
4.736129905277402033e-03 2.525389302640487221e-01
4.736129905277402033e-03 2.599864590385917440e-01
5.412719891745602571e-03 2.599864590385917440e-01
5.412719891745602571e-03 2.674339878131347104e-01
6.089309878213802242e-03 2.674339878131347104e-01
6.089309878213802242e-03 2.687880839539607547e-01
6.765899864682002780e-03 2.687880839539607547e-01
6.765899864682002780e-03 2.708192281651997102e-01
8.119079837618402989e-03 2.708192281651997102e-01
8.119079837618402989e-03 2.735274204468517434e-01
8.795669824086603528e-03 2.735274204468517434e-01
8.795669824086603528e-03 2.782667569397427321e-01
1.014884979702300460e-02 2.782667569397427321e-01
1.014884979702300460e-02 3.039945836154366865e-01
1.150202976995940395e-02 3.039945836154366865e-01
1.150202976995940395e-02 3.053486797562626753e-01
1.285520974289580502e-02 3.053486797562626753e-01
1.285520974289580502e-02 3.127962085308056972e-01
1.353179972936400556e-02 3.127962085308056972e-01
1.353179972936400556e-02 3.202437373053486636e-01
1.420838971583220610e-02 3.202437373053486636e-01
1.420838971583220610e-02 3.256601218686526744e-01
1.488497970230040664e-02 3.256601218686526744e-01
1.488497970230040664e-02 3.276912660798916854e-01
1.556156968876860544e-02 3.276912660798916854e-01
1.556156968876860544e-02 3.310765064319566853e-01
1.623815967523680598e-02 3.310765064319566853e-01
1.623815967523680598e-02 3.317535545023696519e-01
1.691474966170500652e-02 3.317535545023696519e-01
1.691474966170500652e-02 3.331076506431956408e-01
1.759133964817320706e-02 3.331076506431956408e-01
1.759133964817320706e-02 3.337846987136086629e-01
1.826792963464140759e-02 3.337846987136086629e-01
1.826792963464140759e-02 3.358158429248476740e-01
1.894451962110960813e-02 3.358158429248476740e-01
1.894451962110960813e-02 3.486797562626946512e-01
1.962110960757780867e-02 3.486797562626946512e-01
1.962110960757780867e-02 3.527420446851726732e-01
2.232746955345060735e-02 3.527420446851726732e-01
2.232746955345060735e-02 3.540961408259986620e-01
2.300405953991880789e-02 3.540961408259986620e-01
2.300405953991880789e-02 3.554502369668246509e-01
2.368064952638700843e-02 3.554502369668246509e-01
2.368064952638700843e-02 3.568043331076506397e-01
2.571041948579161004e-02 3.568043331076506397e-01
2.571041948579161004e-02 3.635748138117806394e-01
2.638700947225981058e-02 3.635748138117806394e-01
2.638700947225981058e-02 3.649289099526066282e-01
2.706359945872801112e-02 3.649289099526066282e-01
2.706359945872801112e-02 3.771157752200406388e-01
2.841677943166441220e-02 3.771157752200406388e-01
2.841677943166441220e-02 3.798239675016926165e-01
2.976995940460081327e-02 3.798239675016926165e-01
3.112313937753721088e-02 3.798239675016926165e-01
3.112313937753721088e-02 3.811780636425186053e-01
3.179972936400541489e-02 3.811780636425186053e-01
3.179972936400541489e-02 3.825321597833445941e-01
3.247631935047361196e-02 3.825321597833445941e-01
3.247631935047361196e-02 3.845633039945836051e-01
3.315290933694181597e-02 3.845633039945836051e-01
3.315290933694181597e-02 3.906567366283005827e-01
3.450608930987821704e-02 3.906567366283005827e-01
3.450608930987821704e-02 3.960731211916045935e-01
3.585926928281461118e-02 3.960731211916045935e-01
3.585926928281461118e-02 3.987813134732566267e-01
3.653585926928281519e-02 3.987813134732566267e-01
3.653585926928281519e-02 4.014895057549086044e-01
3.721244925575101226e-02 4.014895057549086044e-01
3.721244925575101226e-02 4.035206499661476154e-01
3.788903924221921626e-02 4.035206499661476154e-01
3.788903924221921626e-02 4.062288422477995931e-01
3.856562922868741333e-02 4.062288422477995931e-01
3.991880920162381441e-02 4.062288422477995931e-01
3.991880920162381441e-02 4.082599864590386041e-01
4.059539918809201842e-02 4.082599864590386041e-01
4.059539918809201842e-02 4.096140825998645929e-01
4.127198917456021549e-02 4.096140825998645929e-01
4.127198917456021549e-02 4.109681787406905817e-01
4.194857916102841949e-02 4.109681787406905817e-01
4.194857916102841949e-02 4.136763710223425594e-01
4.262516914749661656e-02 4.136763710223425594e-01
4.397834912043301764e-02 4.136763710223425594e-01
4.397834912043301764e-02 4.177386594448205814e-01
4.465493910690121471e-02 4.177386594448205814e-01
4.465493910690121471e-02 4.184157075152336036e-01
4.533152909336941871e-02 4.184157075152336036e-01
4.668470906630581979e-02 4.184157075152336036e-01
4.668470906630581979e-02 4.211238997968855813e-01
4.736129905277401686e-02 4.211238997968855813e-01
4.736129905277401686e-02 4.224779959377115701e-01
4.803788903924222087e-02 4.224779959377115701e-01
4.803788903924222087e-02 4.238320920785375590e-01
5.074424898511502302e-02 4.238320920785375590e-01
5.209742895805142410e-02 4.238320920785375590e-01
5.209742895805142410e-02 4.258632362897765700e-01
5.480378890392421931e-02 4.258632362897765700e-01
5.480378890392421931e-02 4.272173324306025588e-01
5.548037889039242332e-02 4.272173324306025588e-01
5.548037889039242332e-02 4.278943805010155810e-01
5.615696887686062039e-02 4.278943805010155810e-01
5.615696887686062039e-02 4.292484766418415698e-01
5.683355886332882440e-02 4.292484766418415698e-01
5.683355886332882440e-02 4.299255247122545920e-01
5.818673883626522547e-02 4.299255247122545920e-01
5.818673883626522547e-02 4.326337169939065697e-01
5.886332882273342254e-02 4.326337169939065697e-01
5.886332882273342254e-02 4.366960054163845362e-01
5.953991880920162655e-02 4.366960054163845362e-01
5.953991880920162655e-02 4.373730534867975583e-01
6.021650879566982362e-02 4.373730534867975583e-01
6.021650879566982362e-02 4.400812457684495360e-01
6.089309878213802762e-02 4.400812457684495360e-01
6.089309878213802762e-02 4.414353419092755804e-01
6.156968876860622469e-02 4.414353419092755804e-01
6.156968876860622469e-02 4.434664861205145359e-01
6.224627875507442176e-02 4.434664861205145359e-01
6.224627875507442176e-02 4.454976303317535469e-01
6.427604871447901991e-02 4.454976303317535469e-01
6.427604871447901991e-02 4.468517264725795357e-01
6.495263870094722392e-02 4.468517264725795357e-01
6.630581867388363193e-02 4.468517264725795357e-01
6.630581867388363193e-02 4.482058226134055245e-01
6.765899864682002607e-02 4.482058226134055245e-01
6.765899864682002607e-02 4.509140148950575577e-01
6.833558863328823008e-02 4.509140148950575577e-01
6.833558863328823008e-02 4.529451591062965687e-01
6.901217861975643408e-02 4.529451591062965687e-01
6.901217861975643408e-02 4.536222071767095354e-01
7.036535859269282822e-02 4.536222071767095354e-01
7.036535859269282822e-02 4.556533513879485464e-01
7.171853856562922236e-02 4.556533513879485464e-01
7.171853856562922236e-02 4.576844955991875574e-01
7.239512855209742637e-02 4.576844955991875574e-01
7.374830852503383438e-02 4.576844955991875574e-01
7.374830852503383438e-02 4.590385917400135463e-01
7.442489851150202451e-02 4.590385917400135463e-01
7.442489851150202451e-02 4.610697359512525573e-01
7.510148849797022852e-02 4.610697359512525573e-01
7.510148849797022852e-02 4.617467840216655239e-01
7.577807848443843253e-02 4.617467840216655239e-01
7.577807848443843253e-02 4.631008801624915128e-01
7.713125845737482666e-02 4.631008801624915128e-01
7.713125845737482666e-02 4.637779282329045349e-01
7.780784844384303067e-02 4.637779282329045349e-01
7.916102841677942481e-02 4.637779282329045349e-01
7.983761840324762882e-02 4.637779282329045349e-01
8.119079837618403683e-02 4.637779282329045349e-01
8.186738836265222696e-02 4.637779282329045349e-01
8.186738836265222696e-02 4.664861205145565126e-01
8.254397834912043097e-02 4.664861205145565126e-01
8.254397834912043097e-02 4.685172647257955236e-01
8.322056833558863498e-02 4.685172647257955236e-01
8.322056833558863498e-02 4.705484089370345346e-01
8.457374830852502912e-02 4.705484089370345346e-01
8.457374830852502912e-02 4.732566012186865123e-01
8.592692828146143713e-02 4.732566012186865123e-01
8.592692828146143713e-02 4.739336492890995345e-01
8.660351826792964114e-02 4.739336492890995345e-01
8.660351826792964114e-02 4.746106973595125011e-01
8.728010825439783127e-02 4.746106973595125011e-01
8.728010825439783127e-02 4.759647935003385455e-01
8.795669824086603528e-02 4.759647935003385455e-01
8.795669824086603528e-02 4.779959377115775010e-01
8.998646820027063342e-02 4.779959377115775010e-01
8.998646820027063342e-02 4.786729857819905232e-01
9.133964817320704144e-02 4.786729857819905232e-01
9.269282814614343557e-02 4.786729857819905232e-01
9.269282814614343557e-02 4.793500338524035453e-01
9.336941813261163958e-02 4.793500338524035453e-01
9.336941813261163958e-02 4.807041299932295342e-01
9.675236806495263187e-02 4.807041299932295342e-01
9.675236806495263187e-02 4.820582261340555230e-01
9.742895805142083587e-02 4.820582261340555230e-01
9.742895805142083587e-02 4.840893703452945340e-01
9.878213802435724389e-02 4.840893703452945340e-01
9.878213802435724389e-02 4.854434664861205229e-01
9.945872801082543402e-02 4.854434664861205229e-01
9.945872801082543402e-02 4.874746106973595339e-01
1.014884979702300460e-01 4.874746106973595339e-01
1.021650879566982362e-01 4.874746106973595339e-01
1.021650879566982362e-01 4.881516587677725005e-01
1.028416779431664402e-01 4.881516587677725005e-01
1.028416779431664402e-01 4.895057549085984894e-01
1.035182679296346442e-01 4.895057549085984894e-01
1.035182679296346442e-01 4.901828029790115115e-01
1.041948579161028482e-01 4.901828029790115115e-01
1.041948579161028482e-01 4.922139471902505226e-01
1.048714479025710383e-01 4.922139471902505226e-01
1.048714479025710383e-01 4.935680433310765114e-01
1.062246278755074463e-01 4.935680433310765114e-01
1.062246278755074463e-01 4.955991875423155224e-01
1.075778078484438405e-01 4.955991875423155224e-01
1.075778078484438405e-01 4.962762356127284891e-01
1.082543978349120445e-01 4.962762356127284891e-01
1.082543978349120445e-01 5.003385240352065111e-01
1.089309878213802485e-01 5.003385240352065111e-01
1.102841677943166426e-01 5.003385240352065111e-01
1.102841677943166426e-01 5.010155721056195333e-01
1.116373477672530506e-01 5.010155721056195333e-01
1.116373477672530506e-01 5.023696682464454666e-01
1.123139377537212408e-01 5.023696682464454666e-01
1.123139377537212408e-01 5.050778605280974443e-01
1.129905277401894448e-01 5.050778605280974443e-01
1.129905277401894448e-01 5.057549085985104664e-01
1.136671177266576488e-01 5.057549085985104664e-01
1.136671177266576488e-01 5.091401489505754663e-01
1.156968876860622469e-01 5.091401489505754663e-01
1.170500676589986411e-01 5.091401489505754663e-01
1.170500676589986411e-01 5.104942450914015106e-01
1.197564276048714432e-01 5.104942450914015106e-01
1.197564276048714432e-01 5.125253893026404661e-01
1.211096075778078512e-01 5.125253893026404661e-01
1.211096075778078512e-01 5.172647257955315103e-01
1.224627875507442454e-01 5.172647257955315103e-01
1.224627875507442454e-01 5.179417738659445325e-01
1.231393775372124494e-01 5.179417738659445325e-01
1.231393775372124494e-01 5.192958700067704658e-01
1.238159675236806534e-01 5.192958700067704658e-01
1.238159675236806534e-01 5.199729180771834880e-01
1.251691474966170614e-01 5.199729180771834880e-01
1.251691474966170614e-01 5.220040622884224435e-01
1.258457374830852515e-01 5.220040622884224435e-01
1.258457374830852515e-01 5.247122545700744212e-01
1.265223274695534417e-01 5.247122545700744212e-01
1.265223274695534417e-01 5.260663507109004655e-01
1.271989174560216596e-01 5.260663507109004655e-01
1.271989174560216596e-01 5.267433987813134877e-01
1.292286874154262577e-01 5.267433987813134877e-01
1.292286874154262577e-01 5.274204468517265099e-01
1.299052774018944478e-01 5.274204468517265099e-01
1.299052774018944478e-01 5.280974949221394210e-01
1.312584573748308558e-01 5.280974949221394210e-01
1.312584573748308558e-01 5.287745429925524432e-01
1.319350473612990460e-01 5.287745429925524432e-01
1.319350473612990460e-01 5.294515910629654654e-01
1.332882273342354540e-01 5.294515910629654654e-01
1.332882273342354540e-01 5.314827352742044209e-01
1.339648173207036441e-01 5.314827352742044209e-01
1.339648173207036441e-01 5.335138794854434874e-01
1.359945872801082423e-01 5.335138794854434874e-01
1.359945872801082423e-01 5.348679756262694207e-01
1.387009472259810583e-01 5.348679756262694207e-01
1.387009472259810583e-01 5.368991198375084872e-01
1.393775372124492484e-01 5.368991198375084872e-01
1.393775372124492484e-01 5.409614082599865093e-01
1.400541271989174663e-01 5.409614082599865093e-01
1.400541271989174663e-01 5.436696005416384869e-01
1.420838971583220645e-01 5.436696005416384869e-01
1.420838971583220645e-01 5.450236966824644202e-01
1.434370771312584447e-01 5.450236966824644202e-01
1.434370771312584447e-01 5.457007447528774424e-01
1.447902571041948527e-01 5.457007447528774424e-01
1.447902571041948527e-01 5.463777928232904646e-01
1.454668470906630706e-01 5.463777928232904646e-01
1.454668470906630706e-01 5.477318889641163979e-01
1.461434370771312607e-01 5.477318889641163979e-01
1.461434370771312607e-01 5.511171293161813978e-01
1.474966170500676688e-01 5.511171293161813978e-01
1.474966170500676688e-01 5.524712254570074421e-01
1.481732070365358589e-01 5.524712254570074421e-01
1.481732070365358589e-01 5.531482735274204643e-01
1.488497970230040490e-01 5.531482735274204643e-01
1.508795669824086472e-01 5.531482735274204643e-01
1.508795669824086472e-01 5.545023696682463976e-01
1.522327469553450552e-01 5.545023696682463976e-01
1.522327469553450552e-01 5.558564658090724420e-01
1.529093369418132731e-01 5.558564658090724420e-01
1.529093369418132731e-01 5.612728503723763973e-01
1.535859269282814632e-01 5.612728503723763973e-01
1.535859269282814632e-01 5.633039945836154638e-01
1.542625169147496533e-01 5.633039945836154638e-01
1.542625169147496533e-01 5.660121868652674415e-01
1.562922868741542515e-01 5.660121868652674415e-01
1.562922868741542515e-01 5.666892349356804637e-01
1.589986468200270675e-01 5.666892349356804637e-01
1.589986468200270675e-01 5.673662830060934859e-01
1.603518267929634755e-01 5.673662830060934859e-01
1.603518267929634755e-01 5.687203791469194192e-01
1.617050067658998558e-01 5.687203791469194192e-01
1.617050067658998558e-01 5.707515233581583747e-01
1.630581867388362638e-01 5.707515233581583747e-01
1.630581867388362638e-01 5.714285714285713969e-01
1.637347767253044539e-01 5.714285714285713969e-01
1.650879566982408619e-01 5.714285714285713969e-01
1.657645466847090798e-01 5.714285714285713969e-01
1.657645466847090798e-01 5.721056194989844190e-01
1.664411366711772700e-01 5.721056194989844190e-01
1.664411366711772700e-01 5.727826675693974412e-01
1.671177266576454601e-01 5.727826675693974412e-01
1.684709066305818681e-01 5.727826675693974412e-01
1.684709066305818681e-01 5.734597156398104634e-01
1.691474966170500582e-01 5.734597156398104634e-01
1.705006765899864662e-01 5.734597156398104634e-01
1.705006765899864662e-01 5.741367637102233745e-01
1.711772665764546564e-01 5.741367637102233745e-01
1.711772665764546564e-01 5.748138117806363967e-01
1.718538565629228743e-01 5.748138117806363967e-01
1.718538565629228743e-01 5.754908598510494189e-01
1.725304465493910644e-01 5.754908598510494189e-01
1.725304465493910644e-01 5.768449559918754632e-01
1.738836265223274724e-01 5.768449559918754632e-01
1.738836265223274724e-01 5.781990521327013965e-01
1.745602165087956625e-01 5.781990521327013965e-01
1.745602165087956625e-01 5.795531482735274409e-01
1.752368064952638804e-01 5.795531482735274409e-01
1.752368064952638804e-01 5.809072444143533742e-01
1.759133964817320706e-01 5.809072444143533742e-01
1.779431664411366687e-01 5.809072444143533742e-01
1.779431664411366687e-01 5.822613405551794186e-01
1.786197564276048588e-01 5.822613405551794186e-01
1.786197564276048588e-01 5.842924847664183741e-01
1.799729364005412668e-01 5.842924847664183741e-01
1.806495263870094847e-01 5.842924847664183741e-01
1.806495263870094847e-01 5.849695328368313962e-01
1.813261163734776749e-01 5.849695328368313962e-01
1.813261163734776749e-01 5.856465809072444184e-01
1.820027063599458650e-01 5.856465809072444184e-01
1.820027063599458650e-01 5.876777251184833739e-01
1.847090663058186810e-01 5.876777251184833739e-01
1.847090663058186810e-01 5.897088693297224404e-01
1.853856562922868711e-01 5.897088693297224404e-01
1.853856562922868711e-01 5.937711577522003514e-01
1.894451962110960674e-01 5.937711577522003514e-01
1.894451962110960674e-01 5.944482058226133736e-01
1.901217861975642853e-01 5.944482058226133736e-01
1.901217861975642853e-01 5.951252538930263958e-01
1.928281461434370736e-01 5.951252538930263958e-01
1.935047361299052637e-01 5.951252538930263958e-01
1.948579161028416717e-01 5.951252538930263958e-01
1.948579161028416717e-01 5.964793500338524401e-01
1.962110960757780798e-01 5.964793500338524401e-01
1.962110960757780798e-01 5.971563981042653513e-01
1.968876860622462699e-01 5.971563981042653513e-01
1.968876860622462699e-01 5.978334461746783735e-01
1.989174560216508680e-01 5.978334461746783735e-01
1.989174560216508680e-01 6.012186865267433733e-01
2.002706359945872761e-01 6.012186865267433733e-01
2.002706359945872761e-01 6.025727826675694176e-01
2.016238159675236841e-01 6.025727826675694176e-01
2.023004059539918742e-01 6.025727826675694176e-01
2.036535859269282822e-01 6.025727826675694176e-01
2.036535859269282822e-01 6.032498307379824398e-01
2.090663058186738865e-01 6.032498307379824398e-01
2.090663058186738865e-01 6.046039268788083731e-01
2.097428958051420766e-01 6.046039268788083731e-01
2.097428958051420766e-01 6.052809749492213953e-01
2.104194857916102945e-01 6.052809749492213953e-01
2.117726657645466748e-01 6.052809749492213953e-01
2.138024357239512729e-01 6.052809749492213953e-01
2.151556156968876810e-01 6.052809749492213953e-01
2.151556156968876810e-01 6.059580230196344175e-01
2.165087956698240890e-01 6.059580230196344175e-01
2.165087956698240890e-01 6.073121191604603508e-01
2.171853856562922791e-01 6.073121191604603508e-01
2.171853856562922791e-01 6.079891672308733730e-01
2.178619756427604970e-01 6.079891672308733730e-01
2.198917456021650951e-01 6.079891672308733730e-01
2.219215155615696933e-01 6.079891672308733730e-01
2.219215155615696933e-01 6.100203114421124395e-01
2.225981055480378834e-01 6.100203114421124395e-01
2.225981055480378834e-01 6.106973595125253507e-01
2.232746955345061013e-01 6.106973595125253507e-01
2.246278755074424816e-01 6.106973595125253507e-01
2.246278755074424816e-01 6.113744075829383728e-01
2.253044654939106994e-01 6.113744075829383728e-01
2.253044654939106994e-01 6.120514556533513950e-01
2.266576454668470797e-01 6.120514556533513950e-01
2.266576454668470797e-01 6.140825998645903505e-01
2.293640054127198957e-01 6.140825998645903505e-01
2.293640054127198957e-01 6.147596479350033727e-01
2.307171853856563037e-01 6.147596479350033727e-01
2.307171853856563037e-01 6.161137440758294170e-01
2.313937753721244939e-01 6.161137440758294170e-01
2.313937753721244939e-01 6.167907921462423282e-01
2.320703653585926840e-01 6.167907921462423282e-01
2.320703653585926840e-01 6.174678402166553504e-01
2.334235453315290920e-01 6.174678402166553504e-01
2.334235453315290920e-01 6.181448882870683725e-01
2.354533152909336902e-01 6.181448882870683725e-01
2.354533152909336902e-01 6.188219363574813947e-01
2.368064952638700982e-01 6.188219363574813947e-01
2.368064952638700982e-01 6.194989844278944169e-01
2.374830852503382883e-01 6.194989844278944169e-01
2.374830852503382883e-01 6.208530805687203502e-01
2.388362652232746963e-01 6.208530805687203502e-01
2.388362652232746963e-01 6.228842247799594167e-01
2.395128552097428865e-01 6.228842247799594167e-01
2.395128552097428865e-01 6.262694651320244166e-01
2.408660351826792945e-01 6.262694651320244166e-01
2.408660351826792945e-01 6.323628977657413941e-01
2.422192151556157025e-01 6.323628977657413941e-01
2.422192151556157025e-01 6.343940419769803496e-01
2.435723951285521105e-01 6.343940419769803496e-01
2.442489851150203006e-01 6.343940419769803496e-01
2.442489851150203006e-01 6.350710900473933718e-01
2.462787550744248988e-01 6.350710900473933718e-01
2.462787550744248988e-01 6.364251861882194161e-01
2.483085250338294969e-01 6.364251861882194161e-01
2.496617050067659049e-01 6.364251861882194161e-01
2.496617050067659049e-01 6.377792823290453494e-01
2.503382949932341228e-01 6.377792823290453494e-01
2.503382949932341228e-01 6.384563303994583716e-01
2.510148849797023130e-01 6.384563303994583716e-01
2.510148849797023130e-01 6.391333784698713938e-01
2.516914749661705031e-01 6.391333784698713938e-01
2.516914749661705031e-01 6.411645226811103493e-01
2.523680649526386932e-01 6.411645226811103493e-01
2.523680649526386932e-01 6.425186188219363936e-01
2.530446549391068833e-01 6.425186188219363936e-01
2.530446549391068833e-01 6.431956668923493048e-01
2.537212449255751290e-01 6.431956668923493048e-01
2.564276048714478895e-01 6.431956668923493048e-01
2.564276048714478895e-01 6.452268111035883713e-01
2.577807848443843253e-01 6.452268111035883713e-01
2.577807848443843253e-01 6.486120514556533712e-01
2.584573748308525154e-01 6.486120514556533712e-01
2.584573748308525154e-01 6.499661475964793045e-01
2.591339648173207055e-01 6.499661475964793045e-01
2.591339648173207055e-01 6.506431956668923267e-01
2.618403247631935216e-01 6.506431956668923267e-01
2.618403247631935216e-01 6.513202437373053488e-01
2.625169147496617117e-01 6.513202437373053488e-01
2.625169147496617117e-01 6.519972918077183710e-01
2.631935047361299018e-01 6.519972918077183710e-01
2.631935047361299018e-01 6.526743398781313932e-01
2.645466847090662821e-01 6.526743398781313932e-01
2.645466847090662821e-01 6.533513879485443043e-01
2.652232746955345277e-01 6.533513879485443043e-01
2.652232746955345277e-01 6.560595802301963930e-01
2.658998646820027179e-01 6.560595802301963930e-01
2.658998646820027179e-01 6.567366283006093042e-01
2.679296346414072882e-01 6.567366283006093042e-01
2.679296346414072882e-01 6.594448205822613929e-01
2.686062246278755339e-01 6.594448205822613929e-01
2.686062246278755339e-01 6.601218686526743040e-01
2.692828146143437240e-01 6.601218686526743040e-01
2.692828146143437240e-01 6.614759647935003484e-01
2.706359945872801043e-01 6.614759647935003484e-01
2.706359945872801043e-01 6.621530128639133705e-01
2.733423545331529203e-01 6.621530128639133705e-01
2.733423545331529203e-01 6.628300609343262817e-01
2.746955345060893006e-01 6.628300609343262817e-01
2.746955345060893006e-01 6.641841570751523260e-01
2.753721244925574907e-01 6.641841570751523260e-01
2.753721244925574907e-01 6.648612051455653482e-01
2.767253044654939265e-01 6.648612051455653482e-01
2.767253044654939265e-01 6.655382532159783704e-01
2.774018944519621166e-01 6.655382532159783704e-01
2.774018944519621166e-01 6.662153012863912815e-01
2.780784844384303067e-01 6.662153012863912815e-01
2.780784844384303067e-01 6.682464454976303481e-01
2.794316644113666870e-01 6.682464454976303481e-01
2.807848443843031228e-01 6.682464454976303481e-01
2.807848443843031228e-01 6.716316858496953479e-01
2.821380243572395030e-01 6.716316858496953479e-01
2.821380243572395030e-01 6.770480704129993033e-01
2.828146143437076931e-01 6.770480704129993033e-01
2.828146143437076931e-01 6.784021665538253476e-01
2.834912043301759388e-01 6.784021665538253476e-01
2.848443843031123190e-01 6.784021665538253476e-01
2.855209742895805092e-01 6.784021665538253476e-01
2.855209742895805092e-01 6.797562626946512809e-01
2.861975642760486993e-01 6.797562626946512809e-01
2.861975642760486993e-01 6.811103588354773253e-01
2.868741542625168894e-01 6.811103588354773253e-01
2.882273342354533252e-01 6.811103588354773253e-01
2.889039242219215153e-01 6.811103588354773253e-01
2.889039242219215153e-01 6.817874069058903475e-01
2.895805142083897055e-01 6.817874069058903475e-01
2.895805142083897055e-01 6.865267433987812806e-01
2.902571041948578956e-01 6.865267433987812806e-01
2.902571041948578956e-01 6.899119837508462805e-01
2.922868741542625215e-01 6.899119837508462805e-01
2.922868741542625215e-01 6.919431279620853470e-01
2.929634641407307116e-01 6.919431279620853470e-01
2.929634641407307116e-01 6.926201760324982581e-01
2.943166441136670919e-01 6.926201760324982581e-01
2.949932341001353375e-01 6.926201760324982581e-01
2.949932341001353375e-01 6.932972241029112803e-01
2.963464140730717178e-01 6.932972241029112803e-01
2.963464140730717178e-01 6.939742721733243025e-01
2.997293640054127239e-01 6.939742721733243025e-01
2.997293640054127239e-01 6.946513202437373247e-01
3.017591339648172943e-01 6.946513202437373247e-01
3.017591339648172943e-01 6.966824644549762802e-01
3.044654939106901104e-01 6.966824644549762802e-01
3.044654939106901104e-01 6.987136086662153467e-01
3.064952638700947363e-01 6.987136086662153467e-01
3.092016238159674968e-01 6.987136086662153467e-01
3.092016238159674968e-01 6.993906567366282578e-01
3.098782138024357424e-01 6.993906567366282578e-01
3.098782138024357424e-01 7.007447528774543022e-01
3.112313937753721227e-01 7.007447528774543022e-01
3.112313937753721227e-01 7.014218009478673244e-01
3.125845737483085029e-01 7.014218009478673244e-01
3.146143437077131289e-01 7.014218009478673244e-01
3.146143437077131289e-01 7.027758970886932577e-01
3.152909336941813190e-01 7.027758970886932577e-01
3.152909336941813190e-01 7.034529451591062799e-01
3.166441136671176992e-01 7.034529451591062799e-01
3.179972936400541350e-01 7.034529451591062799e-01
3.193504736129905153e-01 7.034529451591062799e-01
3.193504736129905153e-01 7.041299932295193020e-01
3.200270635994587054e-01 7.041299932295193020e-01
3.200270635994587054e-01 7.048070412999323242e-01
3.207036535859269510e-01 7.048070412999323242e-01
3.207036535859269510e-01 7.068381855111712797e-01
3.220568335588633313e-01 7.068381855111712797e-01
3.227334235453315214e-01 7.068381855111712797e-01
3.227334235453315214e-01 7.081922816519973241e-01
3.240866035182679572e-01 7.081922816519973241e-01
3.247631935047361473e-01 7.081922816519973241e-01
3.247631935047361473e-01 7.095463777928232574e-01
3.267929634641407177e-01 7.095463777928232574e-01
3.267929634641407177e-01 7.102234258632362796e-01
3.288227334235453436e-01 7.102234258632362796e-01
3.288227334235453436e-01 7.129316181448882572e-01
3.294993234100135338e-01 7.129316181448882572e-01
3.294993234100135338e-01 7.136086662153012794e-01
3.322056833558863498e-01 7.136086662153012794e-01
3.322056833558863498e-01 7.156398104265402349e-01
3.335588633288227300e-01 7.156398104265402349e-01
3.335588633288227300e-01 7.197020988490182569e-01
3.342354533152909202e-01 7.197020988490182569e-01
3.342354533152909202e-01 7.210561949898443013e-01
3.349120433017591103e-01 7.210561949898443013e-01
3.349120433017591103e-01 7.224102911306702346e-01
3.369418132611637362e-01 7.224102911306702346e-01
3.369418132611637362e-01 7.230873392010832568e-01
3.382949932341001165e-01 7.230873392010832568e-01
3.382949932341001165e-01 7.251184834123223233e-01
3.389715832205683621e-01 7.251184834123223233e-01
3.389715832205683621e-01 7.264725795531482566e-01
3.396481732070365522e-01 7.264725795531482566e-01
3.396481732070365522e-01 7.271496276235612788e-01
3.403247631935047424e-01 7.271496276235612788e-01
3.403247631935047424e-01 7.291807718348002343e-01
3.430311231393775584e-01 7.291807718348002343e-01
3.430311231393775584e-01 7.305348679756262786e-01
3.443843031123139387e-01 7.305348679756262786e-01
3.443843031123139387e-01 7.318889641164523230e-01
3.450608930987821288e-01 7.318889641164523230e-01
3.464140730717185646e-01 7.318889641164523230e-01
3.470906630581867547e-01 7.318889641164523230e-01
3.470906630581867547e-01 7.325660121868652341e-01
3.484438430311231349e-01 7.325660121868652341e-01
3.504736129905277608e-01 7.325660121868652341e-01
3.531799729364005214e-01 7.325660121868652341e-01
3.531799729364005214e-01 7.332430602572782563e-01
3.545331529093369571e-01 7.332430602572782563e-01
3.545331529093369571e-01 7.345971563981043007e-01
3.558863328822733374e-01 7.345971563981043007e-01
3.565629228687415275e-01 7.345971563981043007e-01
3.565629228687415275e-01 7.379823967501693005e-01
3.572395128552097177e-01 7.379823967501693005e-01
3.572395128552097177e-01 7.386594448205822117e-01
3.585926928281461534e-01 7.386594448205822117e-01
3.585926928281461534e-01 7.393364928909952338e-01
3.592692828146143436e-01 7.393364928909952338e-01
3.592692828146143436e-01 7.406905890318212782e-01
3.599458728010825337e-01 7.406905890318212782e-01
3.599458728010825337e-01 7.427217332430602337e-01
3.612990527740189695e-01 7.427217332430602337e-01
3.612990527740189695e-01 7.433987813134732558e-01
3.619756427604871596e-01 7.433987813134732558e-01
3.619756427604871596e-01 7.447528774542993002e-01
3.633288227334235398e-01 7.447528774542993002e-01
3.646820027063599201e-01 7.447528774542993002e-01
3.660351826792963559e-01 7.447528774542993002e-01
3.660351826792963559e-01 7.454299255247122113e-01
3.680649526387009263e-01 7.454299255247122113e-01
3.680649526387009263e-01 7.474610697359512779e-01
3.687415426251691719e-01 7.474610697359512779e-01
3.687415426251691719e-01 7.481381178063643000e-01
3.700947225981055522e-01 7.481381178063643000e-01
3.714479025710419324e-01 7.481381178063643000e-01
3.721244925575101226e-01 7.481381178063643000e-01
3.721244925575101226e-01 7.488151658767772112e-01
3.741542625169147485e-01 7.488151658767772112e-01
3.741542625169147485e-01 7.494922139471902334e-01
3.748308525033829386e-01 7.494922139471902334e-01
3.748308525033829386e-01 7.508463100880162777e-01
3.755074424898511287e-01 7.508463100880162777e-01
3.755074424898511287e-01 7.522004062288422110e-01
3.782138024357239448e-01 7.522004062288422110e-01
3.809201623815967608e-01 7.522004062288422110e-01
3.809201623815967608e-01 7.535545023696682554e-01
3.822733423545331410e-01 7.535545023696682554e-01
3.843031123139377669e-01 7.535545023696682554e-01
3.843031123139377669e-01 7.542315504400812776e-01
3.849797023004059571e-01 7.542315504400812776e-01
3.849797023004059571e-01 7.569397427217332552e-01
3.863328822733423373e-01 7.569397427217332552e-01
3.863328822733423373e-01 7.576167907921462774e-01
3.870094722598105275e-01 7.576167907921462774e-01
3.870094722598105275e-01 7.596479350033852329e-01
3.876860622462787731e-01 7.596479350033852329e-01
3.876860622462787731e-01 7.610020311442112773e-01
3.883626522327469632e-01 7.610020311442112773e-01
3.883626522327469632e-01 7.616790792146241884e-01
3.897158322056833435e-01 7.616790792146241884e-01
3.897158322056833435e-01 7.637102234258632549e-01
3.903924221921515336e-01 7.637102234258632549e-01
3.903924221921515336e-01 7.650643195666891883e-01
3.910690121786197793e-01 7.650643195666891883e-01
3.910690121786197793e-01 7.657413676371022104e-01
3.924221921515561595e-01 7.657413676371022104e-01
3.924221921515561595e-01 7.664184157075152326e-01
3.951285520974289756e-01 7.664184157075152326e-01
3.951285520974289756e-01 7.670954637779282548e-01
3.964817320703653558e-01 7.670954637779282548e-01
3.964817320703653558e-01 7.677725118483412770e-01
3.998646820027063620e-01 7.677725118483412770e-01
3.998646820027063620e-01 7.684495599187541881e-01
4.012178619756427422e-01 7.684495599187541881e-01
4.012178619756427422e-01 7.691266079891672103e-01
4.025710419485791780e-01 7.691266079891672103e-01
4.025710419485791780e-01 7.698036560595802325e-01
4.039242219215155583e-01 7.698036560595802325e-01
4.039242219215155583e-01 7.711577522004062768e-01
4.046008119079837484e-01 7.711577522004062768e-01
4.046008119079837484e-01 7.718348002708191880e-01
4.052774018944519385e-01 7.718348002708191880e-01
4.052774018944519385e-01 7.725118483412322101e-01
4.059539918809201842e-01 7.725118483412322101e-01
4.073071718538565644e-01 7.725118483412322101e-01
4.079837618403247546e-01 7.725118483412322101e-01
4.079837618403247546e-01 7.731888964116452323e-01
4.093369418132611903e-01 7.731888964116452323e-01
4.093369418132611903e-01 7.738659444820582545e-01
4.113667117726657607e-01 7.738659444820582545e-01
4.113667117726657607e-01 7.758970886932972100e-01
4.120433017591339508e-01 7.758970886932972100e-01
4.120433017591339508e-01 7.765741367637102321e-01
4.127198917456021410e-01 7.765741367637102321e-01
4.127198917456021410e-01 7.772511848341232543e-01
4.140730717185385767e-01 7.772511848341232543e-01
4.167794316644113928e-01 7.772511848341232543e-01
4.167794316644113928e-01 7.786052809749491876e-01
4.174560216508795829e-01 7.786052809749491876e-01
4.188092016238159632e-01 7.786052809749491876e-01
4.188092016238159632e-01 7.806364251861882542e-01
4.201623815967523434e-01 7.806364251861882542e-01
4.201623815967523434e-01 7.813134732566011653e-01
4.215155615696887792e-01 7.813134732566011653e-01
4.215155615696887792e-01 7.826675693974272097e-01
4.221921515561569693e-01 7.826675693974272097e-01
4.221921515561569693e-01 7.833446174678402318e-01
4.235453315290933496e-01 7.833446174678402318e-01
4.235453315290933496e-01 7.840216655382532540e-01
4.248985115020297854e-01 7.840216655382532540e-01
4.248985115020297854e-01 7.853757616790791873e-01
4.262516914749661656e-01 7.853757616790791873e-01
4.269282814614343557e-01 7.853757616790791873e-01
4.269282814614343557e-01 7.867298578199052317e-01
4.276048714479025459e-01 7.867298578199052317e-01
4.276048714479025459e-01 7.880839539607311650e-01
4.303112313937753619e-01 7.880839539607311650e-01
4.303112313937753619e-01 7.894380501015572094e-01
4.309878213802435520e-01 7.894380501015572094e-01
4.323410013531799878e-01 7.894380501015572094e-01
4.336941813261163681e-01 7.894380501015572094e-01
4.336941813261163681e-01 7.901150981719702315e-01
4.377537212449255644e-01 7.901150981719702315e-01
4.377537212449255644e-01 7.914691943127961649e-01
4.384303112313937545e-01 7.914691943127961649e-01
4.384303112313937545e-01 7.921462423832091870e-01
4.404600811907983804e-01 7.921462423832091870e-01
4.404600811907983804e-01 7.935003385240352314e-01
4.418132611637347607e-01 7.935003385240352314e-01
4.418132611637347607e-01 7.941773865944482536e-01
4.431664411366711964e-01 7.941773865944482536e-01
4.431664411366711964e-01 7.948544346648611647e-01
4.445196211096075767e-01 7.948544346648611647e-01
4.445196211096075767e-01 7.955314827352741869e-01
4.479025710419485828e-01 7.955314827352741869e-01
4.479025710419485828e-01 7.975626269465132534e-01
4.506089309878213989e-01 7.975626269465132534e-01
4.506089309878213989e-01 7.982396750169261646e-01
4.526387009472259693e-01 7.982396750169261646e-01
4.539918809201624050e-01 7.982396750169261646e-01
4.539918809201624050e-01 7.989167230873391867e-01
4.560216508795669754e-01 7.989167230873391867e-01
4.560216508795669754e-01 7.995937711577522089e-01
4.573748308525033557e-01 7.995937711577522089e-01
4.573748308525033557e-01 8.002708192281652311e-01
4.580514208389716013e-01 8.002708192281652311e-01
4.580514208389716013e-01 8.023019634394041866e-01
4.607577807848443618e-01 8.023019634394041866e-01
4.607577807848443618e-01 8.029790115098172087e-01
4.621109607577807976e-01 8.029790115098172087e-01
4.621109607577807976e-01 8.043331076506431421e-01
4.634641407307171779e-01 8.043331076506431421e-01
4.634641407307171779e-01 8.050101557210561642e-01
4.641407307171853680e-01 8.050101557210561642e-01
4.641407307171853680e-01 8.056872037914691864e-01
4.675236806495263742e-01 8.056872037914691864e-01
4.675236806495263742e-01 8.063642518618822086e-01
4.688768606224628099e-01 8.063642518618822086e-01
4.688768606224628099e-01 8.077183480027081419e-01
4.715832205683355705e-01 8.077183480027081419e-01
4.715832205683355705e-01 8.117806364251861639e-01
4.742895805142083865e-01 8.117806364251861639e-01
4.756427604871447667e-01 8.117806364251861639e-01
4.756427604871447667e-01 8.124576844955991861e-01
4.763193504736130124e-01 8.124576844955991861e-01
4.763193504736130124e-01 8.144888287068381416e-01
4.769959404600812025e-01 8.144888287068381416e-01
4.783491204330175828e-01 8.144888287068381416e-01
4.817320703653585889e-01 8.144888287068381416e-01
4.817320703653585889e-01 8.158429248476641860e-01
4.824086603518267791e-01 8.158429248476641860e-01
4.824086603518267791e-01 8.165199729180772081e-01
4.830852503382949692e-01 8.165199729180772081e-01
4.844384303112314050e-01 8.165199729180772081e-01
4.857916102841677852e-01 8.165199729180772081e-01
4.857916102841677852e-01 8.171970209884902303e-01
4.891745602165087914e-01 8.171970209884902303e-01
4.891745602165087914e-01 8.185511171293161636e-01
4.905277401894451716e-01 8.185511171293161636e-01
4.918809201623816074e-01 8.185511171293161636e-01
4.918809201623816074e-01 8.212593094109681413e-01
4.945872801082544234e-01 8.212593094109681413e-01
4.945872801082544234e-01 8.226134055517941857e-01
4.959404600811908037e-01 8.226134055517941857e-01
4.959404600811908037e-01 8.232904536222072078e-01
4.966170500676589938e-01 8.232904536222072078e-01
4.979702300405953741e-01 8.232904536222072078e-01
4.986468200270636197e-01 8.232904536222072078e-01
4.986468200270636197e-01 8.246445497630331412e-01
5.013531799729363803e-01 8.246445497630331412e-01
5.033829499323410062e-01 8.246445497630331412e-01
5.033829499323410062e-01 8.259986459038591855e-01
5.067658998646820123e-01 8.259986459038591855e-01
5.067658998646820123e-01 8.266756939742722077e-01
5.074424898511502580e-01 8.266756939742722077e-01
5.074424898511502580e-01 8.280297901150981410e-01
5.081190798376183926e-01 8.280297901150981410e-01
5.094722598105547728e-01 8.280297901150981410e-01
5.101488497970230185e-01 8.280297901150981410e-01
5.101488497970230185e-01 8.293838862559241853e-01
5.115020297699593987e-01 8.293838862559241853e-01
5.115020297699593987e-01 8.300609343263372075e-01
5.121786197564276444e-01 8.300609343263372075e-01
5.121786197564276444e-01 8.320920785375761630e-01
5.128552097428957790e-01 8.320920785375761630e-01
5.128552097428957790e-01 8.327691266079891852e-01
5.148849797023004049e-01 8.327691266079891852e-01
5.155615696887686505e-01 8.327691266079891852e-01
5.155615696887686505e-01 8.341232227488151185e-01
5.162381596752367852e-01 8.341232227488151185e-01
5.189445196211096567e-01 8.341232227488151185e-01
5.189445196211096567e-01 8.354773188896411629e-01
5.236806495263870431e-01 8.354773188896411629e-01
5.236806495263870431e-01 8.361543669600541850e-01
5.243572395128551777e-01 8.361543669600541850e-01
5.243572395128551777e-01 8.368314150304672072e-01
5.250338294993234234e-01 8.368314150304672072e-01
5.250338294993234234e-01 8.395396073121191849e-01
5.257104194857915580e-01 8.395396073121191849e-01
5.257104194857915580e-01 8.402166553825322071e-01
5.270635994587280493e-01 8.402166553825322071e-01
5.270635994587280493e-01 8.415707515233581404e-01
5.284167794316644295e-01 8.415707515233581404e-01
5.304465493910690554e-01 8.415707515233581404e-01
5.311231393775371901e-01 8.415707515233581404e-01
5.311231393775371901e-01 8.429248476641841847e-01
5.317997293640054357e-01 8.429248476641841847e-01
5.331529093369418160e-01 8.429248476641841847e-01
5.338294993234100616e-01 8.429248476641841847e-01
5.338294993234100616e-01 8.436018957345972069e-01
5.345060893098781962e-01 8.436018957345972069e-01
5.345060893098781962e-01 8.442789438050101181e-01
5.358592692828145765e-01 8.442789438050101181e-01
5.358592692828145765e-01 8.449559918754231402e-01
5.372124492557510678e-01 8.449559918754231402e-01
5.372124492557510678e-01 8.456330399458361624e-01
5.385656292286874480e-01 8.456330399458361624e-01
5.392422192151555826e-01 8.456330399458361624e-01
5.392422192151555826e-01 8.463100880162491846e-01
5.412719891745602085e-01 8.463100880162491846e-01
5.412719891745602085e-01 8.476641841570751179e-01
5.433017591339648344e-01 8.476641841570751179e-01
5.433017591339648344e-01 8.483412322274881401e-01
5.446549391069012147e-01 8.483412322274881401e-01
5.466847090663058406e-01 8.483412322274881401e-01
5.466847090663058406e-01 8.490182802979011623e-01
5.480378890392422209e-01 8.490182802979011623e-01
5.480378890392422209e-01 8.503723764387270956e-01
5.487144790257104665e-01 8.503723764387270956e-01
5.487144790257104665e-01 8.510494245091401178e-01
5.527740189445196073e-01 8.510494245091401178e-01
5.527740189445196073e-01 8.530805687203791843e-01
5.575101488497969937e-01 8.530805687203791843e-01
5.575101488497969937e-01 8.537576167907920954e-01
5.581867388362652393e-01 8.537576167907920954e-01
5.581867388362652393e-01 8.551117129316181398e-01
5.588633288227333740e-01 8.551117129316181398e-01
5.588633288227333740e-01 8.557887610020311620e-01
5.602165087956698653e-01 8.557887610020311620e-01
5.602165087956698653e-01 8.564658090724441841e-01
5.615696887686062455e-01 8.564658090724441841e-01
5.615696887686062455e-01 8.584969532836831396e-01
5.622462787550743801e-01 8.584969532836831396e-01
5.635994587280108714e-01 8.584969532836831396e-01
5.669824086603518776e-01 8.584969532836831396e-01
5.669824086603518776e-01 8.591740013540961618e-01
5.676589986468200122e-01 8.591740013540961618e-01
5.676589986468200122e-01 8.598510494245091840e-01
5.690121786197563925e-01 8.598510494245091840e-01
5.690121786197563925e-01 8.618821936357481395e-01
5.696887686062246381e-01 8.618821936357481395e-01
5.696887686062246381e-01 8.625592417061611616e-01
5.710419485791610184e-01 8.625592417061611616e-01
5.723951285520973986e-01 8.625592417061611616e-01
5.723951285520973986e-01 8.632362897765741838e-01
5.737483085250337789e-01 8.632362897765741838e-01
5.737483085250337789e-01 8.645903859174001171e-01
5.744248985115020245e-01 8.645903859174001171e-01
5.757780784844384048e-01 8.645903859174001171e-01
5.764546684709066504e-01 8.645903859174001171e-01
5.764546684709066504e-01 8.652674339878131393e-01
5.791610284167794109e-01 8.652674339878131393e-01
5.791610284167794109e-01 8.659444820582261615e-01
5.798376184032476566e-01 8.659444820582261615e-01
5.798376184032476566e-01 8.666215301286391837e-01
5.805142083897157912e-01 8.666215301286391837e-01
5.805142083897157912e-01 8.686526743398781392e-01
5.825439783491204171e-01 8.686526743398781392e-01
5.838971583220567974e-01 8.686526743398781392e-01
5.838971583220567974e-01 8.693297224102911613e-01
5.872801082543978035e-01 8.693297224102911613e-01
5.899864682002706751e-01 8.693297224102911613e-01
5.906630581867388097e-01 8.693297224102911613e-01
5.906630581867388097e-01 8.706838185511170947e-01
5.920162381596751899e-01 8.706838185511170947e-01
5.920162381596751899e-01 8.713608666215301168e-01
5.926928281461434356e-01 8.713608666215301168e-01
5.926928281461434356e-01 8.733920108327690723e-01
5.933694181326116812e-01 8.733920108327690723e-01
5.947225981055480615e-01 8.733920108327690723e-01
5.953991880920161961e-01 8.733920108327690723e-01
5.953991880920161961e-01 8.747461069735951167e-01
5.960757780784844417e-01 8.747461069735951167e-01
5.960757780784844417e-01 8.754231550440081389e-01
5.967523680649526874e-01 8.754231550440081389e-01
5.967523680649526874e-01 8.761002031144211610e-01
5.974289580514208220e-01 8.761002031144211610e-01
5.974289580514208220e-01 8.774542992552470944e-01
6.001353179972936935e-01 8.774542992552470944e-01
6.001353179972936935e-01 8.788083953960731387e-01
6.014884979702300738e-01 8.788083953960731387e-01
6.028416779431664541e-01 8.788083953960731387e-01
6.041948579161028343e-01 8.788083953960731387e-01
6.048714479025710800e-01 8.788083953960731387e-01
6.048714479025710800e-01 8.794854434664861609e-01
6.062246278755074602e-01 8.794854434664861609e-01
6.062246278755074602e-01 8.808395396073120942e-01
6.082543978349120861e-01 8.808395396073120942e-01
6.082543978349120861e-01 8.815165876777251164e-01
6.102841677943166010e-01 8.815165876777251164e-01
6.102841677943166010e-01 8.828706838185511607e-01
6.109607577807848466e-01 8.828706838185511607e-01
6.109607577807848466e-01 8.835477318889640719e-01
6.123139377537212269e-01 8.835477318889640719e-01
6.123139377537212269e-01 8.842247799593770941e-01
6.136671177266576072e-01 8.842247799593770941e-01
6.150202976995940984e-01 8.842247799593770941e-01
6.177266576454668590e-01 8.842247799593770941e-01
6.190798376184032392e-01 8.842247799593770941e-01
6.190798376184032392e-01 8.849018280297901162e-01
6.197564276048714849e-01 8.849018280297901162e-01
6.211096075778078651e-01 8.849018280297901162e-01
6.211096075778078651e-01 8.855788761002031384e-01
6.231393775372124910e-01 8.855788761002031384e-01
6.251691474966170059e-01 8.855788761002031384e-01
6.251691474966170059e-01 8.862559241706161606e-01
6.258457374830852515e-01 8.862559241706161606e-01
6.271989174560216318e-01 8.862559241706161606e-01
6.299052774018945033e-01 8.862559241706161606e-01
6.299052774018945033e-01 8.876100203114420939e-01
6.312584573748308836e-01 8.876100203114420939e-01
6.312584573748308836e-01 8.882870683818551161e-01
6.326116373477672639e-01 8.882870683818551161e-01
6.332882273342353985e-01 8.882870683818551161e-01
6.332882273342353985e-01 8.889641164522681382e-01
6.339648173207036441e-01 8.889641164522681382e-01
6.339648173207036441e-01 8.896411645226811604e-01
6.366711772665764046e-01 8.896411645226811604e-01
6.366711772665764046e-01 8.903182125930940716e-01
6.387009472259810305e-01 8.903182125930940716e-01
6.387009472259810305e-01 8.909952606635070937e-01
6.393775372124492762e-01 8.909952606635070937e-01
6.393775372124492762e-01 8.923493568043331381e-01
6.420838971583220367e-01 8.923493568043331381e-01
6.420838971583220367e-01 8.930264048747461603e-01
6.441136671177266626e-01 8.930264048747461603e-01
6.468200270635994231e-01 8.930264048747461603e-01
6.495263870094722947e-01 8.930264048747461603e-01
6.495263870094722947e-01 8.937034529451590714e-01
6.508795669824086749e-01 8.937034529451590714e-01
6.508795669824086749e-01 8.943805010155720936e-01
6.556156968876860613e-01 8.943805010155720936e-01
6.569688768606224416e-01 8.943805010155720936e-01
6.569688768606224416e-01 8.950575490859851158e-01
6.576454668470906872e-01 8.950575490859851158e-01
6.576454668470906872e-01 8.964116452268110491e-01
6.596752368064953131e-01 8.964116452268110491e-01
6.596752368064953131e-01 8.970886932972240713e-01
6.610284167794316934e-01 8.970886932972240713e-01
6.657645466847090798e-01 8.970886932972240713e-01
6.657645466847090798e-01 8.977657413676370934e-01
6.671177266576454601e-01 8.977657413676370934e-01
6.671177266576454601e-01 8.984427894380501156e-01
6.677943166441137057e-01 8.984427894380501156e-01
6.677943166441137057e-01 8.997968855788760489e-01
6.698240866035182206e-01 8.997968855788760489e-01
6.698240866035182206e-01 9.011509817197020933e-01
6.718538565629228465e-01 9.011509817197020933e-01
6.718538565629228465e-01 9.025050778605281376e-01
6.732070365358592268e-01 9.025050778605281376e-01
6.732070365358592268e-01 9.038591740013540710e-01
6.745602165087957180e-01 9.038591740013540710e-01
6.745602165087957180e-01 9.045362220717670931e-01
6.759133964817320983e-01 9.045362220717670931e-01
6.765899864682002329e-01 9.045362220717670931e-01
6.765899864682002329e-01 9.052132701421801153e-01
6.779431664411367242e-01 9.052132701421801153e-01
6.779431664411367242e-01 9.065673662830060486e-01
6.792963464140731045e-01 9.065673662830060486e-01
6.813261163734776193e-01 9.065673662830060486e-01
6.820027063599458650e-01 9.065673662830060486e-01
6.833558863328822452e-01 9.065673662830060486e-01
6.833558863328822452e-01 9.079214624238320930e-01
6.847090663058186255e-01 9.079214624238320930e-01
6.853856562922868711e-01 9.079214624238320930e-01
6.867388362652232514e-01 9.079214624238320930e-01
6.867388362652232514e-01 9.085985104942451152e-01
6.874154262516914971e-01 9.085985104942451152e-01
6.874154262516914971e-01 9.113067027758970928e-01
6.880920162381596317e-01 9.113067027758970928e-01
6.901217861975642576e-01 9.113067027758970928e-01
6.921515561569688835e-01 9.113067027758970928e-01
6.921515561569688835e-01 9.126607989167231372e-01
6.935047361299052637e-01 9.126607989167231372e-01
6.935047361299052637e-01 9.140148950575490705e-01
6.941813261163735094e-01 9.140148950575490705e-01
6.941813261163735094e-01 9.146919431279620927e-01
6.975642760487145155e-01 9.146919431279620927e-01
6.975642760487145155e-01 9.153689911983751148e-01
6.982408660351826502e-01 9.153689911983751148e-01
6.982408660351826502e-01 9.167230873392010482e-01
7.002706359945872761e-01 9.167230873392010482e-01
7.002706359945872761e-01 9.174001354096140703e-01
7.009472259810555217e-01 9.174001354096140703e-01
7.009472259810555217e-01 9.180771834800270925e-01
7.016238159675236563e-01 9.180771834800270925e-01
7.029769959404600366e-01 9.180771834800270925e-01
7.036535859269282822e-01 9.180771834800270925e-01
7.036535859269282822e-01 9.187542315504401147e-01
7.043301759133965279e-01 9.187542315504401147e-01
7.056833558863329081e-01 9.187542315504401147e-01
7.063599458728010427e-01 9.187542315504401147e-01
7.063599458728010427e-01 9.194312796208530258e-01
7.090663058186739143e-01 9.194312796208530258e-01
7.090663058186739143e-01 9.221394719025051145e-01
7.117726657645466748e-01 9.221394719025051145e-01
7.131258457374830551e-01 9.221394719025051145e-01
7.138024357239513007e-01 9.221394719025051145e-01
7.138024357239513007e-01 9.228165199729180257e-01
7.151556156968876810e-01 9.228165199729180257e-01
7.151556156968876810e-01 9.234935680433310479e-01
7.198917456021650674e-01 9.234935680433310479e-01
7.198917456021650674e-01 9.241706161137440700e-01
7.205683355886333130e-01 9.241706161137440700e-01
7.205683355886333130e-01 9.262017603249830255e-01
7.225981055480379389e-01 9.262017603249830255e-01
7.225981055480379389e-01 9.268788083953960477e-01
7.246278755074424538e-01 9.268788083953960477e-01
7.246278755074424538e-01 9.275558564658090699e-01
7.266576454668470797e-01 9.275558564658090699e-01
7.280108254397834600e-01 9.275558564658090699e-01
7.286874154262517056e-01 9.275558564658090699e-01
7.286874154262517056e-01 9.282329045362220921e-01
7.293640054127198402e-01 9.282329045362220921e-01
7.307171853856563315e-01 9.282329045362220921e-01
7.327469553450608464e-01 9.282329045362220921e-01
7.327469553450608464e-01 9.289099526066351142e-01
7.395128552097428587e-01 9.289099526066351142e-01
7.395128552097428587e-01 9.302640487474610476e-01
7.401894451962111043e-01 9.302640487474610476e-01
7.415426251691474846e-01 9.302640487474610476e-01
7.462787550744248710e-01 9.302640487474610476e-01
7.462787550744248710e-01 9.322951929587001141e-01
7.476319350473612513e-01 9.322951929587001141e-01
7.476319350473612513e-01 9.329722410291130252e-01
7.503382949932341228e-01 9.329722410291130252e-01
7.503382949932341228e-01 9.336492890995260474e-01
7.510148849797022574e-01 9.336492890995260474e-01
7.510148849797022574e-01 9.343263371699390696e-01
7.516914749661705031e-01 9.343263371699390696e-01
7.530446549391068833e-01 9.343263371699390696e-01
7.530446549391068833e-01 9.350033852403520918e-01
7.537212449255751290e-01 9.350033852403520918e-01
7.537212449255751290e-01 9.356804333107651139e-01
7.550744248985115092e-01 9.356804333107651139e-01
7.564276048714478895e-01 9.356804333107651139e-01
7.591339648173206500e-01 9.356804333107651139e-01
7.591339648173206500e-01 9.363574813811780251e-01
7.611637347767252759e-01 9.363574813811780251e-01
7.611637347767252759e-01 9.370345294515910473e-01
7.645466847090662821e-01 9.370345294515910473e-01
7.645466847090662821e-01 9.383886255924170916e-01
7.679296346414072882e-01 9.383886255924170916e-01
7.679296346414072882e-01 9.397427217332430249e-01
7.686062246278755339e-01 9.397427217332430249e-01
7.706359945872801598e-01 9.397427217332430249e-01
7.719891745602165400e-01 9.397427217332430249e-01
7.719891745602165400e-01 9.404197698036560471e-01
7.733423545331529203e-01 9.404197698036560471e-01
7.746955345060893006e-01 9.404197698036560471e-01
7.746955345060893006e-01 9.410968178740690693e-01
7.753721244925575462e-01 9.410968178740690693e-01
7.753721244925575462e-01 9.431279620853080248e-01
7.767253044654939265e-01 9.431279620853080248e-01
7.767253044654939265e-01 9.438050101557210469e-01
7.780784844384303067e-01 9.438050101557210469e-01
7.814614343707713129e-01 9.438050101557210469e-01
7.814614343707713129e-01 9.444820582261340691e-01
7.821380243572395585e-01 9.444820582261340691e-01
7.821380243572395585e-01 9.451591062965470913e-01
7.834912043301759388e-01 9.451591062965470913e-01
7.834912043301759388e-01 9.465132024373730246e-01
7.848443843031123190e-01 9.465132024373730246e-01
7.855209742895805647e-01 9.465132024373730246e-01
7.855209742895805647e-01 9.471902505077860468e-01
7.861975642760486993e-01 9.471902505077860468e-01
7.861975642760486993e-01 9.478672985781990690e-01
7.868741542625169449e-01 9.478672985781990690e-01
7.868741542625169449e-01 9.485443466486120911e-01
7.875507442489850796e-01 9.485443466486120911e-01
7.875507442489850796e-01 9.498984427894380245e-01
7.882273342354533252e-01 9.498984427894380245e-01
7.882273342354533252e-01 9.505754908598510466e-01
7.895805142083897055e-01 9.505754908598510466e-01
7.902571041948579511e-01 9.505754908598510466e-01
7.902571041948579511e-01 9.512525389302640688e-01
7.922868741542624660e-01 9.512525389302640688e-01
7.936400541271989573e-01 9.512525389302640688e-01
7.963464140730717178e-01 9.512525389302640688e-01
7.976995940460080980e-01 9.512525389302640688e-01
7.990527740189444783e-01 9.512525389302640688e-01
8.031123139377537301e-01 9.512525389302640688e-01
8.031123139377537301e-01 9.526066350710900021e-01
8.044654939106901104e-01 9.526066350710900021e-01
8.058186738836264906e-01 9.526066350710900021e-01
8.064952638700947363e-01 9.526066350710900021e-01
8.078484438430311165e-01 9.526066350710900021e-01
8.105548037889038770e-01 9.526066350710900021e-01
8.105548037889038770e-01 9.532836831415030243e-01
8.112313937753721227e-01 9.532836831415030243e-01
8.112313937753721227e-01 9.539607312119160465e-01
8.132611637347767486e-01 9.539607312119160465e-01
8.146143437077131289e-01 9.539607312119160465e-01
8.146143437077131289e-01 9.546377792823290687e-01
8.152909336941813745e-01 9.546377792823290687e-01
8.166441136671177548e-01 9.546377792823290687e-01
8.173207036535858894e-01 9.546377792823290687e-01
8.186738836265223807e-01 9.546377792823290687e-01
8.207036535859268955e-01 9.546377792823290687e-01
8.207036535859268955e-01 9.559918754231550020e-01
8.220568335588632758e-01 9.559918754231550020e-01
8.220568335588632758e-01 9.566689234935680242e-01
8.227334235453315214e-01 9.566689234935680242e-01
8.240866035182679017e-01 9.566689234935680242e-01
8.247631935047361473e-01 9.566689234935680242e-01
8.261163734776725276e-01 9.566689234935680242e-01
8.261163734776725276e-01 9.573459715639810463e-01
8.267929634641407732e-01 9.573459715639810463e-01
8.267929634641407732e-01 9.580230196343940685e-01
8.281461434370771535e-01 9.580230196343940685e-01
8.301759133964817794e-01 9.580230196343940685e-01
8.301759133964817794e-01 9.587000677048070907e-01
8.322056833558862943e-01 9.587000677048070907e-01
8.322056833558862943e-01 9.593771157752200018e-01
8.328822733423545399e-01 9.593771157752200018e-01
8.328822733423545399e-01 9.600541638456330240e-01
8.335588633288227856e-01 9.600541638456330240e-01
8.335588633288227856e-01 9.607312119160460462e-01
8.349120433017591658e-01 9.607312119160460462e-01
8.362652232746955461e-01 9.607312119160460462e-01
8.362652232746955461e-01 9.627623561272850017e-01
8.376184032476319263e-01 9.627623561272850017e-01
8.376184032476319263e-01 9.634394041976980239e-01
8.382949932341001720e-01 9.634394041976980239e-01
8.396481732070365522e-01 9.634394041976980239e-01
8.410013531799729325e-01 9.634394041976980239e-01
8.410013531799729325e-01 9.654705484089369794e-01
8.437077131258456930e-01 9.654705484089369794e-01
8.437077131258456930e-01 9.661475964793500015e-01
8.450608930987821843e-01 9.661475964793500015e-01
8.470906630581866992e-01 9.661475964793500015e-01
8.484438430311231905e-01 9.661475964793500015e-01
8.484438430311231905e-01 9.668246445497630237e-01
8.491204330175913251e-01 9.668246445497630237e-01
8.491204330175913251e-01 9.675016926201760459e-01
8.552097428958050918e-01 9.675016926201760459e-01
8.565629228687415830e-01 9.675016926201760459e-01
8.592692828146143436e-01 9.675016926201760459e-01
8.592692828146143436e-01 9.681787406905890681e-01
8.606224627875507238e-01 9.681787406905890681e-01
8.619756427604871041e-01 9.681787406905890681e-01
8.633288227334235954e-01 9.681787406905890681e-01
8.653585926928281102e-01 9.681787406905890681e-01
8.667117726657646015e-01 9.681787406905890681e-01
8.680649526387009818e-01 9.681787406905890681e-01
8.680649526387009818e-01 9.688557887610019792e-01
8.687415426251691164e-01 9.688557887610019792e-01
8.687415426251691164e-01 9.702098849018280236e-01
8.694181326116373620e-01 9.702098849018280236e-01
8.707713125845737423e-01 9.702098849018280236e-01
8.714479025710419879e-01 9.702098849018280236e-01
8.714479025710419879e-01 9.722410291130669791e-01
8.728010825439783682e-01 9.722410291130669791e-01
8.734776725304465028e-01 9.722410291130669791e-01
8.734776725304465028e-01 9.729180771834800012e-01
8.755074424898511287e-01 9.729180771834800012e-01
8.755074424898511287e-01 9.735951252538930234e-01
8.782138024357240003e-01 9.735951252538930234e-01
8.782138024357240003e-01 9.769803656059580232e-01
8.815967523680650064e-01 9.769803656059580232e-01
8.815967523680650064e-01 9.776574136763710454e-01
8.829499323410013867e-01 9.776574136763710454e-01
8.843031123139377669e-01 9.776574136763710454e-01
8.843031123139377669e-01 9.790115098171969787e-01
8.856562922868741472e-01 9.790115098171969787e-01
8.856562922868741472e-01 9.803656059580230231e-01
8.863328822733423928e-01 9.803656059580230231e-01
8.863328822733423928e-01 9.810426540284360453e-01
8.924221921515561595e-01 9.810426540284360453e-01
8.924221921515561595e-01 9.817197020988490674e-01
8.937753721244925398e-01 9.817197020988490674e-01
8.951285520974289200e-01 9.817197020988490674e-01
8.951285520974289200e-01 9.823967501692619786e-01
8.958051420838971657e-01 9.823967501692619786e-01
8.958051420838971657e-01 9.830737982396750008e-01
8.964817320703654113e-01 9.830737982396750008e-01
8.964817320703654113e-01 9.837508463100880229e-01
8.978349120433017916e-01 9.837508463100880229e-01
8.978349120433017916e-01 9.844278943805010451e-01
8.998646820027063065e-01 9.844278943805010451e-01
9.012178619756427977e-01 9.844278943805010451e-01
9.032476319350473126e-01 9.844278943805010451e-01
9.032476319350473126e-01 9.851049424509140673e-01
9.039242219215155583e-01 9.851049424509140673e-01
9.052774018944519385e-01 9.851049424509140673e-01
9.059539918809201842e-01 9.851049424509140673e-01
9.059539918809201842e-01 9.857819905213269784e-01
9.073071718538565644e-01 9.857819905213269784e-01
9.086603518267929447e-01 9.857819905213269784e-01
9.086603518267929447e-01 9.864590385917400006e-01
9.133964817320703311e-01 9.864590385917400006e-01
9.133964817320703311e-01 9.871360866621530228e-01
9.228687415426252150e-01 9.871360866621530228e-01
9.255751014884979755e-01 9.871360866621530228e-01
9.262516914749662211e-01 9.871360866621530228e-01
9.276048714479026014e-01 9.871360866621530228e-01
9.276048714479026014e-01 9.884901828029789561e-01
9.289580514208389816e-01 9.884901828029789561e-01
9.303112313937753619e-01 9.884901828029789561e-01
9.303112313937753619e-01 9.891672308733919783e-01
9.323410013531799878e-01 9.891672308733919783e-01
9.336941813261163681e-01 9.891672308733919783e-01
9.343707713125846137e-01 9.891672308733919783e-01
9.343707713125846137e-01 9.905213270142180226e-01
9.370771312584573742e-01 9.905213270142180226e-01
9.384303112313937545e-01 9.905213270142180226e-01
9.418132611637347607e-01 9.905213270142180226e-01
9.418132611637347607e-01 9.911983750846310448e-01
9.438430311231393866e-01 9.911983750846310448e-01
9.438430311231393866e-01 9.918754231550439560e-01
9.465493910690121471e-01 9.918754231550439560e-01
9.465493910690121471e-01 9.925524712254569781e-01
9.479025710419485273e-01 9.925524712254569781e-01
9.485791610284167730e-01 9.925524712254569781e-01
9.485791610284167730e-01 9.932295192958700003e-01
9.492557510148850186e-01 9.932295192958700003e-01
9.519621109607577791e-01 9.932295192958700003e-01
9.533152909336941594e-01 9.932295192958700003e-01
9.533152909336941594e-01 9.939065673662830225e-01
9.600811907983761717e-01 9.939065673662830225e-01
9.614343707713125520e-01 9.939065673662830225e-01
9.614343707713125520e-01 9.945836154366960447e-01
9.627875507442489322e-01 9.945836154366960447e-01
9.648173207036535581e-01 9.945836154366960447e-01
9.675236806495264297e-01 9.945836154366960447e-01
9.695534506089309446e-01 9.945836154366960447e-01
9.709066305818674358e-01 9.945836154366960447e-01
9.709066305818674358e-01 9.952606635071089558e-01
9.722598105548038161e-01 9.952606635071089558e-01
9.736129905277401964e-01 9.952606635071089558e-01
9.763193504736129569e-01 9.952606635071089558e-01
9.763193504736129569e-01 9.959377115775219780e-01
9.783491204330175828e-01 9.959377115775219780e-01
9.783491204330175828e-01 9.966147596479350002e-01
9.790257104194858284e-01 9.966147596479350002e-01
9.790257104194858284e-01 9.972918077183480223e-01
9.797023004059539630e-01 9.972918077183480223e-01
9.797023004059539630e-01 9.986459038591739557e-01
9.810554803788903433e-01 9.986459038591739557e-01
9.837618403247632148e-01 9.986459038591739557e-01
9.857916102841678407e-01 9.986459038591739557e-01
9.871447902571042210e-01 9.986459038591739557e-01
9.905277401894452272e-01 9.986459038591739557e-01
9.905277401894452272e-01 9.993229519295869778e-01
9.945872801082543679e-01 9.993229519295869778e-01
9.945872801082543679e-01 1.000000000000000000e+00
9.959404600811907482e-01 1.000000000000000000e+00
9.986468200270636197e-01 1.000000000000000000e+00
1.000000000000000000e+00 1.000000000000000000e+00
