0.000000000000000000e+00 0.000000000000000000e+00
0.000000000000000000e+00 6.770480704129992972e-04
0.000000000000000000e+00 1.354096140825998594e-03
2.029769959404600747e-03 1.354096140825998594e-03
2.029769959404600747e-03 2.708192281651997189e-03
3.382949932341001390e-03 2.708192281651997189e-03
3.382949932341001390e-03 4.739336492890995622e-03
4.059539918809201495e-03 4.739336492890995622e-03
5.412719891745602571e-03 4.739336492890995622e-03
5.412719891745602571e-03 5.416384563303994377e-03
6.765899864682002780e-03 5.416384563303994377e-03
6.765899864682002780e-03 6.093432633716994000e-03
8.119079837618402989e-03 6.093432633716994000e-03
8.119079837618402989e-03 6.770480704129993622e-03
9.472259810554804066e-03 6.770480704129993622e-03
9.472259810554804066e-03 8.801624915368991622e-03
1.014884979702300460e-02 8.801624915368991622e-03
1.014884979702300460e-02 1.015572105619498913e-02
1.150202976995940395e-02 1.015572105619498913e-02
1.150202976995940395e-02 1.218686526743398800e-02
1.217861975642760448e-02 1.218686526743398800e-02
1.217861975642760448e-02 1.354096140825998724e-02
1.285520974289580502e-02 1.354096140825998724e-02
1.285520974289580502e-02 1.421800947867298513e-02
1.353179972936400556e-02 1.421800947867298513e-02
1.353179972936400556e-02 1.489505754908598475e-02
1.420838971583220610e-02 1.489505754908598475e-02
1.420838971583220610e-02 1.557210561949898438e-02
1.488497970230040664e-02 1.557210561949898438e-02
1.488497970230040664e-02 1.828029790115098113e-02
1.556156968876860544e-02 1.828029790115098113e-02
1.556156968876860544e-02 2.098849018280297962e-02
1.623815967523680598e-02 2.098849018280297962e-02
1.623815967523680598e-02 2.234258632362897887e-02
1.691474966170500652e-02 2.234258632362897887e-02
1.691474966170500652e-02 2.301963439404197675e-02
1.826792963464140759e-02 2.301963439404197675e-02
1.826792963464140759e-02 2.369668246445497464e-02
1.894451962110960813e-02 2.369668246445497464e-02
1.894451962110960813e-02 2.640487474610697313e-02
2.029769959404600921e-02 2.640487474610697313e-02
2.029769959404600921e-02 2.775897088693297238e-02
2.165087956698241028e-02 2.775897088693297238e-02
2.165087956698241028e-02 2.843601895734597026e-02
2.300405953991880789e-02 2.843601895734597026e-02
2.300405953991880789e-02 2.911306702775897162e-02
2.368064952638700843e-02 2.911306702775897162e-02
2.368064952638700843e-02 2.979011509817196951e-02
2.503382949932340951e-02 2.979011509817196951e-02
2.503382949932340951e-02 3.046716316858497087e-02
2.774018944519621166e-02 3.046716316858497087e-02
2.774018944519621166e-02 3.114421123899796875e-02
2.841677943166441220e-02 3.114421123899796875e-02
2.841677943166441220e-02 3.182125930941096664e-02
2.909336941813261274e-02 3.182125930941096664e-02
2.909336941813261274e-02 3.317535545023696936e-02
2.976995940460081327e-02 3.317535545023696936e-02
2.976995940460081327e-02 3.452945159106296513e-02
3.112313937753721088e-02 3.452945159106296513e-02
3.315290933694181597e-02 3.452945159106296513e-02
3.315290933694181597e-02 3.520649966147596649e-02
3.450608930987821704e-02 3.520649966147596649e-02
3.450608930987821704e-02 3.588354773188896091e-02
3.585926928281461118e-02 3.588354773188896091e-02
3.585926928281461118e-02 3.791469194312796498e-02
3.653585926928281519e-02 3.791469194312796498e-02
3.653585926928281519e-02 3.926878808395396075e-02
3.721244925575101226e-02 3.926878808395396075e-02
3.721244925575101226e-02 3.994583615436696211e-02
3.788903924221921626e-02 3.994583615436696211e-02
3.788903924221921626e-02 4.062288422477995653e-02
3.924221921515561734e-02 4.062288422477995653e-02
3.991880920162381441e-02 4.062288422477995653e-02
3.991880920162381441e-02 4.129993229519295789e-02
4.059539918809201842e-02 4.129993229519295789e-02
4.059539918809201842e-02 4.197698036560595924e-02
4.397834912043301764e-02 4.197698036560595924e-02
4.600811907983761578e-02 4.197698036560595924e-02
4.668470906630581979e-02 4.197698036560595924e-02
4.668470906630581979e-02 4.333107650643195502e-02
4.871447902571041794e-02 4.333107650643195502e-02
4.871447902571041794e-02 4.468517264725795773e-02
5.006765899864681901e-02 4.468517264725795773e-02
5.006765899864681901e-02 4.536222071767095215e-02
5.142083897158322009e-02 4.536222071767095215e-02
5.277401894451962117e-02 4.536222071767095215e-02
5.277401894451962117e-02 4.671631685849695487e-02
5.345060893098781823e-02 4.671631685849695487e-02
5.345060893098781823e-02 4.739336492890994929e-02
5.412719891745602224e-02 4.739336492890994929e-02
5.412719891745602224e-02 4.942450914014895336e-02
5.548037889039242332e-02 4.942450914014895336e-02
5.615696887686062039e-02 4.942450914014895336e-02
5.615696887686062039e-02 5.484089370345294340e-02
5.818673883626522547e-02 5.484089370345294340e-02
5.818673883626522547e-02 5.551794177386594475e-02
6.021650879566982362e-02 5.551794177386594475e-02
6.021650879566982362e-02 5.687203791469194053e-02
6.156968876860622469e-02 5.687203791469194053e-02
6.156968876860622469e-02 5.822613405551794324e-02
6.224627875507442176e-02 5.822613405551794324e-02
6.224627875507442176e-02 5.890318212593093766e-02
6.359945872801082978e-02 5.890318212593093766e-02
6.359945872801082978e-02 5.958023019634393902e-02
6.562922868741542792e-02 5.958023019634393902e-02
6.562922868741542792e-02 6.296547054840893887e-02
6.698240866035182206e-02 6.296547054840893887e-02
6.698240866035182206e-02 6.431956668923494158e-02
6.765899864682002607e-02 6.431956668923494158e-02
6.765899864682002607e-02 6.770480704129992755e-02
6.968876860622462421e-02 6.770480704129992755e-02
7.171853856562922236e-02 6.770480704129992755e-02
7.307171853856563037e-02 6.770480704129992755e-02
7.374830852503383438e-02 6.770480704129992755e-02
7.374830852503383438e-02 7.176709546377792182e-02
7.577807848443843253e-02 7.176709546377792182e-02
7.577807848443843253e-02 7.244414353419093011e-02
7.713125845737482666e-02 7.244414353419093011e-02
7.713125845737482666e-02 7.312119160460392453e-02
7.780784844384303067e-02 7.312119160460392453e-02
7.780784844384303067e-02 7.447528774542992724e-02
7.848443843031123468e-02 7.447528774542992724e-02
7.848443843031123468e-02 7.515233581584292166e-02
7.983761840324762882e-02 7.515233581584292166e-02
7.983761840324762882e-02 7.853757616790792151e-02
8.186738836265222696e-02 7.853757616790792151e-02
8.186738836265222696e-02 8.056872037914691864e-02
8.254397834912043097e-02 8.056872037914691864e-02
8.254397834912043097e-02 8.124576844955991306e-02
8.322056833558863498e-02 8.124576844955991306e-02
8.322056833558863498e-02 8.192281651997292136e-02
8.457374830852502912e-02 8.192281651997292136e-02
8.457374830852502912e-02 8.259986459038591577e-02
8.592692828146143713e-02 8.259986459038591577e-02
8.592692828146143713e-02 8.327691266079891019e-02
8.728010825439783127e-02 8.327691266079891019e-02
8.728010825439783127e-02 8.530805687203792120e-02
8.930987821380242941e-02 8.530805687203792120e-02
8.998646820027063342e-02 8.530805687203792120e-02
8.998646820027063342e-02 8.598510494245091562e-02
9.066305818673883743e-02 8.598510494245091562e-02
9.066305818673883743e-02 9.140148950575491260e-02
9.133964817320704144e-02 9.140148950575491260e-02
9.133964817320704144e-02 9.207853757616790702e-02
9.269282814614343557e-02 9.207853757616790702e-02
9.269282814614343557e-02 9.343263371699390973e-02
9.404600811907984359e-02 9.343263371699390973e-02
9.404600811907984359e-02 9.410968178740690415e-02
9.472259810554803372e-02 9.410968178740690415e-02
9.472259810554803372e-02 9.478672985781989857e-02
9.539918809201623773e-02 9.478672985781989857e-02
9.539918809201623773e-02 9.749492213947190400e-02
9.607577807848444174e-02 9.749492213947190400e-02
9.742895805142083587e-02 9.749492213947190400e-02
9.878213802435724389e-02 9.749492213947190400e-02
1.001353179972936380e-01 9.749492213947190400e-02
1.001353179972936380e-01 1.008801624915369038e-01
1.008119079837618420e-01 1.008801624915369038e-01
1.008119079837618420e-01 1.022342586323628927e-01
1.021650879566982362e-01 1.022342586323628927e-01
1.021650879566982362e-01 1.042654028436018898e-01
1.035182679296346442e-01 1.042654028436018898e-01
1.035182679296346442e-01 1.049424509140148981e-01
1.048714479025710383e-01 1.049424509140148981e-01
1.048714479025710383e-01 1.069735951252538952e-01
1.055480378890392423e-01 1.069735951252538952e-01
1.069012178619756365e-01 1.069735951252538952e-01
1.082543978349120445e-01 1.069735951252538952e-01
1.082543978349120445e-01 1.083276912660798980e-01
1.089309878213802485e-01 1.083276912660798980e-01
1.089309878213802485e-01 1.103588354773188951e-01
1.096075778078484386e-01 1.103588354773188951e-01
1.096075778078484386e-01 1.110358835477318895e-01
1.102841677943166426e-01 1.110358835477318895e-01
1.102841677943166426e-01 1.117129316181448839e-01
1.116373477672530506e-01 1.117129316181448839e-01
1.116373477672530506e-01 1.137440758293838811e-01
1.143437077131258389e-01 1.137440758293838811e-01
1.143437077131258389e-01 1.144211238997968894e-01
1.156968876860622469e-01 1.144211238997968894e-01
1.156968876860622469e-01 1.157752200406228782e-01
1.163734776725304509e-01 1.157752200406228782e-01
1.163734776725304509e-01 1.171293161814488809e-01
1.177266576454668451e-01 1.171293161814488809e-01
1.177266576454668451e-01 1.198375084631008863e-01
1.190798376184032531e-01 1.198375084631008863e-01
1.190798376184032531e-01 1.205145565335138808e-01
1.204330175913396472e-01 1.205145565335138808e-01
1.204330175913396472e-01 1.218686526743398835e-01
1.211096075778078512e-01 1.218686526743398835e-01
1.224627875507442454e-01 1.218686526743398835e-01
1.238159675236806534e-01 1.218686526743398835e-01
1.238159675236806534e-01 1.232227488151658723e-01
1.258457374830852515e-01 1.232227488151658723e-01
1.258457374830852515e-01 1.245768449559918750e-01
1.265223274695534417e-01 1.245768449559918750e-01
1.265223274695534417e-01 1.279620853080568610e-01
1.271989174560216596e-01 1.279620853080568610e-01
1.271989174560216596e-01 1.286391333784698832e-01
1.278755074424898497e-01 1.286391333784698832e-01
1.278755074424898497e-01 1.293161814488828776e-01
1.292286874154262577e-01 1.293161814488828776e-01
1.292286874154262577e-01 1.313473256601218608e-01
1.305818673883626657e-01 1.313473256601218608e-01
1.305818673883626657e-01 1.347325660121868607e-01
1.312584573748308558e-01 1.347325660121868607e-01
1.312584573748308558e-01 1.360866621530128773e-01
1.319350473612990460e-01 1.360866621530128773e-01
1.319350473612990460e-01 1.401489505754908715e-01
1.326116373477672639e-01 1.401489505754908715e-01
1.326116373477672639e-01 1.421800947867298548e-01
1.332882273342354540e-01 1.421800947867298548e-01
1.332882273342354540e-01 1.435341909275558436e-01
1.346414073071718620e-01 1.435341909275558436e-01
1.346414073071718620e-01 1.455653351387948546e-01
1.353179972936400521e-01 1.455653351387948546e-01
1.353179972936400521e-01 1.462423832092078491e-01
1.359945872801082423e-01 1.462423832092078491e-01
1.359945872801082423e-01 1.469194312796208435e-01
1.373477672530446503e-01 1.469194312796208435e-01
1.373477672530446503e-01 1.489505754908598545e-01
1.387009472259810583e-01 1.489505754908598545e-01
1.387009472259810583e-01 1.509817197020988377e-01
1.393775372124492484e-01 1.509817197020988377e-01
1.393775372124492484e-01 1.523358158429248543e-01
1.407307171853856564e-01 1.523358158429248543e-01
1.407307171853856564e-01 1.530128639133378488e-01
1.414073071718538466e-01 1.530128639133378488e-01
1.414073071718538466e-01 1.543669600541638376e-01
1.427604871447902546e-01 1.543669600541638376e-01
1.434370771312584447e-01 1.543669600541638376e-01
1.434370771312584447e-01 1.550440081245768320e-01
1.447902571041948527e-01 1.550440081245768320e-01
1.447902571041948527e-01 1.557210561949898542e-01
1.461434370771312607e-01 1.557210561949898542e-01
1.468200270635994509e-01 1.557210561949898542e-01
1.468200270635994509e-01 1.563981042654028486e-01
1.474966170500676688e-01 1.563981042654028486e-01
1.488497970230040490e-01 1.563981042654028486e-01
1.488497970230040490e-01 1.611374407582938373e-01
1.495263870094722669e-01 1.611374407582938373e-01
1.495263870094722669e-01 1.645226811103588371e-01
1.508795669824086472e-01 1.645226811103588371e-01
1.529093369418132731e-01 1.645226811103588371e-01
1.529093369418132731e-01 1.651997291807718315e-01
1.535859269282814632e-01 1.651997291807718315e-01
1.562922868741542515e-01 1.651997291807718315e-01
1.562922868741542515e-01 1.672308733920108426e-01
1.576454668470906595e-01 1.672308733920108426e-01
1.576454668470906595e-01 1.685849695328368314e-01
1.589986468200270675e-01 1.685849695328368314e-01
1.589986468200270675e-01 1.692620176032498258e-01
1.596752368064952576e-01 1.692620176032498258e-01
1.596752368064952576e-01 1.699390656736628202e-01
1.603518267929634755e-01 1.699390656736628202e-01
1.603518267929634755e-01 1.733243060257278201e-01
1.610284167794316657e-01 1.733243060257278201e-01
1.623815967523680737e-01 1.733243060257278201e-01
1.630581867388362638e-01 1.733243060257278201e-01
1.630581867388362638e-01 1.740013540961408145e-01
1.637347767253044539e-01 1.740013540961408145e-01
1.637347767253044539e-01 1.753554502369668311e-01
1.644113667117726718e-01 1.753554502369668311e-01
1.644113667117726718e-01 1.760324983073798255e-01
1.691474966170500582e-01 1.760324983073798255e-01
1.691474966170500582e-01 1.773865944482058143e-01
1.698240866035182761e-01 1.773865944482058143e-01
1.698240866035182761e-01 1.828029790115098252e-01
1.705006765899864662e-01 1.828029790115098252e-01
1.705006765899864662e-01 1.848341232227488085e-01
1.718538565629228743e-01 1.848341232227488085e-01
1.718538565629228743e-01 1.855111712931618029e-01
1.738836265223274724e-01 1.855111712931618029e-01
1.738836265223274724e-01 1.861882193635748250e-01
1.752368064952638804e-01 1.861882193635748250e-01
1.765899864682002607e-01 1.861882193635748250e-01
1.765899864682002607e-01 1.895734597156397971e-01
1.772665764546684786e-01 1.895734597156397971e-01
1.786197564276048588e-01 1.895734597156397971e-01
1.786197564276048588e-01 1.916046039268788082e-01
1.792963464140730767e-01 1.916046039268788082e-01
1.792963464140730767e-01 1.922816519972918026e-01
1.799729364005412668e-01 1.922816519972918026e-01
1.799729364005412668e-01 1.936357481381178192e-01
1.820027063599458650e-01 1.936357481381178192e-01
1.820027063599458650e-01 1.956668923493568024e-01
1.833558863328822730e-01 1.956668923493568024e-01
1.853856562922868711e-01 1.956668923493568024e-01
1.853856562922868711e-01 1.970209884901827913e-01
1.860622462787550613e-01 1.970209884901827913e-01
1.860622462787550613e-01 1.983750846310088078e-01
1.867388362652232792e-01 1.983750846310088078e-01
1.867388362652232792e-01 1.990521327014218023e-01
1.880920162381596872e-01 1.990521327014218023e-01
1.880920162381596872e-01 2.017603249830738077e-01
1.894451962110960674e-01 2.017603249830738077e-01
1.901217861975642853e-01 2.017603249830738077e-01
1.914749661705006656e-01 2.017603249830738077e-01
1.921515561569688835e-01 2.017603249830738077e-01
1.921515561569688835e-01 2.037914691943127909e-01
1.935047361299052637e-01 2.037914691943127909e-01
1.935047361299052637e-01 2.051455653351388075e-01
1.948579161028416717e-01 2.051455653351388075e-01
1.955345060893098896e-01 2.051455653351388075e-01
1.955345060893098896e-01 2.064996614759647964e-01
1.968876860622462699e-01 2.064996614759647964e-01
1.968876860622462699e-01 2.071767095463777908e-01
1.975642760487144878e-01 2.071767095463777908e-01
1.975642760487144878e-01 2.085308056872037796e-01
1.982408660351826779e-01 2.085308056872037796e-01
1.982408660351826779e-01 2.092078537576168018e-01
1.989174560216508680e-01 2.092078537576168018e-01
1.989174560216508680e-01 2.112389979688557851e-01
2.002706359945872761e-01 2.112389979688557851e-01
2.016238159675236841e-01 2.112389979688557851e-01
2.029769959404600921e-01 2.112389979688557851e-01
2.036535859269282822e-01 2.112389979688557851e-01
2.036535859269282822e-01 2.125930941096817739e-01
2.043301759133964723e-01 2.125930941096817739e-01
2.056833558863328804e-01 2.125930941096817739e-01
2.056833558863328804e-01 2.173324306025727903e-01
2.063599458728010705e-01 2.173324306025727903e-01
2.063599458728010705e-01 2.180094786729857848e-01
2.070365358592692884e-01 2.180094786729857848e-01
2.070365358592692884e-01 2.186865267433987792e-01
2.077131258457374785e-01 2.186865267433987792e-01
2.077131258457374785e-01 2.207176709546377902e-01
2.083897158322056964e-01 2.207176709546377902e-01
2.083897158322056964e-01 2.227488151658767734e-01
2.090663058186738865e-01 2.227488151658767734e-01
2.090663058186738865e-01 2.308733920108327620e-01
2.110960757780784847e-01 2.308733920108327620e-01
2.110960757780784847e-01 2.322274881516587786e-01
2.117726657645466748e-01 2.322274881516587786e-01
2.117726657645466748e-01 2.329045362220717730e-01
2.131258457374830828e-01 2.329045362220717730e-01
2.131258457374830828e-01 2.335815842924847674e-01
2.138024357239512729e-01 2.335815842924847674e-01
2.138024357239512729e-01 2.342586323628977618e-01
2.144790257104194908e-01 2.342586323628977618e-01
2.144790257104194908e-01 2.349356804333107562e-01
2.151556156968876810e-01 2.349356804333107562e-01
2.151556156968876810e-01 2.376438727149627617e-01
2.171853856562922791e-01 2.376438727149627617e-01
2.171853856562922791e-01 2.423832092078537503e-01
2.178619756427604970e-01 2.423832092078537503e-01
2.178619756427604970e-01 2.437373053486797669e-01
2.185385656292286871e-01 2.437373053486797669e-01
2.185385656292286871e-01 2.444143534190927614e-01
2.192151556156968772e-01 2.444143534190927614e-01
2.192151556156968772e-01 2.457684495599187502e-01
2.212449255751014754e-01 2.457684495599187502e-01
2.212449255751014754e-01 2.464454976303317446e-01
2.219215155615696933e-01 2.464454976303317446e-01
2.219215155615696933e-01 2.471225457007447390e-01
2.232746955345061013e-01 2.471225457007447390e-01
2.232746955345061013e-01 2.498307379823967445e-01
2.239512855209742914e-01 2.498307379823967445e-01
2.239512855209742914e-01 2.511848341232227333e-01
2.246278755074424816e-01 2.511848341232227333e-01
2.246278755074424816e-01 2.538930264048747665e-01
2.253044654939106994e-01 2.538930264048747665e-01
2.253044654939106994e-01 2.545700744752877331e-01
2.259810554803788896e-01 2.545700744752877331e-01
2.259810554803788896e-01 2.552471225457007553e-01
2.273342354533152976e-01 2.552471225457007553e-01
2.286874154262516778e-01 2.552471225457007553e-01
2.286874154262516778e-01 2.559241706161137220e-01
2.293640054127198957e-01 2.559241706161137220e-01
2.293640054127198957e-01 2.572782667569397663e-01
2.300405953991880859e-01 2.572782667569397663e-01
2.300405953991880859e-01 2.579553148273527330e-01
2.313937753721244939e-01 2.579553148273527330e-01
2.313937753721244939e-01 2.593094109681787218e-01
2.327469553450609019e-01 2.593094109681787218e-01
2.327469553450609019e-01 2.640487474610697105e-01
2.341001353179972821e-01 2.640487474610697105e-01
2.354533152909336902e-01 2.640487474610697105e-01
2.354533152909336902e-01 2.647257955314827327e-01
2.361299052774019080e-01 2.647257955314827327e-01
2.361299052774019080e-01 2.654028436018957549e-01
2.374830852503382883e-01 2.654028436018957549e-01
2.381596752368065062e-01 2.654028436018957549e-01
2.381596752368065062e-01 2.674339878131347104e-01
2.401894451962111043e-01 2.674339878131347104e-01
2.415426251691474846e-01 2.674339878131347104e-01
2.422192151556157025e-01 2.674339878131347104e-01
2.422192151556157025e-01 2.687880839539607547e-01
2.428958051420838926e-01 2.687880839539607547e-01
2.428958051420838926e-01 2.694651320243737214e-01
2.442489851150203006e-01 2.694651320243737214e-01
2.449255751014884908e-01 2.694651320243737214e-01
2.449255751014884908e-01 2.708192281651997102e-01
2.456021650879567086e-01 2.708192281651997102e-01
2.456021650879567086e-01 2.728503723764387212e-01
2.462787550744248988e-01 2.728503723764387212e-01
2.462787550744248988e-01 2.755585646580906989e-01
2.469553450608930889e-01 2.755585646580906989e-01
2.469553450608930889e-01 2.775897088693297099e-01
2.483085250338294969e-01 2.775897088693297099e-01
2.483085250338294969e-01 2.789438050101556987e-01
2.489851150202976870e-01 2.789438050101556987e-01
2.489851150202976870e-01 2.796208530805687209e-01
2.503382949932341228e-01 2.796208530805687209e-01
2.503382949932341228e-01 2.802979011509817431e-01
2.516914749661705031e-01 2.802979011509817431e-01
2.516914749661705031e-01 2.809749492213947097e-01
2.530446549391068833e-01 2.809749492213947097e-01
2.530446549391068833e-01 2.830060934326337208e-01
2.537212449255751290e-01 2.830060934326337208e-01
2.537212449255751290e-01 2.836831415030467429e-01
2.550744248985115092e-01 2.836831415030467429e-01
2.564276048714478895e-01 2.836831415030467429e-01
2.564276048714478895e-01 2.843601895734597096e-01
2.577807848443843253e-01 2.843601895734597096e-01
2.577807848443843253e-01 2.857142857142856984e-01
2.584573748308525154e-01 2.857142857142856984e-01
2.584573748308525154e-01 2.890995260663506983e-01
2.598105548037888957e-01 2.890995260663506983e-01
2.611637347767253314e-01 2.890995260663506983e-01
2.611637347767253314e-01 2.897765741367637204e-01
2.618403247631935216e-01 2.897765741367637204e-01
2.631935047361299018e-01 2.897765741367637204e-01
2.645466847090662821e-01 2.897765741367637204e-01
2.645466847090662821e-01 2.951929587000677313e-01
2.658998646820027179e-01 2.951929587000677313e-01
2.672530446549390981e-01 2.951929587000677313e-01
2.672530446549390981e-01 2.958700067704806980e-01
2.692828146143437240e-01 2.958700067704806980e-01
2.692828146143437240e-01 2.999322951929587200e-01
2.699594046008119141e-01 2.999322951929587200e-01
2.699594046008119141e-01 3.006093432633716866e-01
2.713125845737482944e-01 3.006093432633716866e-01
2.713125845737482944e-01 3.026404874746106977e-01
2.719891745602164845e-01 3.026404874746106977e-01
2.733423545331529203e-01 3.026404874746106977e-01
2.733423545331529203e-01 3.053486797562626753e-01
2.746955345060893006e-01 3.053486797562626753e-01
2.746955345060893006e-01 3.060257278266756975e-01
2.753721244925574907e-01 3.060257278266756975e-01
2.753721244925574907e-01 3.100880162491536640e-01
2.760487144790257363e-01 3.100880162491536640e-01
2.760487144790257363e-01 3.107650643195666862e-01
2.780784844384303067e-01 3.107650643195666862e-01
2.780784844384303067e-01 3.114421123899797084e-01
2.787550744248984969e-01 3.114421123899797084e-01
2.787550744248984969e-01 3.127962085308056972e-01
2.814614343707713129e-01 3.127962085308056972e-01
2.821380243572395030e-01 3.127962085308056972e-01
2.834912043301759388e-01 3.127962085308056972e-01
2.834912043301759388e-01 3.148273527420447082e-01
2.861975642760486993e-01 3.148273527420447082e-01
2.868741542625168894e-01 3.148273527420447082e-01
2.868741542625168894e-01 3.155044008124576749e-01
2.875507442489851351e-01 3.155044008124576749e-01
2.902571041948578956e-01 3.155044008124576749e-01
2.929634641407307116e-01 3.155044008124576749e-01
2.929634641407307116e-01 3.161814488828706970e-01
2.936400541271989018e-01 3.161814488828706970e-01
2.936400541271989018e-01 3.168584969532836637e-01
2.943166441136670919e-01 3.168584969532836637e-01
2.943166441136670919e-01 3.175355450236966859e-01
2.956698240866035277e-01 3.175355450236966859e-01
2.956698240866035277e-01 3.188896411645226747e-01
2.970230040595399079e-01 3.188896411645226747e-01
2.970230040595399079e-01 3.209207853757616857e-01
2.976995940460080980e-01 3.209207853757616857e-01
2.976995940460080980e-01 3.215978334461746524e-01
2.990527740189445338e-01 3.215978334461746524e-01
2.990527740189445338e-01 3.236289776574136634e-01
3.004059539918809141e-01 3.236289776574136634e-01
3.004059539918809141e-01 3.276912660798916854e-01
3.010825439783491042e-01 3.276912660798916854e-01
3.010825439783491042e-01 3.283683141503046521e-01
3.024357239512855400e-01 3.283683141503046521e-01
3.024357239512855400e-01 3.317535545023696519e-01
3.044654939106901104e-01 3.317535545023696519e-01
3.058186738836265461e-01 3.317535545023696519e-01
3.058186738836265461e-01 3.331076506431956408e-01
3.064952638700947363e-01 3.331076506431956408e-01
3.064952638700947363e-01 3.337846987136086629e-01
3.071718538565629264e-01 3.337846987136086629e-01
3.085250338294993067e-01 3.337846987136086629e-01
3.085250338294993067e-01 3.344617467840216851e-01
3.119079837618403128e-01 3.344617467840216851e-01
3.119079837618403128e-01 3.351387948544346518e-01
3.132611637347767486e-01 3.351387948544346518e-01
3.146143437077131289e-01 3.351387948544346518e-01
3.152909336941813190e-01 3.351387948544346518e-01
3.152909336941813190e-01 3.371699390656736628e-01
3.159675236806495091e-01 3.371699390656736628e-01
3.159675236806495091e-01 3.378469871360866850e-01
3.166441136671176992e-01 3.378469871360866850e-01
3.166441136671176992e-01 3.392010832769126738e-01
3.193504736129905153e-01 3.392010832769126738e-01
3.193504736129905153e-01 3.405551794177386626e-01
3.200270635994587054e-01 3.405551794177386626e-01
3.200270635994587054e-01 3.412322274881516848e-01
3.220568335588633313e-01 3.412322274881516848e-01
3.220568335588633313e-01 3.425863236289776736e-01
3.240866035182679572e-01 3.425863236289776736e-01
3.267929634641407177e-01 3.425863236289776736e-01
3.267929634641407177e-01 3.439404197698036625e-01
3.281461434370771535e-01 3.439404197698036625e-01
3.281461434370771535e-01 3.452945159106296513e-01
3.301759133964817239e-01 3.452945159106296513e-01
3.301759133964817239e-01 3.473256601218686623e-01
3.308525033829499140e-01 3.473256601218686623e-01
3.308525033829499140e-01 3.486797562626946512e-01
3.315290933694181597e-01 3.486797562626946512e-01
3.315290933694181597e-01 3.493568043331076733e-01
3.322056833558863498e-01 3.493568043331076733e-01
3.322056833558863498e-01 3.534190927555856399e-01
3.335588633288227300e-01 3.534190927555856399e-01
3.342354533152909202e-01 3.534190927555856399e-01
3.342354533152909202e-01 3.554502369668246509e-01
3.349120433017591103e-01 3.554502369668246509e-01
3.349120433017591103e-01 3.561272850372376175e-01
3.355886332882273559e-01 3.561272850372376175e-01
3.355886332882273559e-01 3.568043331076506397e-01
3.376184032476319263e-01 3.568043331076506397e-01
3.376184032476319263e-01 3.574813811780636619e-01
3.382949932341001165e-01 3.574813811780636619e-01
3.382949932341001165e-01 3.581584292484766285e-01
3.389715832205683621e-01 3.581584292484766285e-01
3.389715832205683621e-01 3.601895734597156395e-01
3.396481732070365522e-01 3.601895734597156395e-01
3.396481732070365522e-01 3.615436696005416284e-01
3.403247631935047424e-01 3.615436696005416284e-01
3.403247631935047424e-01 3.642518618821936616e-01
3.410013531799729325e-01 3.642518618821936616e-01
3.410013531799729325e-01 3.649289099526066282e-01
3.423545331529093128e-01 3.649289099526066282e-01
3.423545331529093128e-01 3.676371022342586059e-01
3.450608930987821288e-01 3.676371022342586059e-01
3.450608930987821288e-01 3.696682464454976169e-01
3.457374830852503189e-01 3.696682464454976169e-01
3.457374830852503189e-01 3.710223425863236058e-01
3.464140730717185646e-01 3.710223425863236058e-01
3.464140730717185646e-01 3.716993906567366279e-01
3.470906630581867547e-01 3.716993906567366279e-01
3.470906630581867547e-01 3.730534867975626168e-01
3.484438430311231349e-01 3.730534867975626168e-01
3.484438430311231349e-01 3.750846310088016278e-01
3.491204330175913251e-01 3.750846310088016278e-01
3.491204330175913251e-01 3.757616790792146499e-01
3.504736129905277608e-01 3.757616790792146499e-01
3.504736129905277608e-01 3.764387271496276166e-01
3.511502029769959510e-01 3.764387271496276166e-01
3.538565629228687670e-01 3.764387271496276166e-01
3.538565629228687670e-01 3.771157752200406388e-01
3.552097428958051473e-01 3.771157752200406388e-01
3.558863328822733374e-01 3.771157752200406388e-01
3.558863328822733374e-01 3.784698713608666276e-01
3.565629228687415275e-01 3.784698713608666276e-01
3.565629228687415275e-01 3.832092078537576163e-01
3.585926928281461534e-01 3.832092078537576163e-01
3.585926928281461534e-01 3.838862559241706385e-01
3.592692828146143436e-01 3.838862559241706385e-01
3.592692828146143436e-01 3.845633039945836051e-01
3.599458728010825337e-01 3.845633039945836051e-01
3.599458728010825337e-01 3.872714962762356383e-01
3.606224627875507238e-01 3.872714962762356383e-01
3.606224627875507238e-01 3.893026404874745938e-01
3.612990527740189695e-01 3.893026404874745938e-01
3.626522327469553497e-01 3.893026404874745938e-01
3.653585926928281657e-01 3.893026404874745938e-01
3.653585926928281657e-01 3.940419769803655825e-01
3.667117726657645460e-01 3.940419769803655825e-01
3.673883626522327361e-01 3.940419769803655825e-01
3.673883626522327361e-01 3.947190250507786047e-01
3.687415426251691719e-01 3.947190250507786047e-01
3.687415426251691719e-01 3.967501692620176157e-01
3.700947225981055522e-01 3.967501692620176157e-01
3.700947225981055522e-01 3.987813134732566267e-01
3.707713125845737423e-01 3.987813134732566267e-01
3.707713125845737423e-01 4.028436018957345932e-01
3.714479025710419324e-01 4.028436018957345932e-01
3.714479025710419324e-01 4.035206499661476154e-01
3.741542625169147485e-01 4.035206499661476154e-01
3.755074424898511287e-01 4.035206499661476154e-01
3.755074424898511287e-01 4.041976980365605820e-01
3.761840324763193744e-01 4.041976980365605820e-01
3.761840324763193744e-01 4.055517941773865709e-01
3.768606224627875645e-01 4.055517941773865709e-01
3.768606224627875645e-01 4.075829383886255819e-01
3.775372124492557546e-01 4.075829383886255819e-01
3.775372124492557546e-01 4.082599864590386041e-01
3.788903924221921349e-01 4.082599864590386041e-01
3.795669824086603250e-01 4.082599864590386041e-01
3.815967523680649509e-01 4.082599864590386041e-01
3.815967523680649509e-01 4.102911306702776151e-01
3.829499323410013312e-01 4.102911306702776151e-01
3.829499323410013312e-01 4.109681787406905817e-01
3.836265223274695768e-01 4.109681787406905817e-01
3.836265223274695768e-01 4.123222748815165706e-01
3.856562922868741472e-01 4.123222748815165706e-01
3.856562922868741472e-01 4.143534190927555816e-01
3.870094722598105275e-01 4.143534190927555816e-01
3.876860622462787731e-01 4.143534190927555816e-01
3.876860622462787731e-01 4.150304671631686038e-01
3.890392422192151534e-01 4.150304671631686038e-01
3.890392422192151534e-01 4.163845633039945926e-01
3.930987821380243497e-01 4.163845633039945926e-01
3.930987821380243497e-01 4.170616113744075593e-01
3.964817320703653558e-01 4.170616113744075593e-01
3.964817320703653558e-01 4.184157075152336036e-01
3.978349120433017361e-01 4.184157075152336036e-01
3.978349120433017361e-01 4.190927555856465703e-01
3.985115020297699817e-01 4.190927555856465703e-01
3.985115020297699817e-01 4.218009478672986035e-01
3.991880920162381718e-01 4.218009478672986035e-01
3.991880920162381718e-01 4.238320920785375590e-01
4.005412719891745521e-01 4.238320920785375590e-01
4.005412719891745521e-01 4.245091401489505811e-01
4.018944519621109879e-01 4.245091401489505811e-01
4.018944519621109879e-01 4.258632362897765700e-01
4.025710419485791780e-01 4.258632362897765700e-01
4.025710419485791780e-01 4.272173324306025588e-01
4.039242219215155583e-01 4.272173324306025588e-01
4.052774018944519385e-01 4.272173324306025588e-01
4.052774018944519385e-01 4.285714285714285476e-01
4.073071718538565644e-01 4.285714285714285476e-01
4.073071718538565644e-01 4.299255247122545920e-01
4.079837618403247546e-01 4.299255247122545920e-01
4.079837618403247546e-01 4.306025727826675586e-01
4.086603518267929447e-01 4.306025727826675586e-01
4.086603518267929447e-01 4.319566689234935475e-01
4.093369418132611903e-01 4.319566689234935475e-01
4.106901217861975706e-01 4.319566689234935475e-01
4.106901217861975706e-01 4.333107650643195918e-01
4.113667117726657607e-01 4.333107650643195918e-01
4.113667117726657607e-01 4.373730534867975583e-01
4.140730717185385767e-01 4.373730534867975583e-01
4.140730717185385767e-01 4.380501015572105805e-01
4.167794316644113928e-01 4.380501015572105805e-01
4.181326116373477730e-01 4.380501015572105805e-01
4.181326116373477730e-01 4.387271496276235472e-01
4.194857916102841533e-01 4.387271496276235472e-01
4.208389715832205891e-01 4.387271496276235472e-01
4.208389715832205891e-01 4.394041976980365694e-01
4.228687415426251595e-01 4.394041976980365694e-01
4.228687415426251595e-01 4.414353419092755804e-01
4.235453315290933496e-01 4.414353419092755804e-01
4.235453315290933496e-01 4.427894380501015692e-01
4.242219215155615952e-01 4.427894380501015692e-01
4.242219215155615952e-01 4.454976303317535469e-01
4.255751014884979755e-01 4.454976303317535469e-01
4.262516914749661656e-01 4.454976303317535469e-01
4.262516914749661656e-01 4.468517264725795357e-01
4.276048714479025459e-01 4.468517264725795357e-01
4.276048714479025459e-01 4.475287745429925579e-01
4.282814614343707915e-01 4.475287745429925579e-01
4.282814614343707915e-01 4.482058226134055245e-01
4.289580514208389816e-01 4.482058226134055245e-01
4.289580514208389816e-01 4.502369668246445356e-01
4.303112313937753619e-01 4.502369668246445356e-01
4.303112313937753619e-01 4.529451591062965687e-01
4.330175913396481779e-01 4.529451591062965687e-01
4.343707713125845582e-01 4.529451591062965687e-01
4.357239512855209940e-01 4.529451591062965687e-01
4.357239512855209940e-01 4.549763033175355242e-01
4.364005412719891841e-01 4.549763033175355242e-01
4.377537212449255644e-01 4.549763033175355242e-01
4.377537212449255644e-01 4.556533513879485464e-01
4.384303112313937545e-01 4.556533513879485464e-01
4.384303112313937545e-01 4.583615436696005241e-01
4.391069012178620001e-01 4.583615436696005241e-01
4.391069012178620001e-01 4.590385917400135463e-01
4.397834912043301903e-01 4.590385917400135463e-01
4.397834912043301903e-01 4.603926878808395351e-01
4.411366711772665705e-01 4.603926878808395351e-01
4.418132611637347607e-01 4.603926878808395351e-01
4.431664411366711964e-01 4.603926878808395351e-01
4.431664411366711964e-01 4.617467840216655239e-01
4.438430311231393866e-01 4.617467840216655239e-01
4.458728010825439569e-01 4.617467840216655239e-01
4.465493910690122026e-01 4.617467840216655239e-01
4.479025710419485828e-01 4.617467840216655239e-01
4.485791610284167730e-01 4.617467840216655239e-01
4.499323410013531532e-01 4.617467840216655239e-01
4.512855209742895890e-01 4.617467840216655239e-01
4.512855209742895890e-01 4.637779282329045349e-01
4.519621109607577791e-01 4.637779282329045349e-01
4.519621109607577791e-01 4.651320243737305238e-01
4.526387009472259693e-01 4.651320243737305238e-01
4.526387009472259693e-01 4.664861205145565126e-01
4.533152909336941594e-01 4.664861205145565126e-01
4.546684709066305952e-01 4.664861205145565126e-01
4.546684709066305952e-01 4.678402166553825570e-01
4.553450608930987853e-01 4.678402166553825570e-01
4.553450608930987853e-01 4.691943127962085458e-01
4.560216508795669754e-01 4.691943127962085458e-01
4.560216508795669754e-01 4.698713608666215125e-01
4.566982408660351656e-01 4.698713608666215125e-01
4.566982408660351656e-01 4.705484089370345346e-01
4.594046008119079816e-01 4.705484089370345346e-01
4.594046008119079816e-01 4.712254570074475013e-01
4.607577807848443618e-01 4.712254570074475013e-01
4.607577807848443618e-01 4.719025050778605235e-01
4.621109607577807976e-01 4.719025050778605235e-01
4.621109607577807976e-01 4.746106973595125011e-01
4.641407307171853680e-01 4.746106973595125011e-01
4.641407307171853680e-01 4.759647935003385455e-01
4.648173207036536136e-01 4.759647935003385455e-01
4.675236806495263742e-01 4.759647935003385455e-01
4.695534506089310001e-01 4.759647935003385455e-01
4.695534506089310001e-01 4.766418415707515122e-01
4.702300405953991902e-01 4.766418415707515122e-01
4.702300405953991902e-01 4.773188896411645343e-01
4.709066305818673803e-01 4.773188896411645343e-01
4.709066305818673803e-01 4.800270819228165120e-01
4.722598105548038161e-01 4.800270819228165120e-01
4.722598105548038161e-01 4.813811780636425008e-01
4.729364005412720062e-01 4.813811780636425008e-01
4.729364005412720062e-01 4.820582261340555230e-01
4.736129905277401964e-01 4.820582261340555230e-01
4.736129905277401964e-01 4.834123222748815119e-01
4.749661705006765766e-01 4.834123222748815119e-01
4.749661705006765766e-01 4.840893703452945340e-01
4.763193504736130124e-01 4.840893703452945340e-01
4.763193504736130124e-01 4.867975626269465117e-01
4.769959404600812025e-01 4.867975626269465117e-01
4.769959404600812025e-01 4.874746106973595339e-01
4.776725304465493926e-01 4.874746106973595339e-01
4.776725304465493926e-01 4.895057549085984894e-01
4.810554803788903988e-01 4.895057549085984894e-01
4.810554803788903988e-01 4.915368991198375004e-01
4.824086603518267791e-01 4.915368991198375004e-01
4.824086603518267791e-01 4.935680433310765114e-01
4.844384303112314050e-01 4.935680433310765114e-01
4.844384303112314050e-01 4.949221394719025002e-01
4.871447902571042210e-01 4.949221394719025002e-01
4.891745602165087914e-01 4.949221394719025002e-01
4.905277401894451716e-01 4.949221394719025002e-01
4.905277401894451716e-01 4.962762356127284891e-01
4.912043301759134173e-01 4.962762356127284891e-01
4.912043301759134173e-01 4.989844278943805223e-01
4.925575101488497975e-01 4.989844278943805223e-01
4.925575101488497975e-01 4.996614759647934889e-01
4.932341001353179877e-01 4.996614759647934889e-01
4.932341001353179877e-01 5.003385240352065111e-01
4.945872801082544234e-01 5.003385240352065111e-01
4.972936400541271840e-01 5.003385240352065111e-01
4.993234100135318099e-01 5.003385240352065111e-01
4.993234100135318099e-01 5.010155721056195333e-01
5.027063599458727605e-01 5.010155721056195333e-01
5.027063599458727605e-01 5.016926201760324444e-01
5.033829499323410062e-01 5.016926201760324444e-01
5.033829499323410062e-01 5.030467163168584888e-01
5.040595399188092518e-01 5.030467163168584888e-01
5.040595399188092518e-01 5.044008124576845331e-01
5.060893098782137667e-01 5.044008124576845331e-01
5.060893098782137667e-01 5.050778605280974443e-01
5.067658998646820123e-01 5.050778605280974443e-01
5.067658998646820123e-01 5.057549085985104664e-01
5.081190798376183926e-01 5.057549085985104664e-01
5.081190798376183926e-01 5.064319566689234886e-01
5.094722598105547728e-01 5.064319566689234886e-01
5.101488497970230185e-01 5.064319566689234886e-01
5.101488497970230185e-01 5.071090047393365108e-01
5.108254397834911531e-01 5.071090047393365108e-01
5.108254397834911531e-01 5.077860528097495330e-01
5.115020297699593987e-01 5.077860528097495330e-01
5.115020297699593987e-01 5.091401489505754663e-01
5.121786197564276444e-01 5.091401489505754663e-01
5.121786197564276444e-01 5.098171970209884885e-01
5.135317997293640246e-01 5.098171970209884885e-01
5.135317997293640246e-01 5.118483412322274440e-01
5.142083897158321593e-01 5.118483412322274440e-01
5.142083897158321593e-01 5.138794854434665105e-01
5.162381596752367852e-01 5.138794854434665105e-01
5.182679296346414111e-01 5.138794854434665105e-01
5.196211096075777913e-01 5.138794854434665105e-01
5.196211096075777913e-01 5.145565335138795326e-01
5.202976995940460370e-01 5.145565335138795326e-01
5.202976995940460370e-01 5.152335815842924438e-01
5.216508795669824172e-01 5.152335815842924438e-01
5.216508795669824172e-01 5.165876777251184881e-01
5.223274695534506629e-01 5.165876777251184881e-01
5.223274695534506629e-01 5.206499661475965102e-01
5.236806495263870431e-01 5.206499661475965102e-01
5.236806495263870431e-01 5.240352064996615100e-01
5.243572395128551777e-01 5.240352064996615100e-01
5.243572395128551777e-01 5.260663507109004655e-01
5.250338294993234234e-01 5.260663507109004655e-01
5.250338294993234234e-01 5.267433987813134877e-01
5.263870094722598036e-01 5.267433987813134877e-01
5.263870094722598036e-01 5.287745429925524432e-01
5.277401894451961839e-01 5.287745429925524432e-01
5.290933694181325642e-01 5.287745429925524432e-01
5.297699594046008098e-01 5.287745429925524432e-01
5.297699594046008098e-01 5.294515910629654654e-01
5.311231393775371901e-01 5.294515910629654654e-01
5.324763193504735703e-01 5.294515910629654654e-01
5.331529093369418160e-01 5.294515910629654654e-01
5.331529093369418160e-01 5.335138794854434874e-01
5.345060893098781962e-01 5.335138794854434874e-01
5.358592692828145765e-01 5.335138794854434874e-01
5.358592692828145765e-01 5.355450236966824429e-01
5.365358592692828221e-01 5.355450236966824429e-01
5.365358592692828221e-01 5.368991198375084872e-01
5.378890392422192024e-01 5.368991198375084872e-01
5.392422192151555826e-01 5.368991198375084872e-01
5.392422192151555826e-01 5.382532159783344206e-01
5.405953991880919629e-01 5.382532159783344206e-01
5.405953991880919629e-01 5.389302640487474427e-01
5.419485791610284542e-01 5.389302640487474427e-01
5.419485791610284542e-01 5.402843601895734871e-01
5.433017591339648344e-01 5.402843601895734871e-01
5.446549391069012147e-01 5.402843601895734871e-01
5.446549391069012147e-01 5.429925524712254647e-01
5.460081190798375950e-01 5.429925524712254647e-01
5.473612990527739752e-01 5.429925524712254647e-01
5.473612990527739752e-01 5.436696005416384869e-01
5.487144790257104665e-01 5.436696005416384869e-01
5.500676589986468468e-01 5.436696005416384869e-01
5.500676589986468468e-01 5.443466486120515091e-01
5.514208389715832270e-01 5.443466486120515091e-01
5.514208389715832270e-01 5.457007447528774424e-01
5.520974289580514727e-01 5.457007447528774424e-01
5.520974289580514727e-01 5.490859851049424423e-01
5.534506089309878529e-01 5.490859851049424423e-01
5.534506089309878529e-01 5.497630331753554644e-01
5.541271989174559875e-01 5.497630331753554644e-01
5.541271989174559875e-01 5.511171293161813978e-01
5.554803788903923678e-01 5.511171293161813978e-01
5.554803788903923678e-01 5.517941773865944199e-01
5.568335588633288591e-01 5.517941773865944199e-01
5.568335588633288591e-01 5.531482735274204643e-01
5.575101488497969937e-01 5.531482735274204643e-01
5.575101488497969937e-01 5.558564658090724420e-01
5.581867388362652393e-01 5.558564658090724420e-01
5.581867388362652393e-01 5.565335138794854641e-01
5.588633288227333740e-01 5.565335138794854641e-01
5.588633288227333740e-01 5.572105619498984863e-01
5.595399188092016196e-01 5.572105619498984863e-01
5.595399188092016196e-01 5.578876100203113975e-01
5.602165087956698653e-01 5.578876100203113975e-01
5.615696887686062455e-01 5.578876100203113975e-01
5.615696887686062455e-01 5.585646580907244196e-01
5.629228687415426258e-01 5.585646580907244196e-01
5.629228687415426258e-01 5.619498984427894195e-01
5.635994587280108714e-01 5.619498984427894195e-01
5.635994587280108714e-01 5.633039945836154638e-01
5.649526387009472517e-01 5.633039945836154638e-01
5.656292286874153863e-01 5.633039945836154638e-01
5.656292286874153863e-01 5.666892349356804637e-01
5.663058186738836319e-01 5.666892349356804637e-01
5.663058186738836319e-01 5.673662830060934859e-01
5.669824086603518776e-01 5.673662830060934859e-01
5.669824086603518776e-01 5.680433310765063970e-01
5.676589986468200122e-01 5.680433310765063970e-01
5.676589986468200122e-01 5.687203791469194192e-01
5.690121786197563925e-01 5.687203791469194192e-01
5.696887686062246381e-01 5.687203791469194192e-01
5.696887686062246381e-01 5.754908598510494189e-01
5.703653585926927727e-01 5.754908598510494189e-01
5.703653585926927727e-01 5.761679079214624410e-01
5.710419485791610184e-01 5.761679079214624410e-01
5.710419485791610184e-01 5.775220040622883744e-01
5.717185385656292640e-01 5.775220040622883744e-01
5.717185385656292640e-01 5.788761002031144187e-01
5.730717185385656443e-01 5.788761002031144187e-01
5.730717185385656443e-01 5.802301963439404631e-01
5.751014884979702702e-01 5.802301963439404631e-01
5.751014884979702702e-01 5.829383886255924407e-01
5.764546684709066504e-01 5.829383886255924407e-01
5.784844384303112763e-01 5.829383886255924407e-01
5.798376184032476566e-01 5.829383886255924407e-01
5.798376184032476566e-01 5.836154366960054629e-01
5.805142083897157912e-01 5.836154366960054629e-01
5.818673883626522825e-01 5.836154366960054629e-01
5.818673883626522825e-01 5.856465809072444184e-01
5.825439783491204171e-01 5.856465809072444184e-01
5.825439783491204171e-01 5.876777251184833739e-01
5.832205683355886627e-01 5.876777251184833739e-01
5.832205683355886627e-01 5.883547731888963961e-01
5.845737483085250430e-01 5.883547731888963961e-01
5.845737483085250430e-01 5.890318212593094183e-01
5.852503382949932886e-01 5.890318212593094183e-01
5.852503382949932886e-01 5.897088693297224404e-01
5.866035182679296689e-01 5.897088693297224404e-01
5.866035182679296689e-01 5.903859174001354626e-01
5.879566982408660492e-01 5.903859174001354626e-01
5.879566982408660492e-01 5.924170616113744181e-01
5.886332882273341838e-01 5.924170616113744181e-01
5.886332882273341838e-01 5.944482058226133736e-01
5.893098782138024294e-01 5.944482058226133736e-01
5.906630581867388097e-01 5.944482058226133736e-01
5.920162381596751899e-01 5.944482058226133736e-01
5.920162381596751899e-01 5.958023019634394180e-01
5.933694181326116812e-01 5.958023019634394180e-01
5.933694181326116812e-01 5.985104942450913956e-01
5.947225981055480615e-01 5.985104942450913956e-01
5.967523680649526874e-01 5.985104942450913956e-01
5.967523680649526874e-01 6.005416384563303511e-01
5.981055480378890676e-01 6.005416384563303511e-01
5.981055480378890676e-01 6.012186865267433733e-01
5.987821380243572023e-01 6.012186865267433733e-01
5.987821380243572023e-01 6.039268788083953510e-01
5.994587280108254479e-01 6.039268788083953510e-01
5.994587280108254479e-01 6.059580230196344175e-01
6.008119079837618282e-01 6.059580230196344175e-01
6.008119079837618282e-01 6.066350710900474397e-01
6.021650879566982084e-01 6.066350710900474397e-01
6.021650879566982084e-01 6.073121191604603508e-01
6.041948579161028343e-01 6.073121191604603508e-01
6.041948579161028343e-01 6.079891672308733730e-01
6.055480378890392146e-01 6.079891672308733730e-01
6.055480378890392146e-01 6.086662153012863952e-01
6.062246278755074602e-01 6.086662153012863952e-01
6.062246278755074602e-01 6.093432633716994173e-01
6.069012178619755948e-01 6.093432633716994173e-01
6.069012178619755948e-01 6.100203114421124395e-01
6.082543978349120861e-01 6.100203114421124395e-01
6.082543978349120861e-01 6.106973595125253507e-01
6.089309878213802207e-01 6.106973595125253507e-01
6.089309878213802207e-01 6.120514556533513950e-01
6.096075778078484664e-01 6.120514556533513950e-01
6.096075778078484664e-01 6.127285037237644172e-01
6.102841677943166010e-01 6.127285037237644172e-01
6.102841677943166010e-01 6.140825998645903505e-01
6.116373477672530923e-01 6.140825998645903505e-01
6.116373477672530923e-01 6.161137440758294170e-01
6.123139377537212269e-01 6.161137440758294170e-01
6.123139377537212269e-01 6.167907921462423282e-01
6.136671177266576072e-01 6.167907921462423282e-01
6.136671177266576072e-01 6.181448882870683725e-01
6.143437077131258528e-01 6.181448882870683725e-01
6.143437077131258528e-01 6.194989844278944169e-01
6.150202976995940984e-01 6.194989844278944169e-01
6.150202976995940984e-01 6.201760324983073280e-01
6.163734776725304787e-01 6.201760324983073280e-01
6.170500676589986133e-01 6.201760324983073280e-01
6.170500676589986133e-01 6.269465132024373277e-01
6.190798376184032392e-01 6.269465132024373277e-01
6.204330175913396195e-01 6.269465132024373277e-01
6.204330175913396195e-01 6.289776574136763942e-01
6.211096075778078651e-01 6.289776574136763942e-01
6.211096075778078651e-01 6.303317535545023276e-01
6.224627875507442454e-01 6.303317535545023276e-01
6.224627875507442454e-01 6.343940419769803496e-01
6.238159675236806256e-01 6.343940419769803496e-01
6.238159675236806256e-01 6.398104265402843049e-01
6.244925575101488713e-01 6.398104265402843049e-01
6.244925575101488713e-01 6.418415707515233715e-01
6.251691474966170059e-01 6.418415707515233715e-01
6.251691474966170059e-01 6.438727149627623270e-01
6.265223274695534972e-01 6.438727149627623270e-01
6.265223274695534972e-01 6.452268111035883713e-01
6.271989174560216318e-01 6.452268111035883713e-01
6.271989174560216318e-01 6.459038591740013935e-01
6.278755074424898774e-01 6.459038591740013935e-01
6.278755074424898774e-01 6.465809072444143046e-01
6.285520974289580121e-01 6.465809072444143046e-01
6.285520974289580121e-01 6.472579553148273268e-01
6.299052774018945033e-01 6.472579553148273268e-01
6.299052774018945033e-01 6.486120514556533712e-01
6.305818673883626380e-01 6.486120514556533712e-01
6.305818673883626380e-01 6.492890995260663933e-01
6.319350473612990182e-01 6.492890995260663933e-01
6.319350473612990182e-01 6.513202437373053488e-01
6.326116373477672639e-01 6.513202437373053488e-01
6.326116373477672639e-01 6.526743398781313932e-01
6.332882273342353985e-01 6.526743398781313932e-01
6.332882273342353985e-01 6.540284360189573265e-01
6.339648173207036441e-01 6.540284360189573265e-01
6.339648173207036441e-01 6.547054840893703487e-01
6.359945872801082700e-01 6.547054840893703487e-01
6.366711772665764046e-01 6.547054840893703487e-01
6.366711772665764046e-01 6.560595802301963930e-01
6.373477672530446503e-01 6.560595802301963930e-01
6.373477672530446503e-01 6.574136763710223264e-01
6.380243572395128959e-01 6.574136763710223264e-01
6.380243572395128959e-01 6.580907244414353485e-01
6.407307171853856564e-01 6.580907244414353485e-01
6.407307171853856564e-01 6.607989167230873262e-01
6.420838971583220367e-01 6.607989167230873262e-01
6.420838971583220367e-01 6.614759647935003484e-01
6.427604871447902823e-01 6.614759647935003484e-01
6.441136671177266626e-01 6.614759647935003484e-01
6.441136671177266626e-01 6.621530128639133705e-01
6.447902571041949082e-01 6.621530128639133705e-01
6.447902571041949082e-01 6.628300609343262817e-01
6.454668470906630429e-01 6.628300609343262817e-01
6.454668470906630429e-01 6.648612051455653482e-01
6.495263870094722947e-01 6.648612051455653482e-01
6.495263870094722947e-01 6.668923493568043037e-01
6.502029769959404293e-01 6.668923493568043037e-01
6.502029769959404293e-01 6.675693974272173259e-01
6.515561569688768095e-01 6.675693974272173259e-01
6.535859269282814354e-01 6.675693974272173259e-01
6.535859269282814354e-01 6.696005416384562814e-01
6.542625169147496811e-01 6.696005416384562814e-01
6.542625169147496811e-01 6.702775897088693036e-01
6.562922868741543070e-01 6.702775897088693036e-01
6.562922868741543070e-01 6.716316858496953479e-01
6.576454668470906872e-01 6.716316858496953479e-01
6.576454668470906872e-01 6.743398781313473256e-01
6.589986468200270675e-01 6.743398781313473256e-01
6.589986468200270675e-01 6.750169262017603478e-01
6.596752368064953131e-01 6.750169262017603478e-01
6.596752368064953131e-01 6.777251184834123254e-01
6.603518267929634478e-01 6.777251184834123254e-01
6.617050067658998280e-01 6.777251184834123254e-01
6.617050067658998280e-01 6.790792146242383698e-01
6.630581867388363193e-01 6.790792146242383698e-01
6.637347767253044539e-01 6.790792146242383698e-01
6.637347767253044539e-01 6.797562626946512809e-01
6.644113667117726996e-01 6.797562626946512809e-01
6.644113667117726996e-01 6.804333107650643031e-01
6.650879566982408342e-01 6.804333107650643031e-01
6.650879566982408342e-01 6.817874069058903475e-01
6.657645466847090798e-01 6.817874069058903475e-01
6.657645466847090798e-01 6.824644549763033696e-01
6.664411366711772144e-01 6.824644549763033696e-01
6.664411366711772144e-01 6.838185511171293030e-01
6.671177266576454601e-01 6.838185511171293030e-01
6.671177266576454601e-01 6.851726472579553473e-01
6.684709066305818403e-01 6.851726472579553473e-01
6.705006765899864662e-01 6.851726472579553473e-01
6.705006765899864662e-01 6.865267433987812806e-01
6.725304465493910921e-01 6.865267433987812806e-01
6.725304465493910921e-01 6.878808395396073250e-01
6.732070365358592268e-01 6.878808395396073250e-01
6.732070365358592268e-01 6.892349356804332583e-01
6.745602165087957180e-01 6.892349356804332583e-01
6.745602165087957180e-01 6.899119837508462805e-01
6.759133964817320983e-01 6.899119837508462805e-01
6.759133964817320983e-01 6.912660798916723248e-01
6.772665764546684786e-01 6.912660798916723248e-01
6.779431664411367242e-01 6.912660798916723248e-01
6.779431664411367242e-01 6.926201760324982581e-01
6.786197564276048588e-01 6.926201760324982581e-01
6.786197564276048588e-01 6.966824644549762802e-01
6.792963464140731045e-01 6.966824644549762802e-01
6.792963464140731045e-01 6.980365605958023245e-01
6.799729364005412391e-01 6.980365605958023245e-01
6.799729364005412391e-01 6.987136086662153467e-01
6.806495263870094847e-01 6.987136086662153467e-01
6.806495263870094847e-01 6.993906567366282578e-01
6.820027063599458650e-01 6.993906567366282578e-01
6.820027063599458650e-01 7.027758970886932577e-01
6.833558863328822452e-01 7.027758970886932577e-01
6.833558863328822452e-01 7.034529451591062799e-01
6.840324763193504909e-01 7.034529451591062799e-01
6.840324763193504909e-01 7.041299932295193020e-01
6.853856562922868711e-01 7.041299932295193020e-01
6.853856562922868711e-01 7.061611374407582575e-01
6.867388362652232514e-01 7.061611374407582575e-01
6.874154262516914971e-01 7.061611374407582575e-01
6.874154262516914971e-01 7.081922816519973241e-01
6.887686062246278773e-01 7.081922816519973241e-01
6.887686062246278773e-01 7.095463777928232574e-01
6.914749661705006378e-01 7.095463777928232574e-01
6.935047361299052637e-01 7.095463777928232574e-01
6.935047361299052637e-01 7.102234258632362796e-01
6.941813261163735094e-01 7.102234258632362796e-01
6.941813261163735094e-01 7.109004739336493017e-01
6.948579161028416440e-01 7.109004739336493017e-01
6.948579161028416440e-01 7.149627623561273237e-01
6.962110960757780243e-01 7.149627623561273237e-01
6.962110960757780243e-01 7.156398104265402349e-01
6.968876860622462699e-01 7.156398104265402349e-01
6.968876860622462699e-01 7.163168584969532571e-01
6.975642760487145155e-01 7.163168584969532571e-01
6.975642760487145155e-01 7.183480027081923236e-01
6.982408660351826502e-01 7.183480027081923236e-01
6.995940460081190304e-01 7.183480027081923236e-01
6.995940460081190304e-01 7.190250507786052347e-01
7.002706359945872761e-01 7.190250507786052347e-01
7.002706359945872761e-01 7.217332430602573234e-01
7.009472259810555217e-01 7.217332430602573234e-01
7.009472259810555217e-01 7.237643872714962789e-01
7.029769959404600366e-01 7.237643872714962789e-01
7.036535859269282822e-01 7.237643872714962789e-01
7.036535859269282822e-01 7.244414353419093011e-01
7.050067658998646625e-01 7.244414353419093011e-01
7.056833558863329081e-01 7.244414353419093011e-01
7.056833558863329081e-01 7.257955314827352344e-01
7.070365358592692884e-01 7.257955314827352344e-01
7.070365358592692884e-01 7.285037237643873231e-01
7.083897158322056686e-01 7.285037237643873231e-01
7.090663058186739143e-01 7.285037237643873231e-01
7.104194857916102945e-01 7.285037237643873231e-01
7.144790257104194353e-01 7.285037237643873231e-01
7.144790257104194353e-01 7.291807718348002343e-01
7.151556156968876810e-01 7.291807718348002343e-01
7.151556156968876810e-01 7.305348679756262786e-01
7.165087956698240612e-01 7.305348679756262786e-01
7.178619756427604415e-01 7.305348679756262786e-01
7.178619756427604415e-01 7.312119160460393008e-01
7.192151556156969328e-01 7.312119160460393008e-01
7.205683355886333130e-01 7.312119160460393008e-01
7.205683355886333130e-01 7.325660121868652341e-01
7.219215155615696933e-01 7.325660121868652341e-01
7.225981055480379389e-01 7.325660121868652341e-01
7.225981055480379389e-01 7.332430602572782563e-01
7.239512855209743192e-01 7.332430602572782563e-01
7.253044654939106994e-01 7.332430602572782563e-01
7.253044654939106994e-01 7.339201083276912785e-01
7.259810554803789451e-01 7.339201083276912785e-01
7.259810554803789451e-01 7.345971563981043007e-01
7.266576454668470797e-01 7.345971563981043007e-01
7.266576454668470797e-01 7.359512525389302340e-01
7.273342354533153253e-01 7.359512525389302340e-01
7.286874154262517056e-01 7.359512525389302340e-01
7.286874154262517056e-01 7.366283006093432562e-01
7.293640054127198402e-01 7.366283006093432562e-01
7.313937753721244661e-01 7.366283006093432562e-01
7.313937753721244661e-01 7.386594448205822117e-01
7.327469553450608464e-01 7.386594448205822117e-01
7.341001353179973377e-01 7.386594448205822117e-01
7.354533152909337179e-01 7.386594448205822117e-01
7.354533152909337179e-01 7.406905890318212782e-01
7.374830852503383438e-01 7.406905890318212782e-01
7.401894451962111043e-01 7.406905890318212782e-01
7.415426251691474846e-01 7.406905890318212782e-01
7.415426251691474846e-01 7.420446851726472115e-01
7.428958051420838649e-01 7.420446851726472115e-01
7.428958051420838649e-01 7.433987813134732558e-01
7.435723951285521105e-01 7.433987813134732558e-01
7.435723951285521105e-01 7.515233581584292999e-01
7.462787550744248710e-01 7.515233581584292999e-01
7.462787550744248710e-01 7.535545023696682554e-01
7.469553450608931167e-01 7.535545023696682554e-01
7.469553450608931167e-01 7.549085985104942997e-01
7.489851150202977426e-01 7.549085985104942997e-01
7.489851150202977426e-01 7.562626946513202331e-01
7.496617050067658772e-01 7.562626946513202331e-01
7.496617050067658772e-01 7.576167907921462774e-01
7.510148849797022574e-01 7.576167907921462774e-01
7.510148849797022574e-01 7.589708869329722107e-01
7.523680649526387487e-01 7.589708869329722107e-01
7.523680649526387487e-01 7.603249830737982551e-01
7.537212449255751290e-01 7.603249830737982551e-01
7.537212449255751290e-01 7.623561272850372106e-01
7.550744248985115092e-01 7.623561272850372106e-01
7.557510148849797549e-01 7.623561272850372106e-01
7.557510148849797549e-01 7.637102234258632549e-01
7.564276048714478895e-01 7.637102234258632549e-01
7.564276048714478895e-01 7.643872714962762771e-01
7.571041948579161351e-01 7.643872714962762771e-01
7.571041948579161351e-01 7.677725118483412770e-01
7.577807848443842698e-01 7.677725118483412770e-01
7.577807848443842698e-01 7.684495599187541881e-01
7.584573748308525154e-01 7.684495599187541881e-01
7.584573748308525154e-01 7.691266079891672103e-01
7.598105548037888957e-01 7.691266079891672103e-01
7.598105548037888957e-01 7.698036560595802325e-01
7.611637347767252759e-01 7.698036560595802325e-01
7.611637347767252759e-01 7.704807041299932546e-01
7.625169147496616562e-01 7.704807041299932546e-01
7.625169147496616562e-01 7.711577522004062768e-01
7.638700947225981475e-01 7.711577522004062768e-01
7.645466847090662821e-01 7.711577522004062768e-01
7.645466847090662821e-01 7.725118483412322101e-01
7.658998646820026623e-01 7.725118483412322101e-01
7.658998646820026623e-01 7.731888964116452323e-01
7.665764546684709080e-01 7.731888964116452323e-01
7.665764546684709080e-01 7.738659444820582545e-01
7.672530446549391536e-01 7.738659444820582545e-01
7.672530446549391536e-01 7.758970886932972100e-01
7.679296346414072882e-01 7.758970886932972100e-01
7.679296346414072882e-01 7.765741367637102321e-01
7.686062246278755339e-01 7.765741367637102321e-01
7.706359945872801598e-01 7.765741367637102321e-01
7.719891745602165400e-01 7.765741367637102321e-01
7.719891745602165400e-01 7.792823290453622098e-01
7.726657645466846747e-01 7.792823290453622098e-01
7.726657645466846747e-01 7.799593771157752320e-01
7.740189445196210549e-01 7.799593771157752320e-01
7.740189445196210549e-01 7.813134732566011653e-01
7.753721244925575462e-01 7.813134732566011653e-01
7.753721244925575462e-01 7.819905213270141875e-01
7.760487144790256808e-01 7.819905213270141875e-01
7.760487144790256808e-01 7.826675693974272097e-01
7.767253044654939265e-01 7.826675693974272097e-01
7.767253044654939265e-01 7.833446174678402318e-01
7.780784844384303067e-01 7.833446174678402318e-01
7.780784844384303067e-01 7.846987136086661652e-01
7.787550744248985524e-01 7.846987136086661652e-01
7.787550744248985524e-01 7.853757616790791873e-01
7.848443843031123190e-01 7.853757616790791873e-01
7.848443843031123190e-01 7.867298578199052317e-01
7.868741542625169449e-01 7.867298578199052317e-01
7.868741542625169449e-01 7.921462423832091870e-01
7.875507442489850796e-01 7.921462423832091870e-01
7.895805142083897055e-01 7.921462423832091870e-01
7.909336941813260857e-01 7.921462423832091870e-01
7.922868741542624660e-01 7.921462423832091870e-01
7.922868741542624660e-01 7.948544346648611647e-01
7.936400541271989573e-01 7.948544346648611647e-01
7.943166441136670919e-01 7.948544346648611647e-01
7.943166441136670919e-01 7.975626269465132534e-01
7.949932341001353375e-01 7.975626269465132534e-01
7.963464140730717178e-01 7.975626269465132534e-01
7.976995940460080980e-01 7.975626269465132534e-01
7.976995940460080980e-01 7.982396750169261646e-01
7.990527740189444783e-01 7.982396750169261646e-01
7.990527740189444783e-01 7.989167230873391867e-01
7.997293640054127239e-01 7.989167230873391867e-01
7.997293640054127239e-01 8.002708192281652311e-01
8.010825439783491042e-01 8.002708192281652311e-01
8.037889039242219757e-01 8.002708192281652311e-01
8.037889039242219757e-01 8.050101557210561642e-01
8.051420838971583560e-01 8.050101557210561642e-01
8.051420838971583560e-01 8.070412999322952308e-01
8.064952638700947363e-01 8.070412999322952308e-01
8.064952638700947363e-01 8.083953960731211641e-01
8.071718538565628709e-01 8.083953960731211641e-01
8.085250338294993622e-01 8.083953960731211641e-01
8.098782138024357424e-01 8.083953960731211641e-01
8.098782138024357424e-01 8.144888287068381416e-01
8.105548037889038770e-01 8.144888287068381416e-01
8.105548037889038770e-01 8.165199729180772081e-01
8.112313937753721227e-01 8.165199729180772081e-01
8.112313937753721227e-01 8.171970209884902303e-01
8.125845737483085029e-01 8.171970209884902303e-01
8.125845737483085029e-01 8.199052132701422080e-01
8.139377537212448832e-01 8.199052132701422080e-01
8.139377537212448832e-01 8.205822613405552302e-01
8.159675236806495091e-01 8.205822613405552302e-01
8.186738836265223807e-01 8.205822613405552302e-01
8.186738836265223807e-01 8.212593094109681413e-01
8.193504736129905153e-01 8.212593094109681413e-01
8.207036535859268955e-01 8.212593094109681413e-01
8.220568335588632758e-01 8.212593094109681413e-01
8.220568335588632758e-01 8.219363574813811635e-01
8.234100135317997671e-01 8.219363574813811635e-01
8.234100135317997671e-01 8.239675016926202300e-01
8.261163734776725276e-01 8.239675016926202300e-01
8.261163734776725276e-01 8.246445497630331412e-01
8.267929634641407732e-01 8.246445497630331412e-01
8.267929634641407732e-01 8.259986459038591855e-01
8.281461434370771535e-01 8.259986459038591855e-01
8.281461434370771535e-01 8.293838862559241853e-01
8.301759133964817794e-01 8.293838862559241853e-01
8.301759133964817794e-01 8.307379823967501187e-01
8.315290933694181597e-01 8.307379823967501187e-01
8.322056833558862943e-01 8.307379823967501187e-01
8.322056833558862943e-01 8.314150304671631408e-01
8.342354533152909202e-01 8.314150304671631408e-01
8.342354533152909202e-01 8.320920785375761630e-01
8.355886332882273004e-01 8.320920785375761630e-01
8.355886332882273004e-01 8.334461746784022074e-01
8.369418132611636807e-01 8.334461746784022074e-01
8.369418132611636807e-01 8.341232227488151185e-01
8.376184032476319263e-01 8.341232227488151185e-01
8.376184032476319263e-01 8.354773188896411629e-01
8.389715832205683066e-01 8.354773188896411629e-01
8.389715832205683066e-01 8.375084631008801184e-01
8.403247631935046869e-01 8.375084631008801184e-01
8.403247631935046869e-01 8.402166553825322071e-01
8.410013531799729325e-01 8.402166553825322071e-01
8.410013531799729325e-01 8.449559918754231402e-01
8.430311231393775584e-01 8.449559918754231402e-01
8.430311231393775584e-01 8.463100880162491846e-01
8.437077131258456930e-01 8.463100880162491846e-01
8.437077131258456930e-01 8.503723764387270956e-01
8.443843031123139387e-01 8.503723764387270956e-01
8.443843031123139387e-01 8.517264725795531399e-01
8.450608930987821843e-01 8.517264725795531399e-01
8.450608930987821843e-01 8.544346648612051176e-01
8.457374830852503189e-01 8.544346648612051176e-01
8.457374830852503189e-01 8.571428571428570953e-01
8.470906630581866992e-01 8.571428571428570953e-01
8.497970230040595707e-01 8.571428571428570953e-01
8.497970230040595707e-01 8.605280974949220951e-01
8.525033829499323312e-01 8.605280974949220951e-01
8.525033829499323312e-01 8.612051455653351173e-01
8.538565629228687115e-01 8.612051455653351173e-01
8.558863328822733374e-01 8.612051455653351173e-01
8.558863328822733374e-01 8.625592417061611616e-01
8.565629228687415830e-01 8.625592417061611616e-01
8.565629228687415830e-01 8.632362897765741838e-01
8.579161028416779633e-01 8.632362897765741838e-01
8.579161028416779633e-01 8.700067704807041835e-01
8.592692828146143436e-01 8.700067704807041835e-01
8.592692828146143436e-01 8.720379146919431390e-01
8.619756427604871041e-01 8.720379146919431390e-01
8.619756427604871041e-01 8.727149627623561612e-01
8.646820027063599756e-01 8.727149627623561612e-01
8.646820027063599756e-01 8.747461069735951167e-01
8.660351826792963559e-01 8.747461069735951167e-01
8.667117726657646015e-01 8.747461069735951167e-01
8.667117726657646015e-01 8.754231550440081389e-01
8.673883626522327361e-01 8.754231550440081389e-01
8.673883626522327361e-01 8.761002031144211610e-01
8.687415426251691164e-01 8.761002031144211610e-01
8.707713125845737423e-01 8.761002031144211610e-01
8.728010825439783682e-01 8.761002031144211610e-01
8.728010825439783682e-01 8.767772511848340722e-01
8.741542625169147485e-01 8.767772511848340722e-01
8.748308525033829941e-01 8.767772511848340722e-01
8.748308525033829941e-01 8.781313473256601165e-01
8.755074424898511287e-01 8.781313473256601165e-01
8.755074424898511287e-01 8.788083953960731387e-01
8.775372124492557546e-01 8.788083953960731387e-01
8.788903924221921349e-01 8.788083953960731387e-01
8.795669824086603805e-01 8.788083953960731387e-01
8.795669824086603805e-01 8.794854434664861609e-01
8.802435723951285151e-01 8.794854434664861609e-01
8.802435723951285151e-01 8.821936357481381386e-01
8.809201623815967608e-01 8.821936357481381386e-01
8.809201623815967608e-01 8.835477318889640719e-01
8.815967523680650064e-01 8.835477318889640719e-01
8.815967523680650064e-01 8.849018280297901162e-01
8.829499323410013867e-01 8.849018280297901162e-01
8.836265223274695213e-01 8.849018280297901162e-01
8.836265223274695213e-01 8.862559241706161606e-01
8.843031123139377669e-01 8.862559241706161606e-01
8.843031123139377669e-01 8.869329722410290717e-01
8.856562922868741472e-01 8.869329722410290717e-01
8.856562922868741472e-01 8.876100203114420939e-01
8.863328822733423928e-01 8.876100203114420939e-01
8.876860622462787731e-01 8.876100203114420939e-01
8.890392422192151534e-01 8.876100203114420939e-01
8.890392422192151534e-01 8.889641164522681382e-01
8.897158322056833990e-01 8.889641164522681382e-01
8.897158322056833990e-01 8.903182125930940716e-01
8.910690121786197793e-01 8.903182125930940716e-01
8.910690121786197793e-01 8.909952606635070937e-01
8.917456021650879139e-01 8.909952606635070937e-01
8.917456021650879139e-01 8.916723087339201159e-01
8.930987821380244052e-01 8.916723087339201159e-01
8.930987821380244052e-01 8.923493568043331381e-01
8.944519621109607854e-01 8.923493568043331381e-01
8.944519621109607854e-01 8.937034529451590714e-01
8.958051420838971657e-01 8.937034529451590714e-01
8.958051420838971657e-01 8.943805010155720936e-01
8.964817320703654113e-01 8.943805010155720936e-01
8.978349120433017916e-01 8.943805010155720936e-01
8.991880920162381718e-01 8.943805010155720936e-01
8.991880920162381718e-01 8.964116452268110491e-01
9.005412719891745521e-01 8.964116452268110491e-01
9.018944519621109324e-01 8.964116452268110491e-01
9.018944519621109324e-01 8.970886932972240713e-01
9.025710419485791780e-01 8.970886932972240713e-01
9.025710419485791780e-01 8.984427894380501156e-01
9.032476319350473126e-01 8.984427894380501156e-01
9.032476319350473126e-01 9.018280297901151155e-01
9.046008119079838039e-01 9.018280297901151155e-01
9.046008119079838039e-01 9.025050778605281376e-01
9.052774018944519385e-01 9.025050778605281376e-01
9.066305818673883188e-01 9.025050778605281376e-01
9.066305818673883188e-01 9.031821259309410488e-01
9.079837618403248101e-01 9.031821259309410488e-01
9.113667117726658162e-01 9.031821259309410488e-01
9.113667117726658162e-01 9.045362220717670931e-01
9.127198917456021965e-01 9.045362220717670931e-01
9.133964817320703311e-01 9.045362220717670931e-01
9.133964817320703311e-01 9.065673662830060486e-01
9.140730717185385767e-01 9.065673662830060486e-01
9.140730717185385767e-01 9.133378469871360483e-01
9.154262516914749570e-01 9.133378469871360483e-01
9.154262516914749570e-01 9.146919431279620927e-01
9.174560216508795829e-01 9.146919431279620927e-01
9.194857916102842088e-01 9.146919431279620927e-01
9.194857916102842088e-01 9.167230873392010482e-01
9.208389715832205891e-01 9.167230873392010482e-01
9.221921515561569693e-01 9.167230873392010482e-01
9.221921515561569693e-01 9.180771834800270925e-01
9.228687415426252150e-01 9.180771834800270925e-01
9.228687415426252150e-01 9.187542315504401147e-01
9.242219215155615952e-01 9.187542315504401147e-01
9.242219215155615952e-01 9.194312796208530258e-01
9.248985115020297298e-01 9.194312796208530258e-01
9.248985115020297298e-01 9.201083276912660480e-01
9.255751014884979755e-01 9.201083276912660480e-01
9.255751014884979755e-01 9.275558564658090699e-01
9.262516914749662211e-01 9.275558564658090699e-01
9.262516914749662211e-01 9.329722410291130252e-01
9.276048714479026014e-01 9.329722410291130252e-01
9.276048714479026014e-01 9.343263371699390696e-01
9.289580514208389816e-01 9.343263371699390696e-01
9.289580514208389816e-01 9.383886255924170916e-01
9.296346414073072273e-01 9.383886255924170916e-01
9.296346414073072273e-01 9.390656736628301138e-01
9.303112313937753619e-01 9.390656736628301138e-01
9.303112313937753619e-01 9.404197698036560471e-01
9.316644113667117422e-01 9.404197698036560471e-01
9.316644113667117422e-01 9.424509140148950026e-01
9.336941813261163681e-01 9.424509140148950026e-01
9.357239512855209940e-01 9.424509140148950026e-01
9.384303112313937545e-01 9.424509140148950026e-01
9.384303112313937545e-01 9.444820582261340691e-01
9.397834912043301347e-01 9.444820582261340691e-01
9.424898511502030063e-01 9.444820582261340691e-01
9.424898511502030063e-01 9.451591062965470913e-01
9.431664411366711409e-01 9.451591062965470913e-01
9.431664411366711409e-01 9.458361543669600024e-01
9.458728010825440125e-01 9.458361543669600024e-01
9.458728010825440125e-01 9.471902505077860468e-01
9.472259810554803927e-01 9.471902505077860468e-01
9.492557510148850186e-01 9.471902505077860468e-01
9.499323410013531532e-01 9.471902505077860468e-01
9.499323410013531532e-01 9.478672985781990690e-01
9.506089309878213989e-01 9.478672985781990690e-01
9.506089309878213989e-01 9.485443466486120911e-01
9.519621109607577791e-01 9.485443466486120911e-01
9.539918809201624050e-01 9.485443466486120911e-01
9.539918809201624050e-01 9.492213947190250023e-01
9.553450608930987853e-01 9.492213947190250023e-01
9.553450608930987853e-01 9.519295870006770910e-01
9.566982408660351656e-01 9.519295870006770910e-01
9.573748308525034112e-01 9.519295870006770910e-01
9.600811907983761717e-01 9.519295870006770910e-01
9.600811907983761717e-01 9.532836831415030243e-01
9.607577807848444174e-01 9.532836831415030243e-01
9.621109607577807976e-01 9.532836831415030243e-01
9.621109607577807976e-01 9.546377792823290687e-01
9.641407307171854235e-01 9.546377792823290687e-01
9.641407307171854235e-01 9.580230196343940685e-01
9.654939106901218038e-01 9.580230196343940685e-01
9.654939106901218038e-01 9.587000677048070907e-01
9.668470906630581840e-01 9.587000677048070907e-01
9.675236806495264297e-01 9.587000677048070907e-01
9.675236806495264297e-01 9.593771157752200018e-01
9.688768606224628099e-01 9.593771157752200018e-01
9.688768606224628099e-01 9.627623561272850017e-01
9.709066305818674358e-01 9.627623561272850017e-01
9.709066305818674358e-01 9.668246445497630237e-01
9.715832205683355705e-01 9.668246445497630237e-01
9.715832205683355705e-01 9.675016926201760459e-01
9.736129905277401964e-01 9.675016926201760459e-01
9.736129905277401964e-01 9.688557887610019792e-01
9.742895805142084420e-01 9.688557887610019792e-01
9.742895805142084420e-01 9.708869329722410457e-01
9.756427604871448223e-01 9.708869329722410457e-01
9.756427604871448223e-01 9.742721733243060456e-01
9.763193504736129569e-01 9.742721733243060456e-01
9.763193504736129569e-01 9.817197020988490674e-01
9.776725304465493371e-01 9.817197020988490674e-01
9.776725304465493371e-01 9.837508463100880229e-01
9.783491204330175828e-01 9.837508463100880229e-01
9.783491204330175828e-01 9.844278943805010451e-01
9.810554803788903433e-01 9.844278943805010451e-01
9.810554803788903433e-01 9.857819905213269784e-01
9.837618403247632148e-01 9.857819905213269784e-01
9.851150202976995951e-01 9.857819905213269784e-01
9.851150202976995951e-01 9.864590385917400006e-01
9.864682002706359754e-01 9.864590385917400006e-01
9.871447902571042210e-01 9.864590385917400006e-01
9.871447902571042210e-01 9.878131347325660450e-01
9.884979702300406013e-01 9.878131347325660450e-01
9.884979702300406013e-01 9.884901828029789561e-01
9.891745602165088469e-01 9.884901828029789561e-01
9.891745602165088469e-01 9.905213270142180226e-01
9.905277401894452272e-01 9.905213270142180226e-01
9.905277401894452272e-01 9.939065673662830225e-01
9.932341001353179877e-01 9.939065673662830225e-01
9.945872801082543679e-01 9.939065673662830225e-01
9.959404600811907482e-01 9.939065673662830225e-01
9.959404600811907482e-01 9.959377115775219780e-01
9.966170500676589938e-01 9.959377115775219780e-01
9.966170500676589938e-01 9.966147596479350002e-01
9.972936400541272395e-01 9.966147596479350002e-01
9.972936400541272395e-01 9.986459038591739557e-01
9.986468200270636197e-01 9.986459038591739557e-01
1.000000000000000000e+00 9.986459038591739557e-01
1.000000000000000000e+00 1.000000000000000000e+00
