# auc=0.747
# acc=0.674
0.000000000000000000e+00 0.000000000000000000e+00
0.000000000000000000e+00 6.770480704129992972e-04
0.000000000000000000e+00 1.997291807718347967e-01
6.765899864682003214e-04 1.997291807718347967e-01
6.765899864682003214e-04 2.071767095463777908e-01
1.353179972936400643e-03 2.071767095463777908e-01
1.353179972936400643e-03 2.295192958700067731e-01
2.029769959404600747e-03 2.295192958700067731e-01
2.029769959404600747e-03 2.315504400812457564e-01
3.382949932341001390e-03 2.315504400812457564e-01
3.382949932341001390e-03 2.444143534190927614e-01
4.059539918809201495e-03 2.444143534190927614e-01
4.059539918809201495e-03 2.457684495599187502e-01
4.736129905277402033e-03 2.457684495599187502e-01
4.736129905277402033e-03 2.518618821936357555e-01
5.412719891745602571e-03 2.518618821936357555e-01
5.412719891745602571e-03 2.572782667569397663e-01
6.765899864682002780e-03 2.572782667569397663e-01
6.765899864682002780e-03 2.633716993906567438e-01
7.442489851150203319e-03 2.633716993906567438e-01
7.442489851150203319e-03 2.660798916723087215e-01
8.119079837618402989e-03 2.660798916723087215e-01
8.119079837618402989e-03 2.830060934326337208e-01
9.472259810554804066e-03 2.830060934326337208e-01
9.472259810554804066e-03 2.918077183480027315e-01
1.082543978349120514e-02 2.918077183480027315e-01
1.082543978349120514e-02 2.951929587000677313e-01
1.150202976995940395e-02 2.951929587000677313e-01
1.150202976995940395e-02 2.958700067704806980e-01
1.420838971583220610e-02 2.958700067704806980e-01
1.420838971583220610e-02 2.972241029113066868e-01
1.488497970230040664e-02 2.972241029113066868e-01
1.488497970230040664e-02 2.979011509817197090e-01
1.556156968876860544e-02 2.979011509817197090e-01
1.556156968876860544e-02 3.053486797562626753e-01
1.623815967523680598e-02 3.053486797562626753e-01
1.623815967523680598e-02 3.087339201083276752e-01
1.759133964817320706e-02 3.087339201083276752e-01
1.759133964817320706e-02 3.094109681787406974e-01
1.826792963464140759e-02 3.094109681787406974e-01
1.826792963464140759e-02 3.100880162491536640e-01
1.962110960757780867e-02 3.100880162491536640e-01
2.029769959404600921e-02 3.100880162491536640e-01
2.029769959404600921e-02 3.148273527420447082e-01
2.165087956698241028e-02 3.148273527420447082e-01
2.165087956698241028e-02 3.188896411645226747e-01
2.232746955345060735e-02 3.188896411645226747e-01
2.232746955345060735e-02 3.209207853757616857e-01
2.368064952638700843e-02 3.209207853757616857e-01
2.368064952638700843e-02 3.215978334461746524e-01
2.435723951285520897e-02 3.215978334461746524e-01
2.435723951285520897e-02 3.243060257278266856e-01
2.503382949932340951e-02 3.243060257278266856e-01
2.503382949932340951e-02 3.249830737982396522e-01
2.571041948579161004e-02 3.249830737982396522e-01
2.571041948579161004e-02 3.263371699390656966e-01
2.706359945872801112e-02 3.263371699390656966e-01
2.706359945872801112e-02 3.310765064319566853e-01
2.774018944519621166e-02 3.310765064319566853e-01
2.774018944519621166e-02 3.337846987136086629e-01
2.841677943166441220e-02 3.337846987136086629e-01
2.841677943166441220e-02 3.351387948544346518e-01
2.909336941813261274e-02 3.351387948544346518e-01
3.112313937753721088e-02 3.351387948544346518e-01
3.179972936400541489e-02 3.351387948544346518e-01
3.179972936400541489e-02 3.398781313473256405e-01
3.247631935047361196e-02 3.398781313473256405e-01
3.247631935047361196e-02 3.405551794177386626e-01
3.382949932341001303e-02 3.405551794177386626e-01
3.382949932341001303e-02 3.466486120514556402e-01
3.450608930987821704e-02 3.466486120514556402e-01
3.450608930987821704e-02 3.480027081922816290e-01
3.518267929634641411e-02 3.480027081922816290e-01
3.518267929634641411e-02 3.500338524035206400e-01
3.721244925575101226e-02 3.500338524035206400e-01
3.721244925575101226e-02 3.513879485443466288e-01
3.788903924221921626e-02 3.513879485443466288e-01
3.788903924221921626e-02 3.520649966147596510e-01
3.856562922868741333e-02 3.520649966147596510e-01
3.856562922868741333e-02 3.534190927555856399e-01
3.924221921515561734e-02 3.534190927555856399e-01
3.924221921515561734e-02 3.561272850372376175e-01
3.991880920162381441e-02 3.561272850372376175e-01
3.991880920162381441e-02 3.622207176709546506e-01
4.127198917456021549e-02 3.622207176709546506e-01
4.127198917456021549e-02 3.628977657413676172e-01
4.194857916102841949e-02 3.628977657413676172e-01
4.465493910690121471e-02 3.628977657413676172e-01
4.465493910690121471e-02 3.656059580230196504e-01
4.668470906630581979e-02 3.656059580230196504e-01
4.668470906630581979e-02 3.689911983750846503e-01
4.736129905277401686e-02 3.689911983750846503e-01
4.736129905277401686e-02 3.710223425863236058e-01
4.871447902571041794e-02 3.710223425863236058e-01
4.939106901217862194e-02 3.710223425863236058e-01
4.939106901217862194e-02 3.730534867975626168e-01
5.074424898511502302e-02 3.730534867975626168e-01
5.074424898511502302e-02 3.737305348679756389e-01
5.277401894451962117e-02 3.737305348679756389e-01
5.277401894451962117e-02 3.757616790792146499e-01
5.412719891745602224e-02 3.757616790792146499e-01
5.480378890392421931e-02 3.757616790792146499e-01
5.480378890392421931e-02 3.764387271496276166e-01
5.548037889039242332e-02 3.764387271496276166e-01
5.548037889039242332e-02 3.771157752200406388e-01
5.683355886332882440e-02 3.771157752200406388e-01
5.683355886332882440e-02 3.805010155721056386e-01
5.953991880920162655e-02 3.805010155721056386e-01
5.953991880920162655e-02 3.811780636425186053e-01
6.021650879566982362e-02 3.811780636425186053e-01
6.021650879566982362e-02 3.865944482058226161e-01
6.089309878213802762e-02 3.865944482058226161e-01
6.089309878213802762e-02 3.886255924170616272e-01
6.156968876860622469e-02 3.886255924170616272e-01
6.156968876860622469e-02 3.893026404874745938e-01
6.224627875507442176e-02 3.893026404874745938e-01
6.224627875507442176e-02 3.940419769803655825e-01
6.359945872801082978e-02 3.940419769803655825e-01
6.359945872801082978e-02 3.960731211916045935e-01
6.495263870094722392e-02 3.960731211916045935e-01
6.495263870094722392e-02 3.981042654028436045e-01
6.562922868741542792e-02 3.981042654028436045e-01
6.562922868741542792e-02 4.008124576844955822e-01
6.630581867388363193e-02 4.008124576844955822e-01
6.630581867388363193e-02 4.021665538253215710e-01
6.833558863328823008e-02 4.021665538253215710e-01
6.833558863328823008e-02 4.028436018957345932e-01
6.901217861975643408e-02 4.028436018957345932e-01
6.901217861975643408e-02 4.035206499661476154e-01
6.968876860622462421e-02 4.035206499661476154e-01
6.968876860622462421e-02 4.082599864590386041e-01
7.036535859269282822e-02 4.082599864590386041e-01
7.239512855209742637e-02 4.082599864590386041e-01
7.239512855209742637e-02 4.102911306702776151e-01
7.374830852503383438e-02 4.102911306702776151e-01
7.374830852503383438e-02 4.109681787406905817e-01
7.442489851150202451e-02 4.109681787406905817e-01
7.577807848443843253e-02 4.109681787406905817e-01
7.713125845737482666e-02 4.109681787406905817e-01
7.713125845737482666e-02 4.116452268111036039e-01
7.780784844384303067e-02 4.116452268111036039e-01
7.916102841677942481e-02 4.116452268111036039e-01
7.916102841677942481e-02 4.123222748815165706e-01
8.119079837618403683e-02 4.123222748815165706e-01
8.119079837618403683e-02 4.163845633039945926e-01
8.254397834912043097e-02 4.163845633039945926e-01
8.254397834912043097e-02 4.204468517264725591e-01
8.389715832205683899e-02 4.204468517264725591e-01
8.389715832205683899e-02 4.218009478672986035e-01
8.457374830852502912e-02 4.218009478672986035e-01
8.457374830852502912e-02 4.312796208530805808e-01
8.660351826792964114e-02 4.312796208530805808e-01
8.728010825439783127e-02 4.312796208530805808e-01
8.863328822733423928e-02 4.312796208530805808e-01
8.998646820027063342e-02 4.312796208530805808e-01
9.133964817320704144e-02 4.312796208530805808e-01
9.133964817320704144e-02 4.346648612051455807e-01
9.201623815967523157e-02 4.346648612051455807e-01
9.404600811907984359e-02 4.346648612051455807e-01
9.539918809201623773e-02 4.346648612051455807e-01
9.607577807848444174e-02 4.346648612051455807e-01
9.742895805142083587e-02 4.346648612051455807e-01
9.878213802435724389e-02 4.346648612051455807e-01
1.008119079837618420e-01 4.346648612051455807e-01
1.008119079837618420e-01 4.360189573459715695e-01
1.035182679296346442e-01 4.360189573459715695e-01
1.035182679296346442e-01 4.373730534867975583e-01
1.041948579161028482e-01 4.373730534867975583e-01
1.041948579161028482e-01 4.387271496276235472e-01
1.055480378890392423e-01 4.387271496276235472e-01
1.055480378890392423e-01 4.421123899796885470e-01
1.062246278755074463e-01 4.421123899796885470e-01
1.062246278755074463e-01 4.441435341909275580e-01
1.069012178619756365e-01 4.441435341909275580e-01
1.069012178619756365e-01 4.475287745429925579e-01
1.075778078484438405e-01 4.475287745429925579e-01
1.075778078484438405e-01 4.488828706838185467e-01
1.082543978349120445e-01 4.488828706838185467e-01
1.082543978349120445e-01 4.502369668246445356e-01
1.096075778078484386e-01 4.502369668246445356e-01
1.096075778078484386e-01 4.509140148950575577e-01
1.109607577807848466e-01 4.509140148950575577e-01
1.109607577807848466e-01 4.529451591062965687e-01
1.116373477672530506e-01 4.529451591062965687e-01
1.116373477672530506e-01 4.542992552471225576e-01
1.123139377537212408e-01 4.542992552471225576e-01
1.123139377537212408e-01 4.556533513879485464e-01
1.129905277401894448e-01 4.556533513879485464e-01
1.129905277401894448e-01 4.563303994583615686e-01
1.136671177266576488e-01 4.563303994583615686e-01
1.136671177266576488e-01 4.570074475287745353e-01
1.150202976995940429e-01 4.570074475287745353e-01
1.150202976995940429e-01 4.597156398104265129e-01
1.156968876860622469e-01 4.597156398104265129e-01
1.156968876860622469e-01 4.603926878808395351e-01
1.190798376184032531e-01 4.603926878808395351e-01
1.190798376184032531e-01 4.624238320920785461e-01
1.197564276048714432e-01 4.624238320920785461e-01
1.197564276048714432e-01 4.637779282329045349e-01
1.211096075778078512e-01 4.637779282329045349e-01
1.211096075778078512e-01 4.644549763033175571e-01
1.231393775372124494e-01 4.644549763033175571e-01
1.231393775372124494e-01 4.651320243737305238e-01
1.238159675236806534e-01 4.651320243737305238e-01
1.238159675236806534e-01 4.671631685849695348e-01
1.244925575101488435e-01 4.671631685849695348e-01
1.244925575101488435e-01 4.678402166553825570e-01
1.258457374830852515e-01 4.678402166553825570e-01
1.258457374830852515e-01 4.685172647257955236e-01
1.265223274695534417e-01 4.685172647257955236e-01
1.265223274695534417e-01 4.691943127962085458e-01
1.278755074424898497e-01 4.691943127962085458e-01
1.278755074424898497e-01 4.705484089370345346e-01
1.299052774018944478e-01 4.705484089370345346e-01
1.319350473612990460e-01 4.705484089370345346e-01
1.319350473612990460e-01 4.712254570074475013e-01
1.326116373477672639e-01 4.712254570074475013e-01
1.339648173207036441e-01 4.712254570074475013e-01
1.346414073071718620e-01 4.712254570074475013e-01
1.346414073071718620e-01 4.719025050778605235e-01
1.366711772665764602e-01 4.719025050778605235e-01
1.366711772665764602e-01 4.732566012186865123e-01
1.373477672530446503e-01 4.732566012186865123e-01
1.373477672530446503e-01 4.739336492890995345e-01
1.387009472259810583e-01 4.739336492890995345e-01
1.387009472259810583e-01 4.746106973595125011e-01
1.407307171853856564e-01 4.746106973595125011e-01
1.407307171853856564e-01 4.752877454299255233e-01
1.414073071718538466e-01 4.752877454299255233e-01
1.414073071718538466e-01 4.766418415707515122e-01
1.427604871447902546e-01 4.766418415707515122e-01
1.427604871447902546e-01 4.773188896411645343e-01
1.434370771312584447e-01 4.773188896411645343e-01
1.434370771312584447e-01 4.779959377115775010e-01
1.441136671177266626e-01 4.779959377115775010e-01
1.441136671177266626e-01 4.786729857819905232e-01
1.454668470906630706e-01 4.786729857819905232e-01
1.454668470906630706e-01 4.793500338524035453e-01
1.481732070365358589e-01 4.793500338524035453e-01
1.481732070365358589e-01 4.820582261340555230e-01
1.495263870094722669e-01 4.820582261340555230e-01
1.495263870094722669e-01 4.847664184157075007e-01
1.508795669824086472e-01 4.847664184157075007e-01
1.508795669824086472e-01 4.854434664861205229e-01
1.515561569688768651e-01 4.854434664861205229e-01
1.515561569688768651e-01 4.861205145565334895e-01
1.562922868741542515e-01 4.861205145565334895e-01
1.562922868741542515e-01 4.874746106973595339e-01
1.576454668470906595e-01 4.874746106973595339e-01
1.576454668470906595e-01 4.888287068381855227e-01
1.583220568335588496e-01 4.888287068381855227e-01
1.583220568335588496e-01 4.895057549085984894e-01
1.610284167794316657e-01 4.895057549085984894e-01
1.610284167794316657e-01 4.901828029790115115e-01
1.617050067658998558e-01 4.901828029790115115e-01
1.617050067658998558e-01 4.915368991198375004e-01
1.630581867388362638e-01 4.915368991198375004e-01
1.630581867388362638e-01 4.922139471902505226e-01
1.637347767253044539e-01 4.922139471902505226e-01
1.637347767253044539e-01 4.983073798239675001e-01
1.650879566982408619e-01 4.983073798239675001e-01
1.650879566982408619e-01 4.996614759647934889e-01
1.664411366711772700e-01 4.996614759647934889e-01
1.664411366711772700e-01 5.010155721056195333e-01
1.677943166441136780e-01 5.010155721056195333e-01
1.691474966170500582e-01 5.010155721056195333e-01
1.691474966170500582e-01 5.030467163168584888e-01
1.698240866035182761e-01 5.030467163168584888e-01
1.698240866035182761e-01 5.044008124576845331e-01
1.711772665764546564e-01 5.044008124576845331e-01
1.711772665764546564e-01 5.050778605280974443e-01
1.718538565629228743e-01 5.050778605280974443e-01
1.718538565629228743e-01 5.071090047393365108e-01
1.725304465493910644e-01 5.071090047393365108e-01
1.725304465493910644e-01 5.091401489505754663e-01
1.732070365358592823e-01 5.091401489505754663e-01
1.732070365358592823e-01 5.132024373730534883e-01
1.745602165087956625e-01 5.132024373730534883e-01
1.745602165087956625e-01 5.138794854434665105e-01
1.759133964817320706e-01 5.138794854434665105e-01
1.759133964817320706e-01 5.159106296547054660e-01
1.779431664411366687e-01 5.159106296547054660e-01
1.792963464140730767e-01 5.159106296547054660e-01
1.799729364005412668e-01 5.159106296547054660e-01
1.799729364005412668e-01 5.165876777251184881e-01
1.813261163734776749e-01 5.165876777251184881e-01
1.813261163734776749e-01 5.192958700067704658e-01
1.826792963464140829e-01 5.192958700067704658e-01
1.826792963464140829e-01 5.220040622884224435e-01
1.840324763193504631e-01 5.220040622884224435e-01
1.840324763193504631e-01 5.226811103588354657e-01
1.853856562922868711e-01 5.226811103588354657e-01
1.853856562922868711e-01 5.253893026404874433e-01
1.867388362652232792e-01 5.253893026404874433e-01
1.867388362652232792e-01 5.274204468517265099e-01
1.874154262516914693e-01 5.274204468517265099e-01
1.874154262516914693e-01 5.287745429925524432e-01
1.887686062246278773e-01 5.287745429925524432e-01
1.887686062246278773e-01 5.368991198375084872e-01
1.901217861975642853e-01 5.368991198375084872e-01
1.914749661705006656e-01 5.368991198375084872e-01
1.921515561569688835e-01 5.368991198375084872e-01
1.921515561569688835e-01 5.402843601895734871e-01
1.935047361299052637e-01 5.402843601895734871e-01
1.941813261163734816e-01 5.402843601895734871e-01
1.941813261163734816e-01 5.409614082599865093e-01
1.968876860622462699e-01 5.409614082599865093e-01
1.968876860622462699e-01 5.416384563303994204e-01
1.975642760487144878e-01 5.416384563303994204e-01
1.975642760487144878e-01 5.463777928232904646e-01
1.995940460081190859e-01 5.463777928232904646e-01
1.995940460081190859e-01 5.470548408937034868e-01
2.016238159675236841e-01 5.470548408937034868e-01
2.016238159675236841e-01 5.477318889641163979e-01
2.023004059539918742e-01 5.477318889641163979e-01
2.023004059539918742e-01 5.511171293161813978e-01
2.056833558863328804e-01 5.511171293161813978e-01
2.056833558863328804e-01 5.517941773865944199e-01
2.063599458728010705e-01 5.517941773865944199e-01
2.063599458728010705e-01 5.524712254570074421e-01
2.077131258457374785e-01 5.524712254570074421e-01
2.083897158322056964e-01 5.524712254570074421e-01
2.083897158322056964e-01 5.545023696682463976e-01
2.090663058186738865e-01 5.545023696682463976e-01
2.090663058186738865e-01 5.565335138794854641e-01
2.097428958051420766e-01 5.565335138794854641e-01
2.097428958051420766e-01 5.572105619498984863e-01
2.104194857916102945e-01 5.572105619498984863e-01
2.104194857916102945e-01 5.633039945836154638e-01
2.110960757780784847e-01 5.633039945836154638e-01
2.110960757780784847e-01 5.639810426540284860e-01
2.124492557510148927e-01 5.639810426540284860e-01
2.124492557510148927e-01 5.653351387948544193e-01
2.131258457374830828e-01 5.653351387948544193e-01
2.131258457374830828e-01 5.660121868652674415e-01
2.138024357239512729e-01 5.660121868652674415e-01
2.151556156968876810e-01 5.660121868652674415e-01
2.151556156968876810e-01 5.673662830060934859e-01
2.171853856562922791e-01 5.673662830060934859e-01
2.185385656292286871e-01 5.673662830060934859e-01
2.198917456021650951e-01 5.673662830060934859e-01
2.198917456021650951e-01 5.680433310765063970e-01
2.212449255751014754e-01 5.680433310765063970e-01
2.212449255751014754e-01 5.687203791469194192e-01
2.219215155615696933e-01 5.687203791469194192e-01
2.219215155615696933e-01 5.707515233581583747e-01
2.232746955345061013e-01 5.707515233581583747e-01
2.232746955345061013e-01 5.714285714285713969e-01
2.246278755074424816e-01 5.714285714285713969e-01
2.253044654939106994e-01 5.714285714285713969e-01
2.253044654939106994e-01 5.741367637102233745e-01
2.259810554803788896e-01 5.741367637102233745e-01
2.259810554803788896e-01 5.768449559918754632e-01
2.266576454668470797e-01 5.768449559918754632e-01
2.280108254397834877e-01 5.768449559918754632e-01
2.293640054127198957e-01 5.768449559918754632e-01
2.293640054127198957e-01 5.802301963439404631e-01
2.300405953991880859e-01 5.802301963439404631e-01
2.300405953991880859e-01 5.815842924847663964e-01
2.313937753721244939e-01 5.815842924847663964e-01
2.313937753721244939e-01 5.842924847664183741e-01
2.320703653585926840e-01 5.842924847664183741e-01
2.320703653585926840e-01 5.856465809072444184e-01
2.327469553450609019e-01 5.856465809072444184e-01
2.327469553450609019e-01 5.870006770480704628e-01
2.334235453315290920e-01 5.870006770480704628e-01
2.334235453315290920e-01 5.883547731888963961e-01
2.341001353179972821e-01 5.883547731888963961e-01
2.341001353179972821e-01 5.910629654705483738e-01
2.354533152909336902e-01 5.910629654705483738e-01
2.354533152909336902e-01 5.917400135409613959e-01
2.361299052774019080e-01 5.917400135409613959e-01
2.361299052774019080e-01 5.937711577522003514e-01
2.368064952638700982e-01 5.937711577522003514e-01
2.368064952638700982e-01 5.944482058226133736e-01
2.374830852503382883e-01 5.944482058226133736e-01
2.388362652232746963e-01 5.944482058226133736e-01
2.388362652232746963e-01 5.951252538930263958e-01
2.401894451962111043e-01 5.951252538930263958e-01
2.401894451962111043e-01 5.964793500338524401e-01
2.408660351826792945e-01 5.964793500338524401e-01
2.422192151556157025e-01 5.964793500338524401e-01
2.422192151556157025e-01 5.978334461746783735e-01
2.428958051420838926e-01 5.978334461746783735e-01
2.428958051420838926e-01 5.991875423155044178e-01
2.435723951285521105e-01 5.991875423155044178e-01
2.435723951285521105e-01 5.998645903859174400e-01
2.442489851150203006e-01 5.998645903859174400e-01
2.442489851150203006e-01 6.005416384563303511e-01
2.456021650879567086e-01 6.005416384563303511e-01
2.456021650879567086e-01 6.012186865267433733e-01
2.462787550744248988e-01 6.012186865267433733e-01
2.462787550744248988e-01 6.025727826675694176e-01
2.476319350473613068e-01 6.025727826675694176e-01
2.476319350473613068e-01 6.032498307379824398e-01
2.510148849797023130e-01 6.032498307379824398e-01
2.510148849797023130e-01 6.039268788083953510e-01
2.516914749661705031e-01 6.039268788083953510e-01
2.516914749661705031e-01 6.046039268788083731e-01
2.543978349120433191e-01 6.046039268788083731e-01
2.550744248985115092e-01 6.046039268788083731e-01
2.550744248985115092e-01 6.073121191604603508e-01
2.564276048714478895e-01 6.073121191604603508e-01
2.564276048714478895e-01 6.079891672308733730e-01
2.584573748308525154e-01 6.079891672308733730e-01
2.584573748308525154e-01 6.106973595125253507e-01
2.604871447902570858e-01 6.106973595125253507e-01
2.604871447902570858e-01 6.113744075829383728e-01
2.618403247631935216e-01 6.113744075829383728e-01
2.645466847090662821e-01 6.113744075829383728e-01
2.658998646820027179e-01 6.113744075829383728e-01
2.665764546684709080e-01 6.113744075829383728e-01
2.665764546684709080e-01 6.134055517941774394e-01
2.692828146143437240e-01 6.134055517941774394e-01
2.692828146143437240e-01 6.154366960054163949e-01
2.706359945872801043e-01 6.154366960054163949e-01
2.706359945872801043e-01 6.188219363574813947e-01
2.713125845737482944e-01 6.188219363574813947e-01
2.713125845737482944e-01 6.194989844278944169e-01
2.719891745602164845e-01 6.194989844278944169e-01
2.719891745602164845e-01 6.215301286391333724e-01
2.733423545331529203e-01 6.215301286391333724e-01
2.733423545331529203e-01 6.222071767095463946e-01
2.740189445196211104e-01 6.222071767095463946e-01
2.740189445196211104e-01 6.228842247799594167e-01
2.746955345060893006e-01 6.228842247799594167e-01
2.746955345060893006e-01 6.235612728503723279e-01
2.753721244925574907e-01 6.235612728503723279e-01
2.753721244925574907e-01 6.249153689911983722e-01
2.767253044654939265e-01 6.249153689911983722e-01
2.780784844384303067e-01 6.249153689911983722e-01
2.787550744248984969e-01 6.249153689911983722e-01
2.787550744248984969e-01 6.262694651320244166e-01
2.801082543978349326e-01 6.262694651320244166e-01
2.807848443843031228e-01 6.262694651320244166e-01
2.807848443843031228e-01 6.276235612728503499e-01
2.814614343707713129e-01 6.276235612728503499e-01
2.814614343707713129e-01 6.283006093432633721e-01
2.828146143437076931e-01 6.283006093432633721e-01
2.828146143437076931e-01 6.289776574136763942e-01
2.868741542625168894e-01 6.289776574136763942e-01
2.868741542625168894e-01 6.323628977657413941e-01
2.875507442489851351e-01 6.323628977657413941e-01
2.875507442489851351e-01 6.330399458361544163e-01
2.889039242219215153e-01 6.330399458361544163e-01
2.889039242219215153e-01 6.337169939065673274e-01
2.902571041948578956e-01 6.337169939065673274e-01
2.902571041948578956e-01 6.350710900473933718e-01
2.922868741542625215e-01 6.350710900473933718e-01
2.922868741542625215e-01 6.357481381178063939e-01
2.929634641407307116e-01 6.357481381178063939e-01
2.929634641407307116e-01 6.371022342586323273e-01
2.936400541271989018e-01 6.371022342586323273e-01
2.936400541271989018e-01 6.377792823290453494e-01
2.943166441136670919e-01 6.377792823290453494e-01
2.943166441136670919e-01 6.384563303994583716e-01
2.949932341001353375e-01 6.384563303994583716e-01
2.963464140730717178e-01 6.384563303994583716e-01
2.963464140730717178e-01 6.411645226811103493e-01
2.983761840324763437e-01 6.411645226811103493e-01
2.990527740189445338e-01 6.411645226811103493e-01
2.990527740189445338e-01 6.418415707515233715e-01
2.997293640054127239e-01 6.418415707515233715e-01
2.997293640054127239e-01 6.425186188219363936e-01
3.004059539918809141e-01 6.425186188219363936e-01
3.004059539918809141e-01 6.445497630331753491e-01
3.010825439783491042e-01 6.445497630331753491e-01
3.010825439783491042e-01 6.459038591740013935e-01
3.017591339648172943e-01 6.459038591740013935e-01
3.031123139377537301e-01 6.459038591740013935e-01
3.044654939106901104e-01 6.459038591740013935e-01
3.044654939106901104e-01 6.479350033852403490e-01
3.058186738836265461e-01 6.479350033852403490e-01
3.064952638700947363e-01 6.479350033852403490e-01
3.064952638700947363e-01 6.486120514556533712e-01
3.071718538565629264e-01 6.486120514556533712e-01
3.071718538565629264e-01 6.492890995260663933e-01
3.078484438430311165e-01 6.492890995260663933e-01
3.078484438430311165e-01 6.506431956668923267e-01
3.092016238159674968e-01 6.506431956668923267e-01
3.105548037889039326e-01 6.506431956668923267e-01
3.105548037889039326e-01 6.513202437373053488e-01
3.112313937753721227e-01 6.513202437373053488e-01
3.112313937753721227e-01 6.526743398781313932e-01
3.119079837618403128e-01 6.526743398781313932e-01
3.132611637347767486e-01 6.526743398781313932e-01
3.146143437077131289e-01 6.526743398781313932e-01
3.146143437077131289e-01 6.574136763710223264e-01
3.159675236806495091e-01 6.574136763710223264e-01
3.159675236806495091e-01 6.587677725118483707e-01
3.173207036535859449e-01 6.587677725118483707e-01
3.173207036535859449e-01 6.607989167230873262e-01
3.193504736129905153e-01 6.607989167230873262e-01
3.193504736129905153e-01 6.614759647935003484e-01
3.213802435723951412e-01 6.614759647935003484e-01
3.213802435723951412e-01 6.621530128639133705e-01
3.220568335588633313e-01 6.621530128639133705e-01
3.220568335588633313e-01 6.635071090047393039e-01
3.234100135317997116e-01 6.635071090047393039e-01
3.247631935047361473e-01 6.635071090047393039e-01
3.247631935047361473e-01 6.648612051455653482e-01
3.254397834912043375e-01 6.648612051455653482e-01
3.254397834912043375e-01 6.655382532159783704e-01
3.261163734776725276e-01 6.655382532159783704e-01
3.261163734776725276e-01 6.662153012863912815e-01
3.274695534506089079e-01 6.662153012863912815e-01
3.274695534506089079e-01 6.668923493568043037e-01
3.281461434370771535e-01 6.668923493568043037e-01
3.294993234100135338e-01 6.668923493568043037e-01
3.294993234100135338e-01 6.682464454976303481e-01
3.308525033829499140e-01 6.682464454976303481e-01
3.308525033829499140e-01 6.702775897088693036e-01
3.322056833558863498e-01 6.702775897088693036e-01
3.349120433017591103e-01 6.702775897088693036e-01
3.349120433017591103e-01 6.723087339201083701e-01
3.355886332882273559e-01 6.723087339201083701e-01
3.369418132611637362e-01 6.723087339201083701e-01
3.369418132611637362e-01 6.729857819905212812e-01
3.376184032476319263e-01 6.729857819905212812e-01
3.376184032476319263e-01 6.736628300609343034e-01
3.403247631935047424e-01 6.736628300609343034e-01
3.403247631935047424e-01 6.756939742721733699e-01
3.416779431664411226e-01 6.756939742721733699e-01
3.430311231393775584e-01 6.756939742721733699e-01
3.430311231393775584e-01 6.763710223425862811e-01
3.437077131258457485e-01 6.763710223425862811e-01
3.437077131258457485e-01 6.777251184834123254e-01
3.457374830852503189e-01 6.777251184834123254e-01
3.457374830852503189e-01 6.790792146242383698e-01
3.464140730717185646e-01 6.790792146242383698e-01
3.464140730717185646e-01 6.797562626946512809e-01
3.477672530446549448e-01 6.797562626946512809e-01
3.477672530446549448e-01 6.811103588354773253e-01
3.484438430311231349e-01 6.811103588354773253e-01
3.484438430311231349e-01 6.851726472579553473e-01
3.497970230040595152e-01 6.851726472579553473e-01
3.504736129905277608e-01 6.851726472579553473e-01
3.504736129905277608e-01 6.892349356804332583e-01
3.518267929634641411e-01 6.892349356804332583e-01
3.518267929634641411e-01 6.899119837508462805e-01
3.525033829499323312e-01 6.899119837508462805e-01
3.525033829499323312e-01 6.905890318212593026e-01
3.538565629228687670e-01 6.905890318212593026e-01
3.538565629228687670e-01 6.932972241029112803e-01
3.552097428958051473e-01 6.932972241029112803e-01
3.552097428958051473e-01 6.953283683141503468e-01
3.585926928281461534e-01 6.953283683141503468e-01
3.585926928281461534e-01 6.966824644549762802e-01
3.592692828146143436e-01 6.966824644549762802e-01
3.592692828146143436e-01 6.973595125253893023e-01
3.599458728010825337e-01 6.973595125253893023e-01
3.612990527740189695e-01 6.973595125253893023e-01
3.619756427604871596e-01 6.973595125253893023e-01
3.619756427604871596e-01 6.980365605958023245e-01
3.633288227334235398e-01 6.980365605958023245e-01
3.646820027063599201e-01 6.980365605958023245e-01
3.653585926928281657e-01 6.980365605958023245e-01
3.653585926928281657e-01 7.000677048070412800e-01
3.660351826792963559e-01 7.000677048070412800e-01
3.660351826792963559e-01 7.007447528774543022e-01
3.680649526387009263e-01 7.007447528774543022e-01
3.687415426251691719e-01 7.007447528774543022e-01
3.687415426251691719e-01 7.014218009478673244e-01
3.700947225981055522e-01 7.014218009478673244e-01
3.721244925575101226e-01 7.014218009478673244e-01
3.741542625169147485e-01 7.014218009478673244e-01
3.741542625169147485e-01 7.027758970886932577e-01
3.748308525033829386e-01 7.027758970886932577e-01
3.761840324763193744e-01 7.027758970886932577e-01
3.768606224627875645e-01 7.027758970886932577e-01
3.795669824086603250e-01 7.027758970886932577e-01
3.802435723951285707e-01 7.027758970886932577e-01
3.802435723951285707e-01 7.041299932295193020e-01
3.809201623815967608e-01 7.041299932295193020e-01
3.809201623815967608e-01 7.095463777928232574e-01
3.815967523680649509e-01 7.095463777928232574e-01
3.843031123139377669e-01 7.095463777928232574e-01
3.856562922868741472e-01 7.095463777928232574e-01
3.856562922868741472e-01 7.109004739336493017e-01
3.870094722598105275e-01 7.109004739336493017e-01
3.870094722598105275e-01 7.115775220040623239e-01
3.876860622462787731e-01 7.115775220040623239e-01
3.876860622462787731e-01 7.122545700744752351e-01
3.883626522327469632e-01 7.122545700744752351e-01
3.883626522327469632e-01 7.149627623561273237e-01
3.890392422192151534e-01 7.149627623561273237e-01
3.890392422192151534e-01 7.176709546377793014e-01
3.897158322056833435e-01 7.176709546377793014e-01
3.897158322056833435e-01 7.183480027081923236e-01
3.917456021650879694e-01 7.183480027081923236e-01
3.917456021650879694e-01 7.190250507786052347e-01
3.930987821380243497e-01 7.190250507786052347e-01
3.930987821380243497e-01 7.210561949898443013e-01
3.937753721244925398e-01 7.210561949898443013e-01
3.937753721244925398e-01 7.217332430602573234e-01
3.944519621109607854e-01 7.217332430602573234e-01
3.958051420838971657e-01 7.217332430602573234e-01
3.958051420838971657e-01 7.224102911306702346e-01
3.971583220568335459e-01 7.224102911306702346e-01
3.971583220568335459e-01 7.244414353419093011e-01
3.978349120433017361e-01 7.244414353419093011e-01
3.978349120433017361e-01 7.251184834123223233e-01
3.991880920162381718e-01 7.251184834123223233e-01
3.991880920162381718e-01 7.278266756939743010e-01
4.012178619756427422e-01 7.278266756939743010e-01
4.012178619756427422e-01 7.291807718348002343e-01
4.018944519621109879e-01 7.291807718348002343e-01
4.032476319350473681e-01 7.291807718348002343e-01
4.032476319350473681e-01 7.305348679756262786e-01
4.039242219215155583e-01 7.305348679756262786e-01
4.039242219215155583e-01 7.318889641164523230e-01
4.046008119079837484e-01 7.318889641164523230e-01
4.046008119079837484e-01 7.339201083276912785e-01
4.059539918809201842e-01 7.339201083276912785e-01
4.059539918809201842e-01 7.345971563981043007e-01
4.066305818673883743e-01 7.345971563981043007e-01
4.066305818673883743e-01 7.366283006093432562e-01
4.079837618403247546e-01 7.366283006093432562e-01
4.093369418132611903e-01 7.366283006093432562e-01
4.093369418132611903e-01 7.373053486797562783e-01
4.100135317997293805e-01 7.373053486797562783e-01
4.100135317997293805e-01 7.393364928909952338e-01
4.106901217861975706e-01 7.393364928909952338e-01
4.120433017591339508e-01 7.393364928909952338e-01
4.127198917456021410e-01 7.393364928909952338e-01
4.127198917456021410e-01 7.400135409614082560e-01
4.133964817320703866e-01 7.400135409614082560e-01
4.133964817320703866e-01 7.406905890318212782e-01
4.147496617050067669e-01 7.406905890318212782e-01
4.147496617050067669e-01 7.413676371022343004e-01
4.154262516914749570e-01 7.413676371022343004e-01
4.167794316644113928e-01 7.413676371022343004e-01
4.181326116373477730e-01 7.413676371022343004e-01
4.181326116373477730e-01 7.427217332430602337e-01
4.201623815967523434e-01 7.427217332430602337e-01
4.201623815967523434e-01 7.433987813134732558e-01
4.208389715832205891e-01 7.433987813134732558e-01
4.208389715832205891e-01 7.447528774542993002e-01
4.221921515561569693e-01 7.447528774542993002e-01
4.228687415426251595e-01 7.447528774542993002e-01
4.228687415426251595e-01 7.461069735951252335e-01
4.235453315290933496e-01 7.461069735951252335e-01
4.235453315290933496e-01 7.467840216655382557e-01
4.255751014884979755e-01 7.467840216655382557e-01
4.255751014884979755e-01 7.488151658767772112e-01
4.269282814614343557e-01 7.488151658767772112e-01
4.269282814614343557e-01 7.515233581584292999e-01
4.282814614343707915e-01 7.515233581584292999e-01
4.336941813261163681e-01 7.515233581584292999e-01
4.336941813261163681e-01 7.522004062288422110e-01
4.343707713125845582e-01 7.522004062288422110e-01
4.343707713125845582e-01 7.535545023696682554e-01
4.357239512855209940e-01 7.535545023696682554e-01
4.357239512855209940e-01 7.549085985104942997e-01
4.370771312584573742e-01 7.549085985104942997e-01
4.370771312584573742e-01 7.562626946513202331e-01
4.377537212449255644e-01 7.562626946513202331e-01
4.377537212449255644e-01 7.576167907921462774e-01
4.391069012178620001e-01 7.576167907921462774e-01
4.391069012178620001e-01 7.582938388625591886e-01
4.397834912043301903e-01 7.582938388625591886e-01
4.397834912043301903e-01 7.589708869329722107e-01
4.411366711772665705e-01 7.589708869329722107e-01
4.411366711772665705e-01 7.596479350033852329e-01
4.424898511502029508e-01 7.596479350033852329e-01
4.424898511502029508e-01 7.616790792146241884e-01
4.431664411366711964e-01 7.616790792146241884e-01
4.431664411366711964e-01 7.623561272850372106e-01
4.451962110960757668e-01 7.623561272850372106e-01
4.451962110960757668e-01 7.630331753554502328e-01
4.465493910690122026e-01 7.630331753554502328e-01
4.465493910690122026e-01 7.643872714962762771e-01
4.479025710419485828e-01 7.643872714962762771e-01
4.479025710419485828e-01 7.670954637779282548e-01
4.485791610284167730e-01 7.670954637779282548e-01
4.485791610284167730e-01 7.684495599187541881e-01
4.492557510148849631e-01 7.684495599187541881e-01
4.492557510148849631e-01 7.691266079891672103e-01
4.519621109607577791e-01 7.691266079891672103e-01
4.519621109607577791e-01 7.698036560595802325e-01
4.526387009472259693e-01 7.698036560595802325e-01
4.526387009472259693e-01 7.704807041299932546e-01
4.539918809201624050e-01 7.704807041299932546e-01
4.546684709066305952e-01 7.704807041299932546e-01
4.546684709066305952e-01 7.725118483412322101e-01
4.553450608930987853e-01 7.725118483412322101e-01
4.566982408660351656e-01 7.725118483412322101e-01
4.566982408660351656e-01 7.731888964116452323e-01
4.573748308525033557e-01 7.731888964116452323e-01
4.573748308525033557e-01 7.752200406228841878e-01
4.587280108254397915e-01 7.752200406228841878e-01
4.587280108254397915e-01 7.758970886932972100e-01
4.600811907983761717e-01 7.758970886932972100e-01
4.607577807848443618e-01 7.758970886932972100e-01
4.627875507442489877e-01 7.758970886932972100e-01
4.627875507442489877e-01 7.765741367637102321e-01
4.634641407307171779e-01 7.765741367637102321e-01
4.648173207036536136e-01 7.765741367637102321e-01
4.661705006765899939e-01 7.765741367637102321e-01
4.661705006765899939e-01 7.779282329045362765e-01
4.668470906630581840e-01 7.779282329045362765e-01
4.668470906630581840e-01 7.786052809749491876e-01
4.682002706359945643e-01 7.786052809749491876e-01
4.682002706359945643e-01 7.792823290453622098e-01
4.688768606224628099e-01 7.792823290453622098e-01
4.702300405953991902e-01 7.792823290453622098e-01
4.709066305818673803e-01 7.792823290453622098e-01
4.722598105548038161e-01 7.792823290453622098e-01
4.729364005412720062e-01 7.792823290453622098e-01
4.729364005412720062e-01 7.799593771157752320e-01
4.736129905277401964e-01 7.799593771157752320e-01
4.736129905277401964e-01 7.813134732566011653e-01
4.776725304465493926e-01 7.813134732566011653e-01
4.776725304465493926e-01 7.833446174678402318e-01
4.803788903924222087e-01 7.833446174678402318e-01
4.810554803788903988e-01 7.833446174678402318e-01
4.810554803788903988e-01 7.840216655382532540e-01
4.824086603518267791e-01 7.840216655382532540e-01
4.824086603518267791e-01 7.846987136086661652e-01
4.830852503382949692e-01 7.846987136086661652e-01
4.844384303112314050e-01 7.846987136086661652e-01
4.864682002706359754e-01 7.846987136086661652e-01
4.864682002706359754e-01 7.860528097494922095e-01
4.871447902571042210e-01 7.860528097494922095e-01
4.871447902571042210e-01 7.867298578199052317e-01
4.912043301759134173e-01 7.867298578199052317e-01
4.925575101488497975e-01 7.867298578199052317e-01
4.925575101488497975e-01 7.874069058903182539e-01
4.932341001353179877e-01 7.874069058903182539e-01
4.932341001353179877e-01 7.880839539607311650e-01
4.939106901217861778e-01 7.880839539607311650e-01
4.939106901217861778e-01 7.894380501015572094e-01
4.945872801082544234e-01 7.894380501015572094e-01
4.945872801082544234e-01 7.901150981719702315e-01
4.972936400541271840e-01 7.901150981719702315e-01
4.972936400541271840e-01 7.907921462423832537e-01
5.006765899864682456e-01 7.907921462423832537e-01
5.006765899864682456e-01 7.914691943127961649e-01
5.040595399188092518e-01 7.914691943127961649e-01
5.054127198917456321e-01 7.914691943127961649e-01
5.067658998646820123e-01 7.914691943127961649e-01
5.067658998646820123e-01 7.921462423832091870e-01
5.101488497970230185e-01 7.921462423832091870e-01
5.101488497970230185e-01 7.928232904536222092e-01
5.108254397834911531e-01 7.928232904536222092e-01
5.108254397834911531e-01 7.935003385240352314e-01
5.121786197564276444e-01 7.935003385240352314e-01
5.121786197564276444e-01 7.941773865944482536e-01
5.128552097428957790e-01 7.941773865944482536e-01
5.128552097428957790e-01 7.955314827352741869e-01
5.135317997293640246e-01 7.955314827352741869e-01
5.148849797023004049e-01 7.955314827352741869e-01
5.155615696887686505e-01 7.955314827352741869e-01
5.155615696887686505e-01 7.962085308056872091e-01
5.162381596752367852e-01 7.962085308056872091e-01
5.175913396481731654e-01 7.962085308056872091e-01
5.175913396481731654e-01 7.989167230873391867e-01
5.182679296346414111e-01 7.989167230873391867e-01
5.182679296346414111e-01 7.995937711577522089e-01
5.196211096075777913e-01 7.995937711577522089e-01
5.196211096075777913e-01 8.009478672985782532e-01
5.223274695534506629e-01 8.009478672985782532e-01
5.243572395128551777e-01 8.009478672985782532e-01
5.243572395128551777e-01 8.056872037914691864e-01
5.250338294993234234e-01 8.056872037914691864e-01
5.250338294993234234e-01 8.063642518618822086e-01
5.263870094722598036e-01 8.063642518618822086e-01
5.263870094722598036e-01 8.070412999322952308e-01
5.277401894451961839e-01 8.070412999322952308e-01
5.297699594046008098e-01 8.070412999322952308e-01
5.297699594046008098e-01 8.083953960731211641e-01
5.311231393775371901e-01 8.083953960731211641e-01
5.331529093369418160e-01 8.083953960731211641e-01
5.331529093369418160e-01 8.090724441435341863e-01
5.345060893098781962e-01 8.090724441435341863e-01
5.345060893098781962e-01 8.097494922139472084e-01
5.358592692828145765e-01 8.097494922139472084e-01
5.358592692828145765e-01 8.111035883547731418e-01
5.365358592692828221e-01 8.111035883547731418e-01
5.365358592692828221e-01 8.131347325660122083e-01
5.372124492557510678e-01 8.131347325660122083e-01
5.372124492557510678e-01 8.144888287068381416e-01
5.378890392422192024e-01 8.144888287068381416e-01
5.378890392422192024e-01 8.151658767772511638e-01
5.385656292286874480e-01 8.151658767772511638e-01
5.385656292286874480e-01 8.158429248476641860e-01
5.399188092016238283e-01 8.158429248476641860e-01
5.399188092016238283e-01 8.165199729180772081e-01
5.405953991880919629e-01 8.165199729180772081e-01
5.405953991880919629e-01 8.171970209884902303e-01
5.419485791610284542e-01 8.171970209884902303e-01
5.419485791610284542e-01 8.178740690589031415e-01
5.460081190798375950e-01 8.178740690589031415e-01
5.460081190798375950e-01 8.199052132701422080e-01
5.473612990527739752e-01 8.199052132701422080e-01
5.473612990527739752e-01 8.205822613405552302e-01
5.493910690121786011e-01 8.205822613405552302e-01
5.507442489851149814e-01 8.205822613405552302e-01
5.527740189445196073e-01 8.205822613405552302e-01
5.534506089309878529e-01 8.205822613405552302e-01
5.534506089309878529e-01 8.232904536222072078e-01
5.541271989174559875e-01 8.232904536222072078e-01
5.561569688768606134e-01 8.232904536222072078e-01
5.588633288227333740e-01 8.232904536222072078e-01
5.588633288227333740e-01 8.239675016926202300e-01
5.595399188092016196e-01 8.239675016926202300e-01
5.595399188092016196e-01 8.246445497630331412e-01
5.602165087956698653e-01 8.246445497630331412e-01
5.602165087956698653e-01 8.253215978334461633e-01
5.615696887686062455e-01 8.253215978334461633e-01
5.635994587280108714e-01 8.253215978334461633e-01
5.635994587280108714e-01 8.266756939742722077e-01
5.642760487144790060e-01 8.266756939742722077e-01
5.642760487144790060e-01 8.273527420446851188e-01
5.656292286874153863e-01 8.273527420446851188e-01
5.663058186738836319e-01 8.273527420446851188e-01
5.663058186738836319e-01 8.280297901150981410e-01
5.669824086603518776e-01 8.280297901150981410e-01
5.669824086603518776e-01 8.287068381855111632e-01
5.683355886332882578e-01 8.287068381855111632e-01
5.683355886332882578e-01 8.320920785375761630e-01
5.690121786197563925e-01 8.320920785375761630e-01
5.703653585926927727e-01 8.320920785375761630e-01
5.703653585926927727e-01 8.334461746784022074e-01
5.710419485791610184e-01 8.334461746784022074e-01
5.710419485791610184e-01 8.341232227488151185e-01
5.717185385656292640e-01 8.341232227488151185e-01
5.717185385656292640e-01 8.348002708192281407e-01
5.730717185385656443e-01 8.348002708192281407e-01
5.751014884979702702e-01 8.348002708192281407e-01
5.751014884979702702e-01 8.354773188896411629e-01
5.757780784844384048e-01 8.354773188896411629e-01
5.757780784844384048e-01 8.361543669600541850e-01
5.778078484438430307e-01 8.361543669600541850e-01
5.778078484438430307e-01 8.368314150304672072e-01
5.784844384303112763e-01 8.368314150304672072e-01
5.784844384303112763e-01 8.375084631008801184e-01
5.791610284167794109e-01 8.375084631008801184e-01
5.791610284167794109e-01 8.388625592417061627e-01
5.798376184032476566e-01 8.388625592417061627e-01
5.798376184032476566e-01 8.402166553825322071e-01
5.805142083897157912e-01 8.402166553825322071e-01
5.818673883626522825e-01 8.402166553825322071e-01
5.838971583220567974e-01 8.402166553825322071e-01
5.845737483085250430e-01 8.402166553825322071e-01
5.845737483085250430e-01 8.422477995937711626e-01
5.866035182679296689e-01 8.422477995937711626e-01
5.866035182679296689e-01 8.436018957345972069e-01
5.872801082543978035e-01 8.436018957345972069e-01
5.872801082543978035e-01 8.456330399458361624e-01
5.906630581867388097e-01 8.456330399458361624e-01
5.906630581867388097e-01 8.463100880162491846e-01
5.940460081190798158e-01 8.463100880162491846e-01
5.940460081190798158e-01 8.476641841570751179e-01
5.947225981055480615e-01 8.476641841570751179e-01
5.947225981055480615e-01 8.483412322274881401e-01
5.953991880920161961e-01 8.483412322274881401e-01
5.953991880920161961e-01 8.496953283683141844e-01
5.967523680649526874e-01 8.496953283683141844e-01
5.974289580514208220e-01 8.496953283683141844e-01
5.974289580514208220e-01 8.510494245091401178e-01
5.994587280108254479e-01 8.510494245091401178e-01
5.994587280108254479e-01 8.517264725795531399e-01
6.014884979702300738e-01 8.517264725795531399e-01
6.014884979702300738e-01 8.544346648612051176e-01
6.021650879566982084e-01 8.544346648612051176e-01
6.021650879566982084e-01 8.551117129316181398e-01
6.035182679296345887e-01 8.551117129316181398e-01
6.035182679296345887e-01 8.571428571428570953e-01
6.048714479025710800e-01 8.571428571428570953e-01
6.062246278755074602e-01 8.571428571428570953e-01
6.062246278755074602e-01 8.591740013540961618e-01
6.075778078484438405e-01 8.591740013540961618e-01
6.075778078484438405e-01 8.598510494245091840e-01
6.102841677943166010e-01 8.598510494245091840e-01
6.123139377537212269e-01 8.598510494245091840e-01
6.129905277401894725e-01 8.598510494245091840e-01
6.129905277401894725e-01 8.605280974949220951e-01
6.143437077131258528e-01 8.605280974949220951e-01
6.170500676589986133e-01 8.605280974949220951e-01
6.184032476319349936e-01 8.605280974949220951e-01
6.197564276048714849e-01 8.605280974949220951e-01
6.204330175913396195e-01 8.605280974949220951e-01
6.204330175913396195e-01 8.612051455653351173e-01
6.224627875507442454e-01 8.612051455653351173e-01
6.224627875507442454e-01 8.618821936357481395e-01
6.231393775372124910e-01 8.618821936357481395e-01
6.231393775372124910e-01 8.632362897765741838e-01
6.244925575101488713e-01 8.632362897765741838e-01
6.244925575101488713e-01 8.639133378469870950e-01
6.251691474966170059e-01 8.639133378469870950e-01
6.251691474966170059e-01 8.645903859174001171e-01
6.265223274695534972e-01 8.645903859174001171e-01
6.292286874154262577e-01 8.645903859174001171e-01
6.292286874154262577e-01 8.652674339878131393e-01
6.299052774018945033e-01 8.652674339878131393e-01
6.312584573748308836e-01 8.652674339878131393e-01
6.332882273342353985e-01 8.652674339878131393e-01
6.332882273342353985e-01 8.659444820582261615e-01
6.339648173207036441e-01 8.659444820582261615e-01
6.339648173207036441e-01 8.672985781990520948e-01
6.353179972936400244e-01 8.672985781990520948e-01
6.366711772665764046e-01 8.672985781990520948e-01
6.373477672530446503e-01 8.672985781990520948e-01
6.373477672530446503e-01 8.679756262694651170e-01
6.387009472259810305e-01 8.679756262694651170e-01
6.393775372124492762e-01 8.679756262694651170e-01
6.393775372124492762e-01 8.693297224102911613e-01
6.414073071718539021e-01 8.693297224102911613e-01
6.414073071718539021e-01 8.713608666215301168e-01
6.420838971583220367e-01 8.713608666215301168e-01
6.420838971583220367e-01 8.727149627623561612e-01
6.434370771312584170e-01 8.727149627623561612e-01
6.434370771312584170e-01 8.733920108327690723e-01
6.454668470906630429e-01 8.733920108327690723e-01
6.468200270635994231e-01 8.733920108327690723e-01
6.468200270635994231e-01 8.740690589031820945e-01
6.474966170500676688e-01 8.740690589031820945e-01
6.474966170500676688e-01 8.754231550440081389e-01
6.481732070365359144e-01 8.754231550440081389e-01
6.495263870094722947e-01 8.754231550440081389e-01
6.502029769959404293e-01 8.754231550440081389e-01
6.502029769959404293e-01 8.774542992552470944e-01
6.515561569688768095e-01 8.774542992552470944e-01
6.515561569688768095e-01 8.781313473256601165e-01
6.535859269282814354e-01 8.781313473256601165e-01
6.556156968876860613e-01 8.781313473256601165e-01
6.556156968876860613e-01 8.801624915368990720e-01
6.569688768606224416e-01 8.801624915368990720e-01
6.576454668470906872e-01 8.801624915368990720e-01
6.603518267929634478e-01 8.801624915368990720e-01
6.610284167794316934e-01 8.801624915368990720e-01
6.610284167794316934e-01 8.821936357481381386e-01
6.623815967523680737e-01 8.821936357481381386e-01
6.623815967523680737e-01 8.828706838185511607e-01
6.650879566982408342e-01 8.828706838185511607e-01
6.650879566982408342e-01 8.842247799593770941e-01
6.664411366711772144e-01 8.842247799593770941e-01
6.677943166441137057e-01 8.842247799593770941e-01
6.691474966170500860e-01 8.842247799593770941e-01
6.691474966170500860e-01 8.855788761002031384e-01
6.698240866035182206e-01 8.855788761002031384e-01
6.698240866035182206e-01 8.862559241706161606e-01
6.705006765899864662e-01 8.862559241706161606e-01
6.718538565629228465e-01 8.862559241706161606e-01
6.718538565629228465e-01 8.869329722410290717e-01
6.732070365358592268e-01 8.869329722410290717e-01
6.738836265223274724e-01 8.869329722410290717e-01
6.752368064952638527e-01 8.869329722410290717e-01
6.759133964817320983e-01 8.869329722410290717e-01
6.772665764546684786e-01 8.869329722410290717e-01
6.786197564276048588e-01 8.869329722410290717e-01
6.786197564276048588e-01 8.876100203114420939e-01
6.847090663058186255e-01 8.876100203114420939e-01
6.847090663058186255e-01 8.882870683818551161e-01
6.860622462787551168e-01 8.882870683818551161e-01
6.874154262516914971e-01 8.882870683818551161e-01
6.874154262516914971e-01 8.889641164522681382e-01
6.880920162381596317e-01 8.889641164522681382e-01
6.880920162381596317e-01 8.903182125930940716e-01
6.887686062246278773e-01 8.903182125930940716e-01
6.901217861975642576e-01 8.903182125930940716e-01
6.914749661705006378e-01 8.903182125930940716e-01
6.914749661705006378e-01 8.909952606635070937e-01
6.928281461434371291e-01 8.909952606635070937e-01
6.955345060893098896e-01 8.909952606635070937e-01
6.968876860622462699e-01 8.909952606635070937e-01
6.968876860622462699e-01 8.916723087339201159e-01
6.982408660351826502e-01 8.916723087339201159e-01
6.982408660351826502e-01 8.930264048747461603e-01
6.989174560216508958e-01 8.930264048747461603e-01
6.989174560216508958e-01 8.950575490859851158e-01
6.995940460081190304e-01 8.950575490859851158e-01
6.995940460081190304e-01 8.964116452268110491e-01
7.009472259810555217e-01 8.964116452268110491e-01
7.009472259810555217e-01 8.977657413676370934e-01
7.023004059539919020e-01 8.977657413676370934e-01
7.023004059539919020e-01 9.011509817197020933e-01
7.043301759133965279e-01 9.011509817197020933e-01
7.070365358592692884e-01 9.011509817197020933e-01
7.097428958051420489e-01 9.011509817197020933e-01
7.097428958051420489e-01 9.025050778605281376e-01
7.117726657645466748e-01 9.025050778605281376e-01
7.131258457374830551e-01 9.025050778605281376e-01
7.138024357239513007e-01 9.025050778605281376e-01
7.151556156968876810e-01 9.025050778605281376e-01
7.151556156968876810e-01 9.031821259309410488e-01
7.185385656292286871e-01 9.031821259309410488e-01
7.185385656292286871e-01 9.038591740013540710e-01
7.192151556156969328e-01 9.038591740013540710e-01
7.205683355886333130e-01 9.038591740013540710e-01
7.205683355886333130e-01 9.045362220717670931e-01
7.225981055480379389e-01 9.045362220717670931e-01
7.225981055480379389e-01 9.058903182125931375e-01
7.246278755074424538e-01 9.058903182125931375e-01
7.246278755074424538e-01 9.065673662830060486e-01
7.266576454668470797e-01 9.065673662830060486e-01
7.266576454668470797e-01 9.072444143534190708e-01
7.273342354533153253e-01 9.072444143534190708e-01
7.286874154262517056e-01 9.072444143534190708e-01
7.286874154262517056e-01 9.085985104942451152e-01
7.300405953991880859e-01 9.085985104942451152e-01
7.307171853856563315e-01 9.085985104942451152e-01
7.307171853856563315e-01 9.092755585646581373e-01
7.313937753721244661e-01 9.092755585646581373e-01
7.313937753721244661e-01 9.106296547054840707e-01
7.320703653585927118e-01 9.106296547054840707e-01
7.320703653585927118e-01 9.113067027758970928e-01
7.334235453315290920e-01 9.113067027758970928e-01
7.334235453315290920e-01 9.140148950575490705e-01
7.341001353179973377e-01 9.140148950575490705e-01
7.341001353179973377e-01 9.146919431279620927e-01
7.354533152909337179e-01 9.146919431279620927e-01
7.354533152909337179e-01 9.153689911983751148e-01
7.374830852503383438e-01 9.153689911983751148e-01
7.388362652232747241e-01 9.153689911983751148e-01
7.388362652232747241e-01 9.174001354096140703e-01
7.401894451962111043e-01 9.174001354096140703e-01
7.401894451962111043e-01 9.180771834800270925e-01
7.408660351826793500e-01 9.180771834800270925e-01
7.428958051420838649e-01 9.180771834800270925e-01
7.428958051420838649e-01 9.187542315504401147e-01
7.435723951285521105e-01 9.187542315504401147e-01
7.449255751014884908e-01 9.187542315504401147e-01
7.449255751014884908e-01 9.201083276912660480e-01
7.483085250338294969e-01 9.201083276912660480e-01
7.510148849797022574e-01 9.201083276912660480e-01
7.510148849797022574e-01 9.207853757616790702e-01
7.516914749661705031e-01 9.207853757616790702e-01
7.516914749661705031e-01 9.214624238320920924e-01
7.537212449255751290e-01 9.214624238320920924e-01
7.537212449255751290e-01 9.221394719025051145e-01
7.543978349120432636e-01 9.221394719025051145e-01
7.543978349120432636e-01 9.234935680433310479e-01
7.564276048714478895e-01 9.234935680433310479e-01
7.577807848443842698e-01 9.234935680433310479e-01
7.591339648173206500e-01 9.234935680433310479e-01
7.591339648173206500e-01 9.241706161137440700e-01
7.598105548037888957e-01 9.241706161137440700e-01
7.598105548037888957e-01 9.255247122545701144e-01
7.604871447902571413e-01 9.255247122545701144e-01
7.604871447902571413e-01 9.275558564658090699e-01
7.618403247631935216e-01 9.275558564658090699e-01
7.618403247631935216e-01 9.282329045362220921e-01
7.625169147496616562e-01 9.282329045362220921e-01
7.625169147496616562e-01 9.289099526066351142e-01
7.652232746955345277e-01 9.289099526066351142e-01
7.652232746955345277e-01 9.302640487474610476e-01
7.658998646820026623e-01 9.302640487474610476e-01
7.658998646820026623e-01 9.329722410291130252e-01
7.665764546684709080e-01 9.329722410291130252e-01
7.665764546684709080e-01 9.336492890995260474e-01
7.692828146143436685e-01 9.336492890995260474e-01
7.692828146143436685e-01 9.343263371699390696e-01
7.706359945872801598e-01 9.343263371699390696e-01
7.719891745602165400e-01 9.343263371699390696e-01
7.719891745602165400e-01 9.356804333107651139e-01
7.726657645466846747e-01 9.356804333107651139e-01
7.726657645466846747e-01 9.363574813811780251e-01
7.753721244925575462e-01 9.363574813811780251e-01
7.753721244925575462e-01 9.383886255924170916e-01
7.760487144790256808e-01 9.383886255924170916e-01
7.774018944519620611e-01 9.383886255924170916e-01
7.787550744248985524e-01 9.383886255924170916e-01
7.787550744248985524e-01 9.390656736628301138e-01
7.794316644113666870e-01 9.390656736628301138e-01
7.794316644113666870e-01 9.404197698036560471e-01
7.801082543978349326e-01 9.404197698036560471e-01
7.801082543978349326e-01 9.410968178740690693e-01
7.807848443843030672e-01 9.410968178740690693e-01
7.807848443843030672e-01 9.417738659444820915e-01
7.821380243572395585e-01 9.417738659444820915e-01
7.834912043301759388e-01 9.417738659444820915e-01
7.855209742895805647e-01 9.417738659444820915e-01
7.868741542625169449e-01 9.417738659444820915e-01
7.868741542625169449e-01 9.424509140148950026e-01
7.909336941813260857e-01 9.424509140148950026e-01
7.922868741542624660e-01 9.424509140148950026e-01
7.929634641407307116e-01 9.424509140148950026e-01
7.929634641407307116e-01 9.431279620853080248e-01
7.943166441136670919e-01 9.431279620853080248e-01
7.943166441136670919e-01 9.438050101557210469e-01
7.949932341001353375e-01 9.438050101557210469e-01
7.949932341001353375e-01 9.444820582261340691e-01
7.976995940460080980e-01 9.444820582261340691e-01
7.976995940460080980e-01 9.451591062965470913e-01
7.983761840324763437e-01 9.451591062965470913e-01
7.983761840324763437e-01 9.465132024373730246e-01
7.997293640054127239e-01 9.465132024373730246e-01
8.017591339648173498e-01 9.465132024373730246e-01
8.017591339648173498e-01 9.471902505077860468e-01
8.051420838971583560e-01 9.471902505077860468e-01
8.051420838971583560e-01 9.478672985781990690e-01
8.078484438430311165e-01 9.478672985781990690e-01
8.092016238159674968e-01 9.478672985781990690e-01
8.098782138024357424e-01 9.478672985781990690e-01
8.098782138024357424e-01 9.485443466486120911e-01
8.105548037889038770e-01 9.485443466486120911e-01
8.119079837618403683e-01 9.485443466486120911e-01
8.125845737483085029e-01 9.485443466486120911e-01
8.125845737483085029e-01 9.498984427894380245e-01
8.139377537212448832e-01 9.498984427894380245e-01
8.152909336941813745e-01 9.498984427894380245e-01
8.173207036535858894e-01 9.498984427894380245e-01
8.186738836265223807e-01 9.498984427894380245e-01
8.200270635994587609e-01 9.498984427894380245e-01
8.200270635994587609e-01 9.505754908598510466e-01
8.220568335588632758e-01 9.505754908598510466e-01
8.220568335588632758e-01 9.512525389302640688e-01
8.234100135317997671e-01 9.512525389302640688e-01
8.234100135317997671e-01 9.526066350710900021e-01
8.247631935047361473e-01 9.526066350710900021e-01
8.261163734776725276e-01 9.526066350710900021e-01
8.261163734776725276e-01 9.546377792823290687e-01
8.274695534506089079e-01 9.546377792823290687e-01
8.274695534506089079e-01 9.553148273527420908e-01
8.288227334235452881e-01 9.553148273527420908e-01
8.294993234100135338e-01 9.553148273527420908e-01
8.294993234100135338e-01 9.559918754231550020e-01
8.301759133964817794e-01 9.559918754231550020e-01
8.328822733423545399e-01 9.559918754231550020e-01
8.335588633288227856e-01 9.559918754231550020e-01
8.362652232746955461e-01 9.559918754231550020e-01
8.362652232746955461e-01 9.566689234935680242e-01
8.389715832205683066e-01 9.566689234935680242e-01
8.410013531799729325e-01 9.566689234935680242e-01
8.423545331529093128e-01 9.566689234935680242e-01
8.423545331529093128e-01 9.573459715639810463e-01
8.450608930987821843e-01 9.573459715639810463e-01
8.450608930987821843e-01 9.580230196343940685e-01
8.457374830852503189e-01 9.580230196343940685e-01
8.457374830852503189e-01 9.587000677048070907e-01
8.464140730717185646e-01 9.587000677048070907e-01
8.464140730717185646e-01 9.593771157752200018e-01
8.470906630581866992e-01 9.593771157752200018e-01
8.484438430311231905e-01 9.593771157752200018e-01
8.484438430311231905e-01 9.614082599864590684e-01
8.497970230040595707e-01 9.614082599864590684e-01
8.497970230040595707e-01 9.620853080568720905e-01
8.504736129905277053e-01 9.620853080568720905e-01
8.504736129905277053e-01 9.627623561272850017e-01
8.518267929634640856e-01 9.627623561272850017e-01
8.518267929634640856e-01 9.634394041976980239e-01
8.531799729364005769e-01 9.634394041976980239e-01
8.531799729364005769e-01 9.641164522681110460e-01
8.538565629228687115e-01 9.641164522681110460e-01
8.538565629228687115e-01 9.647935003385240682e-01
8.579161028416779633e-01 9.647935003385240682e-01
8.592692828146143436e-01 9.647935003385240682e-01
8.599458728010825892e-01 9.647935003385240682e-01
8.612990527740189695e-01 9.647935003385240682e-01
8.626522327469553497e-01 9.647935003385240682e-01
8.626522327469553497e-01 9.654705484089369794e-01
8.633288227334235954e-01 9.654705484089369794e-01
8.633288227334235954e-01 9.668246445497630237e-01
8.680649526387009818e-01 9.668246445497630237e-01
8.680649526387009818e-01 9.675016926201760459e-01
8.687415426251691164e-01 9.675016926201760459e-01
8.687415426251691164e-01 9.681787406905890681e-01
8.700947225981054967e-01 9.681787406905890681e-01
8.700947225981054967e-01 9.702098849018280236e-01
8.721244925575101226e-01 9.702098849018280236e-01
8.721244925575101226e-01 9.715639810426540679e-01
8.734776725304465028e-01 9.715639810426540679e-01
8.734776725304465028e-01 9.729180771834800012e-01
8.782138024357240003e-01 9.729180771834800012e-01
8.782138024357240003e-01 9.735951252538930234e-01
8.802435723951285151e-01 9.735951252538930234e-01
8.802435723951285151e-01 9.742721733243060456e-01
8.815967523680650064e-01 9.742721733243060456e-01
8.815967523680650064e-01 9.749492213947190677e-01
8.849797023004059016e-01 9.749492213947190677e-01
8.849797023004059016e-01 9.769803656059580232e-01
8.863328822733423928e-01 9.769803656059580232e-01
8.863328822733423928e-01 9.776574136763710454e-01
8.870094722598105275e-01 9.776574136763710454e-01
8.870094722598105275e-01 9.783344617467840676e-01
8.883626522327469077e-01 9.783344617467840676e-01
8.903924221921515336e-01 9.783344617467840676e-01
8.917456021650879139e-01 9.783344617467840676e-01
8.924221921515561595e-01 9.783344617467840676e-01
8.924221921515561595e-01 9.790115098171969787e-01
8.937753721244925398e-01 9.790115098171969787e-01
8.937753721244925398e-01 9.796885578876100009e-01
8.951285520974289200e-01 9.796885578876100009e-01
8.951285520974289200e-01 9.810426540284360453e-01
8.964817320703654113e-01 9.810426540284360453e-01
8.964817320703654113e-01 9.817197020988490674e-01
8.978349120433017916e-01 9.817197020988490674e-01
8.991880920162381718e-01 9.817197020988490674e-01
8.991880920162381718e-01 9.823967501692619786e-01
9.005412719891745521e-01 9.823967501692619786e-01
9.025710419485791780e-01 9.823967501692619786e-01
9.025710419485791780e-01 9.830737982396750008e-01
9.032476319350473126e-01 9.830737982396750008e-01
9.032476319350473126e-01 9.844278943805010451e-01
9.046008119079838039e-01 9.844278943805010451e-01
9.052774018944519385e-01 9.844278943805010451e-01
9.052774018944519385e-01 9.851049424509140673e-01
9.059539918809201842e-01 9.851049424509140673e-01
9.059539918809201842e-01 9.857819905213269784e-01
9.073071718538565644e-01 9.857819905213269784e-01
9.073071718538565644e-01 9.864590385917400006e-01
9.079837618403248101e-01 9.864590385917400006e-01
9.093369418132611903e-01 9.864590385917400006e-01
9.093369418132611903e-01 9.884901828029789561e-01
9.113667117726658162e-01 9.884901828029789561e-01
9.127198917456021965e-01 9.884901828029789561e-01
9.133964817320703311e-01 9.884901828029789561e-01
9.161028416779432026e-01 9.884901828029789561e-01
9.161028416779432026e-01 9.891672308733919783e-01
9.174560216508795829e-01 9.891672308733919783e-01
9.215155615696887237e-01 9.891672308733919783e-01
9.215155615696887237e-01 9.898442789438050005e-01
9.221921515561569693e-01 9.898442789438050005e-01
9.221921515561569693e-01 9.911983750846310448e-01
9.255751014884979755e-01 9.911983750846310448e-01
9.255751014884979755e-01 9.918754231550439560e-01
9.269282814614343557e-01 9.918754231550439560e-01
9.289580514208389816e-01 9.918754231550439560e-01
9.303112313937753619e-01 9.918754231550439560e-01
9.303112313937753619e-01 9.925524712254569781e-01
9.316644113667117422e-01 9.925524712254569781e-01
9.316644113667117422e-01 9.945836154366960447e-01
9.330175913396481224e-01 9.945836154366960447e-01
9.330175913396481224e-01 9.952606635071089558e-01
9.343707713125846137e-01 9.952606635071089558e-01
9.357239512855209940e-01 9.952606635071089558e-01
9.391069012178620001e-01 9.952606635071089558e-01
9.391069012178620001e-01 9.959377115775219780e-01
9.404600811907983804e-01 9.959377115775219780e-01
9.472259810554803927e-01 9.959377115775219780e-01
9.485791610284167730e-01 9.959377115775219780e-01
9.512855209742895335e-01 9.959377115775219780e-01
9.512855209742895335e-01 9.966147596479350002e-01
9.519621109607577791e-01 9.966147596479350002e-01
9.519621109607577791e-01 9.972918077183480223e-01
9.533152909336941594e-01 9.972918077183480223e-01
9.533152909336941594e-01 9.979688557887610445e-01
9.539918809201624050e-01 9.979688557887610445e-01
9.553450608930987853e-01 9.979688557887610445e-01
9.580514208389715458e-01 9.979688557887610445e-01
9.580514208389715458e-01 9.986459038591739557e-01
9.607577807848444174e-01 9.986459038591739557e-01
9.621109607577807976e-01 9.986459038591739557e-01
9.634641407307171779e-01 9.986459038591739557e-01
9.648173207036535581e-01 9.986459038591739557e-01
9.675236806495264297e-01 9.986459038591739557e-01
9.688768606224628099e-01 9.986459038591739557e-01
9.702300405953991902e-01 9.986459038591739557e-01
9.722598105548038161e-01 9.986459038591739557e-01
9.763193504736129569e-01 9.986459038591739557e-01
9.783491204330175828e-01 9.986459038591739557e-01
9.803788903924222087e-01 9.986459038591739557e-01
9.851150202976995951e-01 9.986459038591739557e-01
9.864682002706359754e-01 9.986459038591739557e-01
9.905277401894452272e-01 9.986459038591739557e-01
9.925575101488497420e-01 9.986459038591739557e-01
9.925575101488497420e-01 9.993229519295869778e-01
9.932341001353179877e-01 9.993229519295869778e-01
9.945872801082543679e-01 9.993229519295869778e-01
9.952638700947226136e-01 9.993229519295869778e-01
9.966170500676589938e-01 9.993229519295869778e-01
9.979702300405953741e-01 9.993229519295869778e-01
1.000000000000000000e+00 9.993229519295869778e-01
1.000000000000000000e+00 1.000000000000000000e+00
