# auc=0.772
# acc=0.712
0.000000000000000000e+00 0.000000000000000000e+00
0.000000000000000000e+00 6.770480704129992972e-04
0.000000000000000000e+00 2.139471902505077905e-01
1.353179972936400643e-03 2.139471902505077905e-01
1.353179972936400643e-03 2.423832092078537503e-01
2.029769959404600747e-03 2.423832092078537503e-01
2.029769959404600747e-03 2.471225457007447390e-01
2.706359945872801286e-03 2.471225457007447390e-01
2.706359945872801286e-03 2.559241706161137220e-01
3.382949932341001390e-03 2.559241706161137220e-01
3.382949932341001390e-03 2.681110358835477325e-01
4.059539918809201495e-03 2.681110358835477325e-01
4.059539918809201495e-03 2.857142857142856984e-01
4.736129905277402033e-03 2.857142857142856984e-01
4.736129905277402033e-03 2.924847664184156981e-01
5.412719891745602571e-03 2.924847664184156981e-01
5.412719891745602571e-03 2.992552471225456978e-01
6.089309878213802242e-03 2.992552471225456978e-01
6.089309878213802242e-03 3.019634394041976755e-01
6.765899864682002780e-03 3.019634394041976755e-01
6.765899864682002780e-03 3.114421123899797084e-01
7.442489851150203319e-03 3.114421123899797084e-01
7.442489851150203319e-03 3.141503046716316860e-01
8.119079837618402989e-03 3.141503046716316860e-01
8.119079837618402989e-03 3.195666892349356969e-01
8.795669824086603528e-03 3.195666892349356969e-01
8.795669824086603528e-03 3.209207853757616857e-01
9.472259810554804066e-03 3.209207853757616857e-01
9.472259810554804066e-03 3.270142180094786633e-01
1.082543978349120514e-02 3.270142180094786633e-01
1.150202976995940395e-02 3.270142180094786633e-01
1.150202976995940395e-02 3.297224102911306964e-01
1.217861975642760448e-02 3.297224102911306964e-01
1.217861975642760448e-02 3.385240352064996516e-01
1.285520974289580502e-02 3.385240352064996516e-01
1.285520974289580502e-02 3.392010832769126738e-01
1.353179972936400556e-02 3.392010832769126738e-01
1.353179972936400556e-02 3.398781313473256405e-01
1.420838971583220610e-02 3.398781313473256405e-01
1.420838971583220610e-02 3.500338524035206400e-01
1.623815967523680598e-02 3.500338524035206400e-01
1.623815967523680598e-02 3.574813811780636619e-01
1.691474966170500652e-02 3.574813811780636619e-01
1.691474966170500652e-02 3.635748138117806394e-01
1.826792963464140759e-02 3.635748138117806394e-01
1.826792963464140759e-02 3.642518618821936616e-01
1.894451962110960813e-02 3.642518618821936616e-01
1.894451962110960813e-02 3.662830060934326171e-01
1.962110960757780867e-02 3.662830060934326171e-01
1.962110960757780867e-02 3.703452945159106391e-01
2.029769959404600921e-02 3.703452945159106391e-01
2.029769959404600921e-02 3.730534867975626168e-01
2.165087956698241028e-02 3.730534867975626168e-01
2.165087956698241028e-02 3.737305348679756389e-01
2.232746955345060735e-02 3.737305348679756389e-01
2.232746955345060735e-02 3.744075829383886056e-01
2.300405953991880789e-02 3.744075829383886056e-01
2.300405953991880789e-02 3.750846310088016278e-01
2.368064952638700843e-02 3.750846310088016278e-01
2.368064952638700843e-02 3.764387271496276166e-01
2.435723951285520897e-02 3.764387271496276166e-01
2.435723951285520897e-02 3.771157752200406388e-01
2.503382949932340951e-02 3.771157752200406388e-01
2.503382949932340951e-02 3.784698713608666276e-01
2.638700947225981058e-02 3.784698713608666276e-01
2.638700947225981058e-02 3.852403520649966273e-01
2.706359945872801112e-02 3.852403520649966273e-01
2.706359945872801112e-02 3.865944482058226161e-01
2.774018944519621166e-02 3.865944482058226161e-01
2.774018944519621166e-02 3.913337846987136048e-01
2.841677943166441220e-02 3.913337846987136048e-01
2.841677943166441220e-02 3.981042654028436045e-01
2.909336941813261274e-02 3.981042654028436045e-01
2.909336941813261274e-02 3.987813134732566267e-01
3.112313937753721088e-02 3.987813134732566267e-01
3.179972936400541489e-02 3.987813134732566267e-01
3.179972936400541489e-02 4.008124576844955822e-01
3.315290933694181597e-02 4.008124576844955822e-01
3.315290933694181597e-02 4.062288422477995931e-01
3.450608930987821704e-02 4.062288422477995931e-01
3.450608930987821704e-02 4.129993229519295928e-01
3.518267929634641411e-02 4.129993229519295928e-01
3.518267929634641411e-02 4.163845633039945926e-01
3.788903924221921626e-02 4.163845633039945926e-01
3.788903924221921626e-02 4.170616113744075593e-01
3.856562922868741333e-02 4.170616113744075593e-01
3.856562922868741333e-02 4.190927555856465703e-01
3.924221921515561734e-02 4.190927555856465703e-01
4.059539918809201842e-02 4.190927555856465703e-01
4.059539918809201842e-02 4.204468517264725591e-01
4.127198917456021549e-02 4.204468517264725591e-01
4.127198917456021549e-02 4.251861882193635478e-01
4.397834912043301764e-02 4.251861882193635478e-01
4.397834912043301764e-02 4.285714285714285476e-01
4.465493910690121471e-02 4.285714285714285476e-01
4.465493910690121471e-02 4.299255247122545920e-01
4.600811907983761578e-02 4.299255247122545920e-01
4.736129905277401686e-02 4.299255247122545920e-01
4.736129905277401686e-02 4.306025727826675586e-01
4.871447902571041794e-02 4.306025727826675586e-01
4.871447902571041794e-02 4.312796208530805808e-01
5.006765899864681901e-02 4.312796208530805808e-01
5.006765899864681901e-02 4.326337169939065697e-01
5.142083897158322009e-02 4.326337169939065697e-01
5.142083897158322009e-02 4.373730534867975583e-01
5.209742895805142410e-02 4.373730534867975583e-01
5.209742895805142410e-02 4.454976303317535469e-01
5.345060893098781823e-02 4.454976303317535469e-01
5.345060893098781823e-02 4.461746784021665690e-01
5.412719891745602224e-02 4.461746784021665690e-01
5.412719891745602224e-02 4.502369668246445356e-01
5.480378890392421931e-02 4.502369668246445356e-01
5.480378890392421931e-02 4.509140148950575577e-01
5.548037889039242332e-02 4.509140148950575577e-01
5.548037889039242332e-02 4.515910629654705244e-01
5.683355886332882440e-02 4.515910629654705244e-01
5.683355886332882440e-02 4.529451591062965687e-01
5.751014884979702146e-02 4.529451591062965687e-01
5.751014884979702146e-02 4.570074475287745353e-01
5.818673883626522547e-02 4.570074475287745353e-01
5.818673883626522547e-02 4.590385917400135463e-01
5.886332882273342254e-02 4.590385917400135463e-01
5.886332882273342254e-02 4.631008801624915128e-01
5.953991880920162655e-02 4.631008801624915128e-01
5.953991880920162655e-02 4.658090724441435460e-01
6.089309878213802762e-02 4.658090724441435460e-01
6.156968876860622469e-02 4.658090724441435460e-01
6.156968876860622469e-02 4.671631685849695348e-01
6.224627875507442176e-02 4.671631685849695348e-01
6.224627875507442176e-02 4.678402166553825570e-01
6.292286874154262577e-02 4.678402166553825570e-01
6.292286874154262577e-02 4.691943127962085458e-01
6.427604871447901991e-02 4.691943127962085458e-01
6.630581867388363193e-02 4.691943127962085458e-01
6.630581867388363193e-02 4.698713608666215125e-01
6.833558863328823008e-02 4.698713608666215125e-01
6.833558863328823008e-02 4.712254570074475013e-01
6.968876860622462421e-02 4.712254570074475013e-01
6.968876860622462421e-02 4.719025050778605235e-01
7.036535859269282822e-02 4.719025050778605235e-01
7.036535859269282822e-02 4.746106973595125011e-01
7.171853856562922236e-02 4.746106973595125011e-01
7.171853856562922236e-02 4.779959377115775010e-01
7.239512855209742637e-02 4.779959377115775010e-01
7.239512855209742637e-02 4.793500338524035453e-01
7.307171853856563037e-02 4.793500338524035453e-01
7.307171853856563037e-02 4.834123222748815119e-01
7.374830852503383438e-02 4.834123222748815119e-01
7.374830852503383438e-02 4.861205145565334895e-01
7.442489851150202451e-02 4.861205145565334895e-01
7.442489851150202451e-02 4.867975626269465117e-01
7.510148849797022852e-02 4.867975626269465117e-01
7.510148849797022852e-02 4.874746106973595339e-01
7.577807848443843253e-02 4.874746106973595339e-01
7.577807848443843253e-02 4.895057549085984894e-01
7.645466847090663653e-02 4.895057549085984894e-01
7.645466847090663653e-02 4.908598510494245337e-01
7.780784844384303067e-02 4.908598510494245337e-01
7.780784844384303067e-02 4.915368991198375004e-01
7.916102841677942481e-02 4.915368991198375004e-01
7.916102841677942481e-02 4.949221394719025002e-01
8.051420838971583283e-02 4.949221394719025002e-01
8.186738836265222696e-02 4.949221394719025002e-01
8.254397834912043097e-02 4.949221394719025002e-01
8.254397834912043097e-02 4.969532836831415112e-01
8.322056833558863498e-02 4.969532836831415112e-01
8.322056833558863498e-02 4.983073798239675001e-01
8.457374830852502912e-02 4.983073798239675001e-01
8.457374830852502912e-02 5.016926201760324444e-01
8.525033829499323312e-02 5.016926201760324444e-01
8.525033829499323312e-02 5.023696682464454666e-01
8.728010825439783127e-02 5.023696682464454666e-01
8.728010825439783127e-02 5.030467163168584888e-01
8.998646820027063342e-02 5.030467163168584888e-01
8.998646820027063342e-02 5.037237643872715109e-01
9.066305818673883743e-02 5.037237643872715109e-01
9.201623815967523157e-02 5.037237643872715109e-01
9.201623815967523157e-02 5.071090047393365108e-01
9.336941813261163958e-02 5.071090047393365108e-01
9.336941813261163958e-02 5.091401489505754663e-01
9.404600811907984359e-02 5.091401489505754663e-01
9.404600811907984359e-02 5.111712931618145328e-01
9.472259810554803372e-02 5.111712931618145328e-01
9.472259810554803372e-02 5.132024373730534883e-01
9.607577807848444174e-02 5.132024373730534883e-01
9.607577807848444174e-02 5.145565335138795326e-01
9.742895805142083587e-02 5.145565335138795326e-01
9.742895805142083587e-02 5.152335815842924438e-01
9.878213802435724389e-02 5.152335815842924438e-01
9.878213802435724389e-02 5.192958700067704658e-01
1.001353179972936380e-01 5.192958700067704658e-01
1.001353179972936380e-01 5.199729180771834880e-01
1.008119079837618420e-01 5.199729180771834880e-01
1.008119079837618420e-01 5.206499661475965102e-01
1.014884979702300460e-01 5.206499661475965102e-01
1.014884979702300460e-01 5.213270142180095323e-01
1.021650879566982362e-01 5.213270142180095323e-01
1.035182679296346442e-01 5.213270142180095323e-01
1.041948579161028482e-01 5.213270142180095323e-01
1.041948579161028482e-01 5.240352064996615100e-01
1.048714479025710383e-01 5.240352064996615100e-01
1.062246278755074463e-01 5.240352064996615100e-01
1.062246278755074463e-01 5.253893026404874433e-01
1.069012178619756365e-01 5.253893026404874433e-01
1.069012178619756365e-01 5.280974949221394210e-01
1.075778078484438405e-01 5.280974949221394210e-01
1.075778078484438405e-01 5.287745429925524432e-01
1.082543978349120445e-01 5.287745429925524432e-01
1.082543978349120445e-01 5.301286391333784875e-01
1.089309878213802485e-01 5.301286391333784875e-01
1.089309878213802485e-01 5.308056872037915097e-01
1.129905277401894448e-01 5.308056872037915097e-01
1.129905277401894448e-01 5.321597833446174430e-01
1.136671177266576488e-01 5.321597833446174430e-01
1.136671177266576488e-01 5.335138794854434874e-01
1.150202976995940429e-01 5.335138794854434874e-01
1.156968876860622469e-01 5.341909275558565096e-01
1.156968876860622469e-01 5.375761679079215094e-01
1.170500676589986411e-01 5.375761679079215094e-01
1.170500676589986411e-01 5.382532159783344206e-01
1.177266576454668451e-01 5.382532159783344206e-01
1.177266576454668451e-01 5.402843601895734871e-01
1.184032476319350491e-01 5.402843601895734871e-01
1.184032476319350491e-01 5.409614082599865093e-01
1.190798376184032531e-01 5.409614082599865093e-01
1.204330175913396472e-01 5.409614082599865093e-01
1.204330175913396472e-01 5.423155044008124426e-01
1.211096075778078512e-01 5.423155044008124426e-01
1.211096075778078512e-01 5.436696005416384869e-01
1.224627875507442454e-01 5.436696005416384869e-01
1.224627875507442454e-01 5.457007447528774424e-01
1.231393775372124494e-01 5.457007447528774424e-01
1.231393775372124494e-01 5.463777928232904646e-01
1.238159675236806534e-01 5.463777928232904646e-01
1.238159675236806534e-01 5.484089370345294201e-01
1.244925575101488435e-01 5.484089370345294201e-01
1.244925575101488435e-01 5.511171293161813978e-01
1.258457374830852515e-01 5.511171293161813978e-01
1.265223274695534417e-01 5.511171293161813978e-01
1.265223274695534417e-01 5.524712254570074421e-01
1.278755074424898497e-01 5.524712254570074421e-01
1.278755074424898497e-01 5.531482735274204643e-01
1.292286874154262577e-01 5.531482735274204643e-01
1.292286874154262577e-01 5.538253215978334865e-01
1.305818673883626657e-01 5.538253215978334865e-01
1.305818673883626657e-01 5.551794177386594198e-01
1.312584573748308558e-01 5.551794177386594198e-01
1.312584573748308558e-01 5.565335138794854641e-01
1.319350473612990460e-01 5.565335138794854641e-01
1.319350473612990460e-01 5.572105619498984863e-01
1.346414073071718620e-01 5.572105619498984863e-01
1.346414073071718620e-01 5.605958023019634862e-01
1.359945872801082423e-01 5.605958023019634862e-01
1.366711772665764602e-01 5.605958023019634862e-01
1.366711772665764602e-01 5.612728503723763973e-01
1.373477672530446503e-01 5.612728503723763973e-01
1.373477672530446503e-01 5.626269465132024417e-01
1.380243572395128682e-01 5.626269465132024417e-01
1.380243572395128682e-01 5.633039945836154638e-01
1.387009472259810583e-01 5.633039945836154638e-01
1.387009472259810583e-01 5.639810426540284860e-01
1.414073071718538466e-01 5.639810426540284860e-01
1.414073071718538466e-01 5.646580907244413972e-01
1.420838971583220645e-01 5.646580907244413972e-01
1.420838971583220645e-01 5.653351387948544193e-01
1.427604871447902546e-01 5.653351387948544193e-01
1.427604871447902546e-01 5.666892349356804637e-01
1.434370771312584447e-01 5.666892349356804637e-01
1.434370771312584447e-01 5.680433310765063970e-01
1.447902571041948527e-01 5.680433310765063970e-01
1.447902571041948527e-01 5.687203791469194192e-01
1.454668470906630706e-01 5.687203791469194192e-01
1.454668470906630706e-01 5.693974272173324414e-01
1.468200270635994509e-01 5.693974272173324414e-01
1.468200270635994509e-01 5.721056194989844190e-01
1.529093369418132731e-01 5.721056194989844190e-01
1.542625169147496533e-01 5.721056194989844190e-01
1.549391069012178712e-01 5.721056194989844190e-01
1.549391069012178712e-01 5.734597156398104634e-01
1.569688768606224694e-01 5.734597156398104634e-01
1.583220568335588496e-01 5.734597156398104634e-01
1.583220568335588496e-01 5.761679079214624410e-01
1.596752368064952576e-01 5.761679079214624410e-01
1.596752368064952576e-01 5.768449559918754632e-01
1.617050067658998558e-01 5.768449559918754632e-01
1.617050067658998558e-01 5.795531482735274409e-01
1.623815967523680737e-01 5.795531482735274409e-01
1.623815967523680737e-01 5.802301963439404631e-01
1.637347767253044539e-01 5.802301963439404631e-01
1.637347767253044539e-01 5.829383886255924407e-01
1.644113667117726718e-01 5.829383886255924407e-01
1.644113667117726718e-01 5.863236289776574406e-01
1.671177266576454601e-01 5.863236289776574406e-01
1.671177266576454601e-01 5.903859174001354626e-01
1.684709066305818681e-01 5.903859174001354626e-01
1.684709066305818681e-01 5.910629654705483738e-01
1.691474966170500582e-01 5.910629654705483738e-01
1.691474966170500582e-01 5.924170616113744181e-01
1.698240866035182761e-01 5.924170616113744181e-01
1.698240866035182761e-01 5.930941096817874403e-01
1.705006765899864662e-01 5.930941096817874403e-01
1.705006765899864662e-01 5.937711577522003514e-01
1.711772665764546564e-01 5.937711577522003514e-01
1.711772665764546564e-01 5.951252538930263958e-01
1.718538565629228743e-01 5.951252538930263958e-01
1.718538565629228743e-01 5.964793500338524401e-01
1.725304465493910644e-01 5.964793500338524401e-01
1.725304465493910644e-01 5.998645903859174400e-01
1.738836265223274724e-01 5.998645903859174400e-01
1.738836265223274724e-01 6.005416384563303511e-01
1.745602165087956625e-01 6.005416384563303511e-01
1.745602165087956625e-01 6.012186865267433733e-01
1.752368064952638804e-01 6.012186865267433733e-01
1.752368064952638804e-01 6.018957345971563955e-01
1.772665764546684786e-01 6.018957345971563955e-01
1.772665764546684786e-01 6.025727826675694176e-01
1.799729364005412668e-01 6.025727826675694176e-01
1.799729364005412668e-01 6.032498307379824398e-01
1.806495263870094847e-01 6.032498307379824398e-01
1.806495263870094847e-01 6.046039268788083731e-01
1.813261163734776749e-01 6.046039268788083731e-01
1.813261163734776749e-01 6.073121191604603508e-01
1.826792963464140829e-01 6.073121191604603508e-01
1.826792963464140829e-01 6.093432633716994173e-01
1.840324763193504631e-01 6.093432633716994173e-01
1.840324763193504631e-01 6.100203114421124395e-01
1.847090663058186810e-01 6.100203114421124395e-01
1.847090663058186810e-01 6.113744075829383728e-01
1.860622462787550613e-01 6.113744075829383728e-01
1.860622462787550613e-01 6.167907921462423282e-01
1.867388362652232792e-01 6.167907921462423282e-01
1.867388362652232792e-01 6.174678402166553504e-01
1.880920162381596872e-01 6.174678402166553504e-01
1.880920162381596872e-01 6.194989844278944169e-01
1.894451962110960674e-01 6.194989844278944169e-01
1.921515561569688835e-01 6.194989844278944169e-01
1.935047361299052637e-01 6.194989844278944169e-01
1.935047361299052637e-01 6.222071767095463946e-01
1.948579161028416717e-01 6.222071767095463946e-01
1.962110960757780798e-01 6.222071767095463946e-01
1.962110960757780798e-01 6.242383209207853501e-01
1.975642760487144878e-01 6.242383209207853501e-01
1.975642760487144878e-01 6.249153689911983722e-01
1.989174560216508680e-01 6.249153689911983722e-01
1.995940460081190859e-01 6.249153689911983722e-01
1.995940460081190859e-01 6.255924170616113944e-01
2.009472259810554939e-01 6.255924170616113944e-01
2.009472259810554939e-01 6.276235612728503499e-01
2.016238159675236841e-01 6.276235612728503499e-01
2.016238159675236841e-01 6.289776574136763942e-01
2.036535859269282822e-01 6.289776574136763942e-01
2.036535859269282822e-01 6.303317535545023276e-01
2.050067658998646902e-01 6.303317535545023276e-01
2.050067658998646902e-01 6.337169939065673274e-01
2.063599458728010705e-01 6.337169939065673274e-01
2.063599458728010705e-01 6.350710900473933718e-01
2.070365358592692884e-01 6.350710900473933718e-01
2.070365358592692884e-01 6.364251861882194161e-01
2.083897158322056964e-01 6.364251861882194161e-01
2.090663058186738865e-01 6.364251861882194161e-01
2.090663058186738865e-01 6.404874746106973271e-01
2.117726657645466748e-01 6.404874746106973271e-01
2.117726657645466748e-01 6.425186188219363936e-01
2.124492557510148927e-01 6.425186188219363936e-01
2.124492557510148927e-01 6.431956668923493048e-01
2.138024357239512729e-01 6.431956668923493048e-01
2.165087956698240890e-01 6.431956668923493048e-01
2.178619756427604970e-01 6.431956668923493048e-01
2.178619756427604970e-01 6.445497630331753491e-01
2.205683355886332853e-01 6.445497630331753491e-01
2.205683355886332853e-01 6.452268111035883713e-01
2.212449255751014754e-01 6.452268111035883713e-01
2.212449255751014754e-01 6.459038591740013935e-01
2.219215155615696933e-01 6.459038591740013935e-01
2.239512855209742914e-01 6.459038591740013935e-01
2.259810554803788896e-01 6.459038591740013935e-01
2.280108254397834877e-01 6.459038591740013935e-01
2.334235453315290920e-01 6.459038591740013935e-01
2.334235453315290920e-01 6.492890995260663933e-01
2.347767253044655000e-01 6.492890995260663933e-01
2.374830852503382883e-01 6.492890995260663933e-01
2.381596752368065062e-01 6.492890995260663933e-01
2.381596752368065062e-01 6.506431956668923267e-01
2.395128552097428865e-01 6.506431956668923267e-01
2.395128552097428865e-01 6.526743398781313932e-01
2.408660351826792945e-01 6.526743398781313932e-01
2.422192151556157025e-01 6.526743398781313932e-01
2.442489851150203006e-01 6.526743398781313932e-01
2.449255751014884908e-01 6.526743398781313932e-01
2.449255751014884908e-01 6.533513879485443043e-01
2.462787550744248988e-01 6.533513879485443043e-01
2.462787550744248988e-01 6.547054840893703487e-01
2.476319350473613068e-01 6.547054840893703487e-01
2.476319350473613068e-01 6.587677725118483707e-01
2.489851150202976870e-01 6.587677725118483707e-01
2.489851150202976870e-01 6.594448205822613929e-01
2.496617050067659049e-01 6.594448205822613929e-01
2.496617050067659049e-01 6.601218686526743040e-01
2.516914749661705031e-01 6.601218686526743040e-01
2.516914749661705031e-01 6.621530128639133705e-01
2.543978349120433191e-01 6.621530128639133705e-01
2.543978349120433191e-01 6.648612051455653482e-01
2.557510148849796994e-01 6.648612051455653482e-01
2.571041948579160796e-01 6.648612051455653482e-01
2.571041948579160796e-01 6.662153012863912815e-01
2.577807848443843253e-01 6.662153012863912815e-01
2.577807848443843253e-01 6.668923493568043037e-01
2.584573748308525154e-01 6.668923493568043037e-01
2.598105548037888957e-01 6.668923493568043037e-01
2.611637347767253314e-01 6.668923493568043037e-01
2.611637347767253314e-01 6.682464454976303481e-01
2.618403247631935216e-01 6.682464454976303481e-01
2.618403247631935216e-01 6.702775897088693036e-01
2.631935047361299018e-01 6.702775897088693036e-01
2.631935047361299018e-01 6.709546377792823257e-01
2.638700947225980920e-01 6.709546377792823257e-01
2.638700947225980920e-01 6.716316858496953479e-01
2.658998646820027179e-01 6.716316858496953479e-01
2.658998646820027179e-01 6.756939742721733699e-01
2.665764546684709080e-01 6.756939742721733699e-01
2.679296346414072882e-01 6.756939742721733699e-01
2.679296346414072882e-01 6.763710223425862811e-01
2.719891745602164845e-01 6.763710223425862811e-01
2.719891745602164845e-01 6.770480704129993033e-01
2.746955345060893006e-01 6.770480704129993033e-01
2.746955345060893006e-01 6.784021665538253476e-01
2.753721244925574907e-01 6.784021665538253476e-01
2.753721244925574907e-01 6.797562626946512809e-01
2.760487144790257363e-01 6.797562626946512809e-01
2.760487144790257363e-01 6.811103588354773253e-01
2.774018944519621166e-01 6.811103588354773253e-01
2.774018944519621166e-01 6.844955991875423251e-01
2.780784844384303067e-01 6.844955991875423251e-01
2.780784844384303067e-01 6.878808395396073250e-01
2.787550744248984969e-01 6.878808395396073250e-01
2.787550744248984969e-01 6.892349356804332583e-01
2.814614343707713129e-01 6.892349356804332583e-01
2.814614343707713129e-01 6.899119837508462805e-01
2.821380243572395030e-01 6.899119837508462805e-01
2.834912043301759388e-01 6.899119837508462805e-01
2.841677943166441289e-01 6.899119837508462805e-01
2.861975642760486993e-01 6.899119837508462805e-01
2.861975642760486993e-01 6.905890318212593026e-01
2.875507442489851351e-01 6.905890318212593026e-01
2.875507442489851351e-01 6.912660798916723248e-01
2.889039242219215153e-01 6.912660798916723248e-01
2.889039242219215153e-01 6.926201760324982581e-01
2.909336941813261412e-01 6.926201760324982581e-01
2.909336941813261412e-01 6.932972241029112803e-01
2.936400541271989018e-01 6.932972241029112803e-01
2.936400541271989018e-01 6.939742721733243025e-01
2.943166441136670919e-01 6.939742721733243025e-01
2.943166441136670919e-01 6.953283683141503468e-01
2.956698240866035277e-01 6.953283683141503468e-01
2.956698240866035277e-01 6.960054163845632580e-01
2.963464140730717178e-01 6.960054163845632580e-01
2.963464140730717178e-01 6.966824644549762802e-01
2.970230040595399079e-01 6.966824644549762802e-01
2.970230040595399079e-01 6.973595125253893023e-01
2.976995940460080980e-01 6.973595125253893023e-01
2.976995940460080980e-01 6.987136086662153467e-01
2.983761840324763437e-01 6.987136086662153467e-01
2.997293640054127239e-01 6.987136086662153467e-01
3.010825439783491042e-01 6.987136086662153467e-01
3.010825439783491042e-01 7.000677048070412800e-01
3.024357239512855400e-01 7.000677048070412800e-01
3.044654939106901104e-01 7.000677048070412800e-01
3.058186738836265461e-01 7.000677048070412800e-01
3.058186738836265461e-01 7.014218009478673244e-01
3.064952638700947363e-01 7.014218009478673244e-01
3.064952638700947363e-01 7.020988490182803465e-01
3.071718538565629264e-01 7.020988490182803465e-01
3.071718538565629264e-01 7.041299932295193020e-01
3.085250338294993067e-01 7.041299932295193020e-01
3.085250338294993067e-01 7.048070412999323242e-01
3.092016238159674968e-01 7.048070412999323242e-01
3.092016238159674968e-01 7.068381855111712797e-01
3.098782138024357424e-01 7.068381855111712797e-01
3.098782138024357424e-01 7.075152335815843019e-01
3.112313937753721227e-01 7.075152335815843019e-01
3.119079837618403128e-01 7.075152335815843019e-01
3.132611637347767486e-01 7.075152335815843019e-01
3.139377537212449387e-01 7.075152335815843019e-01
3.139377537212449387e-01 7.081922816519973241e-01
3.152909336941813190e-01 7.081922816519973241e-01
3.152909336941813190e-01 7.088693297224103462e-01
3.159675236806495091e-01 7.088693297224103462e-01
3.159675236806495091e-01 7.095463777928232574e-01
3.166441136671176992e-01 7.095463777928232574e-01
3.193504736129905153e-01 7.095463777928232574e-01
3.200270635994587054e-01 7.095463777928232574e-01
3.200270635994587054e-01 7.102234258632362796e-01
3.234100135317997116e-01 7.102234258632362796e-01
3.234100135317997116e-01 7.109004739336493017e-01
3.247631935047361473e-01 7.109004739336493017e-01
3.247631935047361473e-01 7.122545700744752351e-01
3.254397834912043375e-01 7.122545700744752351e-01
3.254397834912043375e-01 7.136086662153012794e-01
3.261163734776725276e-01 7.136086662153012794e-01
3.261163734776725276e-01 7.142857142857143016e-01
3.274695534506089079e-01 7.142857142857143016e-01
3.274695534506089079e-01 7.149627623561273237e-01
3.281461434370771535e-01 7.149627623561273237e-01
3.281461434370771535e-01 7.156398104265402349e-01
3.294993234100135338e-01 7.156398104265402349e-01
3.294993234100135338e-01 7.163168584969532571e-01
3.322056833558863498e-01 7.163168584969532571e-01
3.322056833558863498e-01 7.176709546377793014e-01
3.328822733423545399e-01 7.176709546377793014e-01
3.328822733423545399e-01 7.183480027081923236e-01
3.335588633288227300e-01 7.183480027081923236e-01
3.335588633288227300e-01 7.197020988490182569e-01
3.342354533152909202e-01 7.197020988490182569e-01
3.342354533152909202e-01 7.210561949898443013e-01
3.349120433017591103e-01 7.210561949898443013e-01
3.349120433017591103e-01 7.217332430602573234e-01
3.376184032476319263e-01 7.217332430602573234e-01
3.376184032476319263e-01 7.237643872714962789e-01
3.382949932341001165e-01 7.237643872714962789e-01
3.382949932341001165e-01 7.251184834123223233e-01
3.396481732070365522e-01 7.251184834123223233e-01
3.416779431664411226e-01 7.251184834123223233e-01
3.416779431664411226e-01 7.257955314827352344e-01
3.437077131258457485e-01 7.257955314827352344e-01
3.437077131258457485e-01 7.291807718348002343e-01
3.457374830852503189e-01 7.291807718348002343e-01
3.470906630581867547e-01 7.291807718348002343e-01
3.484438430311231349e-01 7.291807718348002343e-01
3.484438430311231349e-01 7.298578199052132565e-01
3.504736129905277608e-01 7.298578199052132565e-01
3.504736129905277608e-01 7.312119160460393008e-01
3.565629228687415275e-01 7.312119160460393008e-01
3.579161028416779633e-01 7.312119160460393008e-01
3.579161028416779633e-01 7.318889641164523230e-01
3.585926928281461534e-01 7.318889641164523230e-01
3.585926928281461534e-01 7.325660121868652341e-01
3.592692828146143436e-01 7.325660121868652341e-01
3.592692828146143436e-01 7.332430602572782563e-01
3.606224627875507238e-01 7.332430602572782563e-01
3.619756427604871596e-01 7.332430602572782563e-01
3.640054127198917300e-01 7.332430602572782563e-01
3.646820027063599201e-01 7.332430602572782563e-01
3.646820027063599201e-01 7.339201083276912785e-01
3.653585926928281657e-01 7.339201083276912785e-01
3.653585926928281657e-01 7.345971563981043007e-01
3.660351826792963559e-01 7.345971563981043007e-01
3.660351826792963559e-01 7.359512525389302340e-01
3.667117726657645460e-01 7.359512525389302340e-01
3.667117726657645460e-01 7.386594448205822117e-01
3.673883626522327361e-01 7.386594448205822117e-01
3.673883626522327361e-01 7.393364928909952338e-01
3.707713125845737423e-01 7.393364928909952338e-01
3.707713125845737423e-01 7.420446851726472115e-01
3.721244925575101226e-01 7.420446851726472115e-01
3.721244925575101226e-01 7.427217332430602337e-01
3.734776725304465583e-01 7.427217332430602337e-01
3.748308525033829386e-01 7.427217332430602337e-01
3.761840324763193744e-01 7.427217332430602337e-01
3.761840324763193744e-01 7.440758293838862780e-01
3.775372124492557546e-01 7.440758293838862780e-01
3.775372124492557546e-01 7.447528774542993002e-01
3.788903924221921349e-01 7.447528774542993002e-01
3.795669824086603250e-01 7.447528774542993002e-01
3.795669824086603250e-01 7.454299255247122113e-01
3.802435723951285707e-01 7.454299255247122113e-01
3.802435723951285707e-01 7.461069735951252335e-01
3.809201623815967608e-01 7.461069735951252335e-01
3.809201623815967608e-01 7.467840216655382557e-01
3.815967523680649509e-01 7.467840216655382557e-01
3.815967523680649509e-01 7.474610697359512779e-01
3.843031123139377669e-01 7.474610697359512779e-01
3.843031123139377669e-01 7.481381178063643000e-01
3.849797023004059571e-01 7.481381178063643000e-01
3.849797023004059571e-01 7.488151658767772112e-01
3.856562922868741472e-01 7.488151658767772112e-01
3.856562922868741472e-01 7.494922139471902334e-01
3.870094722598105275e-01 7.494922139471902334e-01
3.883626522327469632e-01 7.494922139471902334e-01
3.903924221921515336e-01 7.494922139471902334e-01
3.917456021650879694e-01 7.494922139471902334e-01
3.924221921515561595e-01 7.494922139471902334e-01
3.937753721244925398e-01 7.494922139471902334e-01
3.944519621109607854e-01 7.494922139471902334e-01
3.964817320703653558e-01 7.494922139471902334e-01
3.971583220568335459e-01 7.494922139471902334e-01
3.971583220568335459e-01 7.501692620176032555e-01
3.985115020297699817e-01 7.501692620176032555e-01
4.012178619756427422e-01 7.501692620176032555e-01
4.012178619756427422e-01 7.508463100880162777e-01
4.032476319350473681e-01 7.508463100880162777e-01
4.046008119079837484e-01 7.508463100880162777e-01
4.066305818673883743e-01 7.508463100880162777e-01
4.066305818673883743e-01 7.528774542992552332e-01
4.086603518267929447e-01 7.528774542992552332e-01
4.093369418132611903e-01 7.528774542992552332e-01
4.093369418132611903e-01 7.549085985104942997e-01
4.100135317997293805e-01 7.549085985104942997e-01
4.100135317997293805e-01 7.576167907921462774e-01
4.106901217861975706e-01 7.576167907921462774e-01
4.106901217861975706e-01 7.582938388625591886e-01
4.120433017591339508e-01 7.582938388625591886e-01
4.127198917456021410e-01 7.582938388625591886e-01
4.140730717185385767e-01 7.582938388625591886e-01
4.140730717185385767e-01 7.610020311442112773e-01
4.147496617050067669e-01 7.610020311442112773e-01
4.147496617050067669e-01 7.616790792146241884e-01
4.154262516914749570e-01 7.616790792146241884e-01
4.154262516914749570e-01 7.623561272850372106e-01
4.161028416779431471e-01 7.623561272850372106e-01
4.161028416779431471e-01 7.637102234258632549e-01
4.167794316644113928e-01 7.637102234258632549e-01
4.167794316644113928e-01 7.657413676371022104e-01
4.181326116373477730e-01 7.657413676371022104e-01
4.181326116373477730e-01 7.677725118483412770e-01
4.188092016238159632e-01 7.677725118483412770e-01
4.201623815967523434e-01 7.677725118483412770e-01
4.208389715832205891e-01 7.677725118483412770e-01
4.208389715832205891e-01 7.684495599187541881e-01
4.221921515561569693e-01 7.684495599187541881e-01
4.235453315290933496e-01 7.684495599187541881e-01
4.235453315290933496e-01 7.691266079891672103e-01
4.248985115020297854e-01 7.691266079891672103e-01
4.248985115020297854e-01 7.698036560595802325e-01
4.296346414073071718e-01 7.698036560595802325e-01
4.296346414073071718e-01 7.704807041299932546e-01
4.303112313937753619e-01 7.704807041299932546e-01
4.303112313937753619e-01 7.711577522004062768e-01
4.330175913396481779e-01 7.711577522004062768e-01
4.357239512855209940e-01 7.711577522004062768e-01
4.370771312584573742e-01 7.711577522004062768e-01
4.370771312584573742e-01 7.725118483412322101e-01
4.377537212449255644e-01 7.725118483412322101e-01
4.377537212449255644e-01 7.731888964116452323e-01
4.391069012178620001e-01 7.731888964116452323e-01
4.391069012178620001e-01 7.738659444820582545e-01
4.404600811907983804e-01 7.738659444820582545e-01
4.404600811907983804e-01 7.745429925524712766e-01
4.411366711772665705e-01 7.745429925524712766e-01
4.411366711772665705e-01 7.752200406228841878e-01
4.418132611637347607e-01 7.752200406228841878e-01
4.431664411366711964e-01 7.752200406228841878e-01
4.451962110960757668e-01 7.752200406228841878e-01
4.451962110960757668e-01 7.758970886932972100e-01
4.465493910690122026e-01 7.758970886932972100e-01
4.479025710419485828e-01 7.758970886932972100e-01
4.479025710419485828e-01 7.765741367637102321e-01
4.492557510148849631e-01 7.765741367637102321e-01
4.499323410013531532e-01 7.765741367637102321e-01
4.499323410013531532e-01 7.792823290453622098e-01
4.512855209742895890e-01 7.792823290453622098e-01
4.512855209742895890e-01 7.806364251861882542e-01
4.526387009472259693e-01 7.806364251861882542e-01
4.546684709066305952e-01 7.806364251861882542e-01
4.546684709066305952e-01 7.813134732566011653e-01
4.553450608930987853e-01 7.813134732566011653e-01
4.580514208389716013e-01 7.813134732566011653e-01
4.580514208389716013e-01 7.833446174678402318e-01
4.587280108254397915e-01 7.833446174678402318e-01
4.587280108254397915e-01 7.846987136086661652e-01
4.594046008119079816e-01 7.846987136086661652e-01
4.607577807848443618e-01 7.846987136086661652e-01
4.614343707713126075e-01 7.846987136086661652e-01
4.627875507442489877e-01 7.846987136086661652e-01
4.634641407307171779e-01 7.846987136086661652e-01
4.648173207036536136e-01 7.846987136086661652e-01
4.668470906630581840e-01 7.846987136086661652e-01
4.668470906630581840e-01 7.853757616790791873e-01
4.675236806495263742e-01 7.853757616790791873e-01
4.675236806495263742e-01 7.867298578199052317e-01
4.695534506089310001e-01 7.867298578199052317e-01
4.709066305818673803e-01 7.867298578199052317e-01
4.736129905277401964e-01 7.867298578199052317e-01
4.736129905277401964e-01 7.880839539607311650e-01
4.742895805142083865e-01 7.880839539607311650e-01
4.763193504736130124e-01 7.880839539607311650e-01
4.763193504736130124e-01 7.921462423832091870e-01
4.769959404600812025e-01 7.921462423832091870e-01
4.769959404600812025e-01 7.935003385240352314e-01
4.776725304465493926e-01 7.935003385240352314e-01
4.776725304465493926e-01 7.941773865944482536e-01
4.783491204330175828e-01 7.941773865944482536e-01
4.783491204330175828e-01 7.948544346648611647e-01
4.797023004059540185e-01 7.948544346648611647e-01
4.817320703653585889e-01 7.948544346648611647e-01
4.817320703653585889e-01 7.955314827352741869e-01
4.830852503382949692e-01 7.955314827352741869e-01
4.830852503382949692e-01 7.982396750169261646e-01
4.857916102841677852e-01 7.982396750169261646e-01
4.857916102841677852e-01 7.995937711577522089e-01
4.878213802435724111e-01 7.995937711577522089e-01
4.878213802435724111e-01 8.002708192281652311e-01
4.898511502029769815e-01 8.002708192281652311e-01
4.898511502029769815e-01 8.016249153689911644e-01
4.918809201623816074e-01 8.016249153689911644e-01
4.959404600811908037e-01 8.016249153689911644e-01
4.959404600811908037e-01 8.023019634394041866e-01
4.966170500676589938e-01 8.023019634394041866e-01
4.966170500676589938e-01 8.029790115098172087e-01
4.979702300405953741e-01 8.029790115098172087e-01
5.006765899864682456e-01 8.029790115098172087e-01
5.006765899864682456e-01 8.043331076506431421e-01
5.013531799729363803e-01 8.043331076506431421e-01
5.033829499323410062e-01 8.043331076506431421e-01
5.033829499323410062e-01 8.050101557210561642e-01
5.040595399188092518e-01 8.050101557210561642e-01
5.040595399188092518e-01 8.056872037914691864e-01
5.054127198917456321e-01 8.056872037914691864e-01
5.060893098782137667e-01 8.056872037914691864e-01
5.060893098782137667e-01 8.070412999322952308e-01
5.067658998646820123e-01 8.070412999322952308e-01
5.067658998646820123e-01 8.097494922139472084e-01
5.101488497970230185e-01 8.097494922139472084e-01
5.121786197564276444e-01 8.097494922139472084e-01
5.121786197564276444e-01 8.104265402843602306e-01
5.128552097428957790e-01 8.104265402843602306e-01
5.128552097428957790e-01 8.117806364251861639e-01
5.142083897158321593e-01 8.117806364251861639e-01
5.142083897158321593e-01 8.151658767772511638e-01
5.148849797023004049e-01 8.151658767772511638e-01
5.162381596752367852e-01 8.151658767772511638e-01
5.169147496617050308e-01 8.151658767772511638e-01
5.169147496617050308e-01 8.171970209884902303e-01
5.182679296346414111e-01 8.171970209884902303e-01
5.196211096075777913e-01 8.171970209884902303e-01
5.202976995940460370e-01 8.171970209884902303e-01
5.202976995940460370e-01 8.185511171293161636e-01
5.209742895805141716e-01 8.185511171293161636e-01
5.209742895805141716e-01 8.199052132701422080e-01
5.223274695534506629e-01 8.199052132701422080e-01
5.223274695534506629e-01 8.205822613405552302e-01
5.236806495263870431e-01 8.205822613405552302e-01
5.236806495263870431e-01 8.212593094109681413e-01
5.243572395128551777e-01 8.212593094109681413e-01
5.243572395128551777e-01 8.219363574813811635e-01
5.250338294993234234e-01 8.219363574813811635e-01
5.270635994587280493e-01 8.219363574813811635e-01
5.277401894451961839e-01 8.219363574813811635e-01
5.277401894451961839e-01 8.226134055517941857e-01
5.304465493910690554e-01 8.226134055517941857e-01
5.304465493910690554e-01 8.232904536222072078e-01
5.324763193504735703e-01 8.232904536222072078e-01
5.324763193504735703e-01 8.239675016926202300e-01
5.331529093369418160e-01 8.239675016926202300e-01
5.351826792963464419e-01 8.239675016926202300e-01
5.358592692828145765e-01 8.239675016926202300e-01
5.358592692828145765e-01 8.253215978334461633e-01
5.372124492557510678e-01 8.253215978334461633e-01
5.372124492557510678e-01 8.259986459038591855e-01
5.385656292286874480e-01 8.259986459038591855e-01
5.385656292286874480e-01 8.273527420446851188e-01
5.399188092016238283e-01 8.273527420446851188e-01
5.405953991880919629e-01 8.273527420446851188e-01
5.419485791610284542e-01 8.273527420446851188e-01
5.460081190798375950e-01 8.273527420446851188e-01
5.460081190798375950e-01 8.280297901150981410e-01
5.473612990527739752e-01 8.280297901150981410e-01
5.473612990527739752e-01 8.287068381855111632e-01
5.480378890392422209e-01 8.287068381855111632e-01
5.493910690121786011e-01 8.287068381855111632e-01
5.500676589986468468e-01 8.287068381855111632e-01
5.514208389715832270e-01 8.287068381855111632e-01
5.527740189445196073e-01 8.287068381855111632e-01
5.527740189445196073e-01 8.307379823967501187e-01
5.548037889039242332e-01 8.307379823967501187e-01
5.568335588633288591e-01 8.307379823967501187e-01
5.581867388362652393e-01 8.307379823967501187e-01
5.581867388362652393e-01 8.314150304671631408e-01
5.588633288227333740e-01 8.314150304671631408e-01
5.602165087956698653e-01 8.314150304671631408e-01
5.608930987821379999e-01 8.314150304671631408e-01
5.608930987821379999e-01 8.327691266079891852e-01
5.629228687415426258e-01 8.327691266079891852e-01
5.642760487144790060e-01 8.327691266079891852e-01
5.642760487144790060e-01 8.341232227488151185e-01
5.656292286874153863e-01 8.341232227488151185e-01
5.656292286874153863e-01 8.348002708192281407e-01
5.710419485791610184e-01 8.348002708192281407e-01
5.723951285520973986e-01 8.348002708192281407e-01
5.744248985115020245e-01 8.348002708192281407e-01
5.744248985115020245e-01 8.354773188896411629e-01
5.751014884979702702e-01 8.354773188896411629e-01
5.751014884979702702e-01 8.368314150304672072e-01
5.764546684709066504e-01 8.368314150304672072e-01
5.771312584573747850e-01 8.368314150304672072e-01
5.771312584573747850e-01 8.375084631008801184e-01
5.784844384303112763e-01 8.375084631008801184e-01
5.832205683355886627e-01 8.375084631008801184e-01
5.832205683355886627e-01 8.381855111712931405e-01
5.838971583220567974e-01 8.381855111712931405e-01
5.838971583220567974e-01 8.408937034529451182e-01
5.845737483085250430e-01 8.408937034529451182e-01
5.845737483085250430e-01 8.415707515233581404e-01
5.859269282814614233e-01 8.415707515233581404e-01
5.859269282814614233e-01 8.429248476641841847e-01
5.872801082543978035e-01 8.429248476641841847e-01
5.872801082543978035e-01 8.442789438050101181e-01
5.879566982408660492e-01 8.442789438050101181e-01
5.893098782138024294e-01 8.442789438050101181e-01
5.899864682002706751e-01 8.442789438050101181e-01
5.899864682002706751e-01 8.449559918754231402e-01
5.906630581867388097e-01 8.449559918754231402e-01
5.906630581867388097e-01 8.483412322274881401e-01
5.913396481732070553e-01 8.483412322274881401e-01
5.913396481732070553e-01 8.490182802979011623e-01
5.933694181326116812e-01 8.490182802979011623e-01
5.933694181326116812e-01 8.503723764387270956e-01
5.940460081190798158e-01 8.503723764387270956e-01
5.940460081190798158e-01 8.517264725795531399e-01
5.974289580514208220e-01 8.517264725795531399e-01
5.974289580514208220e-01 8.537576167907920954e-01
5.981055480378890676e-01 8.537576167907920954e-01
5.981055480378890676e-01 8.544346648612051176e-01
5.994587280108254479e-01 8.544346648612051176e-01
5.994587280108254479e-01 8.557887610020311620e-01
6.008119079837618282e-01 8.557887610020311620e-01
6.008119079837618282e-01 8.564658090724441841e-01
6.028416779431664541e-01 8.564658090724441841e-01
6.035182679296345887e-01 8.564658090724441841e-01
6.035182679296345887e-01 8.578199052132701175e-01
6.041948579161028343e-01 8.578199052132701175e-01
6.041948579161028343e-01 8.584969532836831396e-01
6.048714479025710800e-01 8.584969532836831396e-01
6.048714479025710800e-01 8.598510494245091840e-01
6.075778078484438405e-01 8.598510494245091840e-01
6.075778078484438405e-01 8.605280974949220951e-01
6.096075778078484664e-01 8.605280974949220951e-01
6.096075778078484664e-01 8.612051455653351173e-01
6.109607577807848466e-01 8.612051455653351173e-01
6.136671177266576072e-01 8.612051455653351173e-01
6.143437077131258528e-01 8.612051455653351173e-01
6.156968876860622331e-01 8.612051455653351173e-01
6.156968876860622331e-01 8.625592417061611616e-01
6.170500676589986133e-01 8.625592417061611616e-01
6.190798376184032392e-01 8.625592417061611616e-01
6.197564276048714849e-01 8.625592417061611616e-01
6.224627875507442454e-01 8.625592417061611616e-01
6.224627875507442454e-01 8.632362897765741838e-01
6.238159675236806256e-01 8.632362897765741838e-01
6.238159675236806256e-01 8.639133378469870950e-01
6.251691474966170059e-01 8.639133378469870950e-01
6.258457374830852515e-01 8.639133378469870950e-01
6.258457374830852515e-01 8.645903859174001171e-01
6.278755074424898774e-01 8.645903859174001171e-01
6.278755074424898774e-01 8.652674339878131393e-01
6.299052774018945033e-01 8.652674339878131393e-01
6.312584573748308836e-01 8.652674339878131393e-01
6.326116373477672639e-01 8.652674339878131393e-01
6.326116373477672639e-01 8.659444820582261615e-01
6.339648173207036441e-01 8.659444820582261615e-01
6.346414073071718898e-01 8.659444820582261615e-01
6.346414073071718898e-01 8.666215301286391837e-01
6.353179972936400244e-01 8.666215301286391837e-01
6.373477672530446503e-01 8.666215301286391837e-01
6.380243572395128959e-01 8.666215301286391837e-01
6.380243572395128959e-01 8.672985781990520948e-01
6.393775372124492762e-01 8.672985781990520948e-01
6.393775372124492762e-01 8.679756262694651170e-01
6.454668470906630429e-01 8.679756262694651170e-01
6.454668470906630429e-01 8.686526743398781392e-01
6.468200270635994231e-01 8.686526743398781392e-01
6.481732070365359144e-01 8.686526743398781392e-01
6.495263870094722947e-01 8.686526743398781392e-01
6.522327469553450552e-01 8.686526743398781392e-01
6.522327469553450552e-01 8.693297224102911613e-01
6.529093369418133008e-01 8.693297224102911613e-01
6.529093369418133008e-01 8.700067704807041835e-01
6.542625169147496811e-01 8.700067704807041835e-01
6.542625169147496811e-01 8.706838185511170947e-01
6.556156968876860613e-01 8.706838185511170947e-01
6.556156968876860613e-01 8.713608666215301168e-01
6.569688768606224416e-01 8.713608666215301168e-01
6.569688768606224416e-01 8.720379146919431390e-01
6.576454668470906872e-01 8.720379146919431390e-01
6.576454668470906872e-01 8.727149627623561612e-01
6.589986468200270675e-01 8.727149627623561612e-01
6.603518267929634478e-01 8.727149627623561612e-01
6.617050067658998280e-01 8.727149627623561612e-01
6.617050067658998280e-01 8.740690589031820945e-01
6.630581867388363193e-01 8.740690589031820945e-01
6.630581867388363193e-01 8.747461069735951167e-01
6.677943166441137057e-01 8.747461069735951167e-01
6.677943166441137057e-01 8.761002031144211610e-01
6.684709066305818403e-01 8.761002031144211610e-01
6.684709066305818403e-01 8.774542992552470944e-01
6.705006765899864662e-01 8.774542992552470944e-01
6.705006765899864662e-01 8.781313473256601165e-01
6.718538565629228465e-01 8.781313473256601165e-01
6.718538565629228465e-01 8.788083953960731387e-01
6.725304465493910921e-01 8.788083953960731387e-01
6.738836265223274724e-01 8.788083953960731387e-01
6.752368064952638527e-01 8.788083953960731387e-01
6.765899864682002329e-01 8.788083953960731387e-01
6.772665764546684786e-01 8.788083953960731387e-01
6.786197564276048588e-01 8.788083953960731387e-01
6.792963464140731045e-01 8.788083953960731387e-01
6.813261163734776193e-01 8.788083953960731387e-01
6.826792963464141106e-01 8.788083953960731387e-01
6.840324763193504909e-01 8.788083953960731387e-01
6.874154262516914971e-01 8.788083953960731387e-01
6.874154262516914971e-01 8.801624915368990720e-01
6.887686062246278773e-01 8.801624915368990720e-01
6.901217861975642576e-01 8.801624915368990720e-01
6.921515561569688835e-01 8.801624915368990720e-01
6.921515561569688835e-01 8.821936357481381386e-01
6.928281461434371291e-01 8.821936357481381386e-01
6.928281461434371291e-01 8.828706838185511607e-01
6.941813261163735094e-01 8.828706838185511607e-01
6.941813261163735094e-01 8.842247799593770941e-01
6.948579161028416440e-01 8.842247799593770941e-01
6.948579161028416440e-01 8.849018280297901162e-01
6.955345060893098896e-01 8.849018280297901162e-01
6.955345060893098896e-01 8.855788761002031384e-01
6.962110960757780243e-01 8.855788761002031384e-01
6.962110960757780243e-01 8.882870683818551161e-01
6.968876860622462699e-01 8.882870683818551161e-01
6.968876860622462699e-01 8.889641164522681382e-01
6.975642760487145155e-01 8.889641164522681382e-01
6.975642760487145155e-01 8.896411645226811604e-01
6.982408660351826502e-01 8.896411645226811604e-01
6.982408660351826502e-01 8.916723087339201159e-01
6.995940460081190304e-01 8.916723087339201159e-01
6.995940460081190304e-01 8.923493568043331381e-01
7.009472259810555217e-01 8.923493568043331381e-01
7.023004059539919020e-01 8.923493568043331381e-01
7.029769959404600366e-01 8.923493568043331381e-01
7.029769959404600366e-01 8.930264048747461603e-01
7.043301759133965279e-01 8.930264048747461603e-01
7.050067658998646625e-01 8.930264048747461603e-01
7.050067658998646625e-01 8.937034529451590714e-01
7.070365358592692884e-01 8.937034529451590714e-01
7.077131258457375340e-01 8.937034529451590714e-01
7.104194857916102945e-01 8.937034529451590714e-01
7.110960757780784292e-01 8.937034529451590714e-01
7.110960757780784292e-01 8.943805010155720936e-01
7.131258457374830551e-01 8.943805010155720936e-01
7.131258457374830551e-01 8.950575490859851158e-01
7.158322056833559266e-01 8.950575490859851158e-01
7.158322056833559266e-01 8.957345971563981379e-01
7.165087956698240612e-01 8.957345971563981379e-01
7.178619756427604415e-01 8.957345971563981379e-01
7.178619756427604415e-01 8.970886932972240713e-01
7.192151556156969328e-01 8.970886932972240713e-01
7.192151556156969328e-01 8.977657413676370934e-01
7.198917456021650674e-01 8.977657413676370934e-01
7.198917456021650674e-01 8.984427894380501156e-01
7.205683355886333130e-01 8.984427894380501156e-01
7.205683355886333130e-01 8.991198375084631378e-01
7.219215155615696933e-01 8.991198375084631378e-01
7.219215155615696933e-01 8.997968855788760489e-01
7.225981055480379389e-01 8.997968855788760489e-01
7.225981055480379389e-01 9.004739336492890711e-01
7.246278755074424538e-01 9.004739336492890711e-01
7.259810554803789451e-01 9.004739336492890711e-01
7.266576454668470797e-01 9.004739336492890711e-01
7.293640054127198402e-01 9.004739336492890711e-01
7.300405953991880859e-01 9.004739336492890711e-01
7.300405953991880859e-01 9.011509817197020933e-01
7.307171853856563315e-01 9.011509817197020933e-01
7.320703653585927118e-01 9.011509817197020933e-01
7.320703653585927118e-01 9.025050778605281376e-01
7.327469553450608464e-01 9.025050778605281376e-01
7.327469553450608464e-01 9.031821259309410488e-01
7.341001353179973377e-01 9.031821259309410488e-01
7.341001353179973377e-01 9.038591740013540710e-01
7.347767253044654723e-01 9.038591740013540710e-01
7.347767253044654723e-01 9.045362220717670931e-01
7.361299052774018525e-01 9.045362220717670931e-01
7.374830852503383438e-01 9.045362220717670931e-01
7.388362652232747241e-01 9.045362220717670931e-01
7.415426251691474846e-01 9.045362220717670931e-01
7.435723951285521105e-01 9.045362220717670931e-01
7.435723951285521105e-01 9.052132701421801153e-01
7.456021650879567364e-01 9.052132701421801153e-01
7.469553450608931167e-01 9.052132701421801153e-01
7.469553450608931167e-01 9.072444143534190708e-01
7.476319350473612513e-01 9.072444143534190708e-01
7.476319350473612513e-01 9.079214624238320930e-01
7.503382949932341228e-01 9.079214624238320930e-01
7.503382949932341228e-01 9.085985104942451152e-01
7.510148849797022574e-01 9.085985104942451152e-01
7.510148849797022574e-01 9.092755585646581373e-01
7.530446549391068833e-01 9.092755585646581373e-01
7.530446549391068833e-01 9.106296547054840707e-01
7.537212449255751290e-01 9.106296547054840707e-01
7.537212449255751290e-01 9.113067027758970928e-01
7.550744248985115092e-01 9.113067027758970928e-01
7.550744248985115092e-01 9.119837508463101150e-01
7.564276048714478895e-01 9.119837508463101150e-01
7.577807848443842698e-01 9.119837508463101150e-01
7.584573748308525154e-01 9.119837508463101150e-01
7.584573748308525154e-01 9.126607989167231372e-01
7.598105548037888957e-01 9.126607989167231372e-01
7.598105548037888957e-01 9.133378469871360483e-01
7.611637347767252759e-01 9.133378469871360483e-01
7.618403247631935216e-01 9.133378469871360483e-01
7.638700947225981475e-01 9.133378469871360483e-01
7.638700947225981475e-01 9.140148950575490705e-01
7.652232746955345277e-01 9.140148950575490705e-01
7.652232746955345277e-01 9.146919431279620927e-01
7.665764546684709080e-01 9.146919431279620927e-01
7.665764546684709080e-01 9.153689911983751148e-01
7.679296346414072882e-01 9.153689911983751148e-01
7.679296346414072882e-01 9.160460392687881370e-01
7.692828146143436685e-01 9.160460392687881370e-01
7.692828146143436685e-01 9.174001354096140703e-01
7.699594046008119141e-01 9.174001354096140703e-01
7.713125845737482944e-01 9.174001354096140703e-01
7.719891745602165400e-01 9.174001354096140703e-01
7.719891745602165400e-01 9.187542315504401147e-01
7.740189445196210549e-01 9.187542315504401147e-01
7.753721244925575462e-01 9.187542315504401147e-01
7.753721244925575462e-01 9.214624238320920924e-01
7.780784844384303067e-01 9.214624238320920924e-01
7.780784844384303067e-01 9.221394719025051145e-01
7.794316644113666870e-01 9.221394719025051145e-01
7.807848443843030672e-01 9.221394719025051145e-01
7.814614343707713129e-01 9.221394719025051145e-01
7.814614343707713129e-01 9.234935680433310479e-01
7.821380243572395585e-01 9.234935680433310479e-01
7.841677943166440734e-01 9.234935680433310479e-01
7.841677943166440734e-01 9.241706161137440700e-01
7.855209742895805647e-01 9.241706161137440700e-01
7.855209742895805647e-01 9.248476641841570922e-01
7.875507442489850796e-01 9.248476641841570922e-01
7.889039242219215708e-01 9.248476641841570922e-01
7.889039242219215708e-01 9.255247122545701144e-01
7.895805142083897055e-01 9.255247122545701144e-01
7.895805142083897055e-01 9.268788083953960477e-01
7.909336941813260857e-01 9.268788083953960477e-01
7.909336941813260857e-01 9.275558564658090699e-01
7.929634641407307116e-01 9.275558564658090699e-01
7.929634641407307116e-01 9.282329045362220921e-01
7.963464140730717178e-01 9.282329045362220921e-01
7.963464140730717178e-01 9.289099526066351142e-01
7.970230040595399634e-01 9.289099526066351142e-01
7.983761840324763437e-01 9.289099526066351142e-01
7.990527740189444783e-01 9.289099526066351142e-01
7.990527740189444783e-01 9.295870006770480254e-01
8.004059539918809696e-01 9.295870006770480254e-01
8.017591339648173498e-01 9.295870006770480254e-01
8.044654939106901104e-01 9.295870006770480254e-01
8.044654939106901104e-01 9.316181448882870919e-01
8.058186738836264906e-01 9.316181448882870919e-01
8.058186738836264906e-01 9.322951929587001141e-01
8.078484438430311165e-01 9.322951929587001141e-01
8.092016238159674968e-01 9.322951929587001141e-01
8.098782138024357424e-01 9.322951929587001141e-01
8.098782138024357424e-01 9.336492890995260474e-01
8.112313937753721227e-01 9.336492890995260474e-01
8.112313937753721227e-01 9.350033852403520918e-01
8.119079837618403683e-01 9.350033852403520918e-01
8.119079837618403683e-01 9.370345294515910473e-01
8.125845737483085029e-01 9.370345294515910473e-01
8.125845737483085029e-01 9.377115775220040694e-01
8.132611637347767486e-01 9.377115775220040694e-01
8.132611637347767486e-01 9.397427217332430249e-01
8.146143437077131289e-01 9.397427217332430249e-01
8.179972936400541350e-01 9.397427217332430249e-01
8.179972936400541350e-01 9.404197698036560471e-01
8.207036535859268955e-01 9.404197698036560471e-01
8.213802435723951412e-01 9.404197698036560471e-01
8.227334235453315214e-01 9.404197698036560471e-01
8.227334235453315214e-01 9.410968178740690693e-01
8.247631935047361473e-01 9.410968178740690693e-01
8.247631935047361473e-01 9.417738659444820915e-01
8.261163734776725276e-01 9.417738659444820915e-01
8.261163734776725276e-01 9.424509140148950026e-01
8.267929634641407732e-01 9.424509140148950026e-01
8.281461434370771535e-01 9.424509140148950026e-01
8.294993234100135338e-01 9.424509140148950026e-01
8.294993234100135338e-01 9.431279620853080248e-01
8.301759133964817794e-01 9.431279620853080248e-01
8.315290933694181597e-01 9.431279620853080248e-01
8.335588633288227856e-01 9.431279620853080248e-01
8.362652232746955461e-01 9.431279620853080248e-01
8.362652232746955461e-01 9.438050101557210469e-01
8.369418132611636807e-01 9.438050101557210469e-01
8.369418132611636807e-01 9.444820582261340691e-01
8.382949932341001720e-01 9.444820582261340691e-01
8.382949932341001720e-01 9.451591062965470913e-01
8.396481732070365522e-01 9.451591062965470913e-01
8.410013531799729325e-01 9.451591062965470913e-01
8.410013531799729325e-01 9.465132024373730246e-01
8.423545331529093128e-01 9.465132024373730246e-01
8.423545331529093128e-01 9.471902505077860468e-01
8.443843031123139387e-01 9.471902505077860468e-01
8.443843031123139387e-01 9.485443466486120911e-01
8.464140730717185646e-01 9.485443466486120911e-01
8.464140730717185646e-01 9.492213947190250023e-01
8.470906630581866992e-01 9.492213947190250023e-01
8.484438430311231905e-01 9.492213947190250023e-01
8.511502029769959510e-01 9.492213947190250023e-01
8.511502029769959510e-01 9.498984427894380245e-01
8.518267929634640856e-01 9.498984427894380245e-01
8.518267929634640856e-01 9.512525389302640688e-01
8.531799729364005769e-01 9.512525389302640688e-01
8.531799729364005769e-01 9.526066350710900021e-01
8.552097428958050918e-01 9.526066350710900021e-01
8.572395128552097177e-01 9.526066350710900021e-01
8.572395128552097177e-01 9.539607312119160465e-01
8.579161028416779633e-01 9.539607312119160465e-01
8.579161028416779633e-01 9.546377792823290687e-01
8.585926928281460979e-01 9.546377792823290687e-01
8.585926928281460979e-01 9.559918754231550020e-01
8.599458728010825892e-01 9.559918754231550020e-01
8.599458728010825892e-01 9.566689234935680242e-01
8.606224627875507238e-01 9.566689234935680242e-01
8.606224627875507238e-01 9.587000677048070907e-01
8.626522327469553497e-01 9.587000677048070907e-01
8.626522327469553497e-01 9.593771157752200018e-01
8.660351826792963559e-01 9.593771157752200018e-01
8.660351826792963559e-01 9.600541638456330240e-01
8.673883626522327361e-01 9.600541638456330240e-01
8.673883626522327361e-01 9.607312119160460462e-01
8.680649526387009818e-01 9.607312119160460462e-01
8.694181326116373620e-01 9.607312119160460462e-01
8.714479025710419879e-01 9.607312119160460462e-01
8.714479025710419879e-01 9.614082599864590684e-01
8.721244925575101226e-01 9.614082599864590684e-01
8.721244925575101226e-01 9.620853080568720905e-01
8.728010825439783682e-01 9.620853080568720905e-01
8.728010825439783682e-01 9.627623561272850017e-01
8.741542625169147485e-01 9.627623561272850017e-01
8.741542625169147485e-01 9.634394041976980239e-01
8.755074424898511287e-01 9.634394041976980239e-01
8.761840324763193744e-01 9.634394041976980239e-01
8.761840324763193744e-01 9.641164522681110460e-01
8.809201623815967608e-01 9.641164522681110460e-01
8.809201623815967608e-01 9.654705484089369794e-01
8.815967523680650064e-01 9.654705484089369794e-01
8.815967523680650064e-01 9.661475964793500015e-01
8.822733423545331410e-01 9.661475964793500015e-01
8.822733423545331410e-01 9.688557887610019792e-01
8.849797023004059016e-01 9.688557887610019792e-01
8.863328822733423928e-01 9.688557887610019792e-01
8.863328822733423928e-01 9.695328368314150014e-01
8.897158322056833990e-01 9.695328368314150014e-01
8.897158322056833990e-01 9.702098849018280236e-01
8.910690121786197793e-01 9.702098849018280236e-01
8.917456021650879139e-01 9.702098849018280236e-01
8.930987821380244052e-01 9.702098849018280236e-01
8.930987821380244052e-01 9.722410291130669791e-01
8.958051420838971657e-01 9.722410291130669791e-01
8.958051420838971657e-01 9.735951252538930234e-01
8.978349120433017916e-01 9.735951252538930234e-01
8.978349120433017916e-01 9.742721733243060456e-01
8.985115020297699262e-01 9.742721733243060456e-01
8.985115020297699262e-01 9.749492213947190677e-01
9.018944519621109324e-01 9.749492213947190677e-01
9.018944519621109324e-01 9.756262694651319789e-01
9.025710419485791780e-01 9.756262694651319789e-01
9.039242219215155583e-01 9.756262694651319789e-01
9.059539918809201842e-01 9.756262694651319789e-01
9.059539918809201842e-01 9.776574136763710454e-01
9.100135317997293249e-01 9.776574136763710454e-01
9.120433017591339508e-01 9.776574136763710454e-01
9.133964817320703311e-01 9.776574136763710454e-01
9.133964817320703311e-01 9.783344617467840676e-01
9.161028416779432026e-01 9.783344617467840676e-01
9.174560216508795829e-01 9.783344617467840676e-01
9.181326116373477175e-01 9.783344617467840676e-01
9.194857916102842088e-01 9.783344617467840676e-01
9.194857916102842088e-01 9.790115098171969787e-01
9.228687415426252150e-01 9.790115098171969787e-01
9.242219215155615952e-01 9.790115098171969787e-01
9.242219215155615952e-01 9.796885578876100009e-01
9.262516914749662211e-01 9.796885578876100009e-01
9.276048714479026014e-01 9.796885578876100009e-01
9.296346414073072273e-01 9.796885578876100009e-01
9.316644113667117422e-01 9.796885578876100009e-01
9.330175913396481224e-01 9.796885578876100009e-01
9.330175913396481224e-01 9.803656059580230231e-01
9.357239512855209940e-01 9.803656059580230231e-01
9.370771312584573742e-01 9.803656059580230231e-01
9.370771312584573742e-01 9.810426540284360453e-01
9.397834912043301347e-01 9.810426540284360453e-01
9.397834912043301347e-01 9.817197020988490674e-01
9.411366711772666260e-01 9.817197020988490674e-01
9.411366711772666260e-01 9.823967501692619786e-01
9.431664411366711409e-01 9.823967501692619786e-01
9.445196211096076322e-01 9.823967501692619786e-01
9.465493910690121471e-01 9.823967501692619786e-01
9.472259810554803927e-01 9.823967501692619786e-01
9.472259810554803927e-01 9.830737982396750008e-01
9.485791610284167730e-01 9.830737982396750008e-01
9.485791610284167730e-01 9.844278943805010451e-01
9.492557510148850186e-01 9.844278943805010451e-01
9.519621109607577791e-01 9.844278943805010451e-01
9.519621109607577791e-01 9.857819905213269784e-01
9.526387009472260248e-01 9.857819905213269784e-01
9.526387009472260248e-01 9.864590385917400006e-01
9.533152909336941594e-01 9.864590385917400006e-01
9.533152909336941594e-01 9.871360866621530228e-01
9.546684709066305397e-01 9.871360866621530228e-01
9.546684709066305397e-01 9.884901828029789561e-01
9.580514208389715458e-01 9.884901828029789561e-01
9.580514208389715458e-01 9.891672308733919783e-01
9.594046008119080371e-01 9.891672308733919783e-01
9.594046008119080371e-01 9.898442789438050005e-01
9.600811907983761717e-01 9.898442789438050005e-01
9.600811907983761717e-01 9.911983750846310448e-01
9.621109607577807976e-01 9.911983750846310448e-01
9.634641407307171779e-01 9.911983750846310448e-01
9.654939106901218038e-01 9.911983750846310448e-01
9.668470906630581840e-01 9.911983750846310448e-01
9.675236806495264297e-01 9.911983750846310448e-01
9.675236806495264297e-01 9.918754231550439560e-01
9.688768606224628099e-01 9.918754231550439560e-01
9.702300405953991902e-01 9.918754231550439560e-01
9.702300405953991902e-01 9.932295192958700003e-01
9.715832205683355705e-01 9.932295192958700003e-01
9.722598105548038161e-01 9.932295192958700003e-01
9.722598105548038161e-01 9.945836154366960447e-01
9.742895805142084420e-01 9.945836154366960447e-01
9.742895805142084420e-01 9.952606635071089558e-01
9.756427604871448223e-01 9.952606635071089558e-01
9.783491204330175828e-01 9.952606635071089558e-01
9.783491204330175828e-01 9.959377115775219780e-01
9.790257104194858284e-01 9.959377115775219780e-01
9.790257104194858284e-01 9.966147596479350002e-01
9.803788903924222087e-01 9.966147596479350002e-01
9.803788903924222087e-01 9.972918077183480223e-01
9.817320703653585889e-01 9.972918077183480223e-01
9.817320703653585889e-01 9.979688557887610445e-01
9.837618403247632148e-01 9.979688557887610445e-01
9.837618403247632148e-01 9.986459038591739557e-01
9.851150202976995951e-01 9.986459038591739557e-01
9.871447902571042210e-01 9.986459038591739557e-01
9.884979702300406013e-01 9.986459038591739557e-01
9.905277401894452272e-01 9.986459038591739557e-01
9.912043301759133618e-01 9.986459038591739557e-01
9.912043301759133618e-01 9.993229519295869778e-01
9.939106901217862333e-01 9.993229519295869778e-01
9.939106901217862333e-01 1.000000000000000000e+00
9.952638700947226136e-01 1.000000000000000000e+00
9.966170500676589938e-01 1.000000000000000000e+00
9.986468200270636197e-01 1.000000000000000000e+00
1.000000000000000000e+00 1.000000000000000000e+00
