0.000000000000000000e+00 0.000000000000000000e+00
6.765899864682003214e-04 0.000000000000000000e+00
6.765899864682003214e-04 6.770480704129992972e-04
2.706359945872801286e-03 6.770480704129992972e-04
2.706359945872801286e-03 2.031144211238998000e-03
3.382949932341001390e-03 2.031144211238998000e-03
3.382949932341001390e-03 3.385240352064996811e-03
4.059539918809201495e-03 3.385240352064996811e-03
4.059539918809201495e-03 6.093432633716994000e-03
5.412719891745602571e-03 6.093432633716994000e-03
5.412719891745602571e-03 6.770480704129993622e-03
6.765899864682002780e-03 6.770480704129993622e-03
6.765899864682002780e-03 8.124576844955992000e-03
8.119079837618402989e-03 8.124576844955992000e-03
8.119079837618402989e-03 1.083276912660798875e-02
9.472259810554804066e-03 1.083276912660798875e-02
9.472259810554804066e-03 1.286391333784698762e-02
1.014884979702300460e-02 1.286391333784698762e-02
1.150202976995940395e-02 1.286391333784698762e-02
1.217861975642760448e-02 1.286391333784698762e-02
1.420838971583220610e-02 1.286391333784698762e-02
1.420838971583220610e-02 1.421800947867298513e-02
1.556156968876860544e-02 1.421800947867298513e-02
1.556156968876860544e-02 1.557210561949898438e-02
1.623815967523680598e-02 1.557210561949898438e-02
1.623815967523680598e-02 1.760324983073798324e-02
1.759133964817320706e-02 1.760324983073798324e-02
1.826792963464140759e-02 1.760324983073798324e-02
1.826792963464140759e-02 1.963439404197698038e-02
1.962110960757780867e-02 1.963439404197698038e-02
1.962110960757780867e-02 2.031144211238997827e-02
2.097428958051420975e-02 2.031144211238997827e-02
2.097428958051420975e-02 2.098849018280297962e-02
2.165087956698241028e-02 2.098849018280297962e-02
2.165087956698241028e-02 2.166553825321597751e-02
2.503382949932340951e-02 2.166553825321597751e-02
2.503382949932340951e-02 2.234258632362897887e-02
2.571041948579161004e-02 2.234258632362897887e-02
2.571041948579161004e-02 2.301963439404197675e-02
2.706359945872801112e-02 2.301963439404197675e-02
2.706359945872801112e-02 2.505077860528097389e-02
2.774018944519621166e-02 2.505077860528097389e-02
2.774018944519621166e-02 2.708192281651997449e-02
2.909336941813261274e-02 2.708192281651997449e-02
2.909336941813261274e-02 3.046716316858497087e-02
3.112313937753721088e-02 3.046716316858497087e-02
3.112313937753721088e-02 3.114421123899796875e-02
3.247631935047361196e-02 3.114421123899796875e-02
3.247631935047361196e-02 3.249830737982396800e-02
3.382949932341001303e-02 3.249830737982396800e-02
3.382949932341001303e-02 3.317535545023696936e-02
3.450608930987821704e-02 3.317535545023696936e-02
3.450608930987821704e-02 3.452945159106296513e-02
3.721244925575101226e-02 3.452945159106296513e-02
3.721244925575101226e-02 3.588354773188896091e-02
3.856562922868741333e-02 3.588354773188896091e-02
3.856562922868741333e-02 3.656059580230196226e-02
3.991880920162381441e-02 3.656059580230196226e-02
3.991880920162381441e-02 3.723764387271496362e-02
4.059539918809201842e-02 3.723764387271496362e-02
4.059539918809201842e-02 3.994583615436696211e-02
4.127198917456021549e-02 3.994583615436696211e-02
4.127198917456021549e-02 4.062288422477995653e-02
4.330175913396482057e-02 4.062288422477995653e-02
4.330175913396482057e-02 4.197698036560595924e-02
4.397834912043301764e-02 4.197698036560595924e-02
4.397834912043301764e-02 4.265402843601896060e-02
4.465493910690121471e-02 4.265402843601896060e-02
4.600811907983761578e-02 4.265402843601896060e-02
4.600811907983761578e-02 4.333107650643195502e-02
4.736129905277401686e-02 4.333107650643195502e-02
4.736129905277401686e-02 4.400812457684495638e-02
4.803788903924222087e-02 4.400812457684495638e-02
4.939106901217862194e-02 4.400812457684495638e-02
4.939106901217862194e-02 4.468517264725795773e-02
5.142083897158322009e-02 4.468517264725795773e-02
5.142083897158322009e-02 4.536222071767095215e-02
5.277401894451962117e-02 4.536222071767095215e-02
5.277401894451962117e-02 4.603926878808395351e-02
5.345060893098781823e-02 4.603926878808395351e-02
5.345060893098781823e-02 4.739336492890994929e-02
5.412719891745602224e-02 4.739336492890994929e-02
5.412719891745602224e-02 4.807041299932295064e-02
5.615696887686062039e-02 4.807041299932295064e-02
5.615696887686062039e-02 5.010155721056194777e-02
5.683355886332882440e-02 5.010155721056194777e-02
5.683355886332882440e-02 5.348679756262694762e-02
5.818673883626522547e-02 5.348679756262694762e-02
5.818673883626522547e-02 5.416384563303994898e-02
5.953991880920162655e-02 5.416384563303994898e-02
5.953991880920162655e-02 5.484089370345294340e-02
6.156968876860622469e-02 5.484089370345294340e-02
6.156968876860622469e-02 5.551794177386594475e-02
6.224627875507442176e-02 5.551794177386594475e-02
6.224627875507442176e-02 5.619498984427894611e-02
6.292286874154262577e-02 5.619498984427894611e-02
6.292286874154262577e-02 5.687203791469194053e-02
6.359945872801082978e-02 5.687203791469194053e-02
6.359945872801082978e-02 5.822613405551794324e-02
6.427604871447901991e-02 5.822613405551794324e-02
6.427604871447901991e-02 5.958023019634393902e-02
6.495263870094722392e-02 5.958023019634393902e-02
6.495263870094722392e-02 6.025727826675694038e-02
6.630581867388363193e-02 6.025727826675694038e-02
6.698240866035182206e-02 6.025727826675694038e-02
6.698240866035182206e-02 6.364251861882193329e-02
6.765899864682002607e-02 6.364251861882193329e-02
6.765899864682002607e-02 6.499661475964793600e-02
6.833558863328823008e-02 6.499661475964793600e-02
6.833558863328823008e-02 6.567366283006093042e-02
6.901217861975643408e-02 6.567366283006093042e-02
6.901217861975643408e-02 6.635071090047393871e-02
6.968876860622462421e-02 6.635071090047393871e-02
6.968876860622462421e-02 6.702775897088693313e-02
7.036535859269282822e-02 6.702775897088693313e-02
7.036535859269282822e-02 6.770480704129992755e-02
7.307171853856563037e-02 6.770480704129992755e-02
7.307171853856563037e-02 6.905890318212593026e-02
7.374830852503383438e-02 6.905890318212593026e-02
7.374830852503383438e-02 6.973595125253892468e-02
7.510148849797022852e-02 6.973595125253892468e-02
7.510148849797022852e-02 7.244414353419093011e-02
7.713125845737482666e-02 7.244414353419093011e-02
7.713125845737482666e-02 7.447528774542992724e-02
7.848443843031123468e-02 7.447528774542992724e-02
7.848443843031123468e-02 7.515233581584292166e-02
7.983761840324762882e-02 7.515233581584292166e-02
8.051420838971583283e-02 7.515233581584292166e-02
8.186738836265222696e-02 7.515233581584292166e-02
8.186738836265222696e-02 7.582938388625592996e-02
8.254397834912043097e-02 7.582938388625592996e-02
8.254397834912043097e-02 7.650643195666892438e-02
8.322056833558863498e-02 7.650643195666892438e-02
8.457374830852502912e-02 7.650643195666892438e-02
8.457374830852502912e-02 7.718348002708191880e-02
8.592692828146143713e-02 7.718348002708191880e-02
8.592692828146143713e-02 7.786052809749492709e-02
8.728010825439783127e-02 7.786052809749492709e-02
8.728010825439783127e-02 8.056872037914691864e-02
8.795669824086603528e-02 8.056872037914691864e-02
8.795669824086603528e-02 8.124576844955991306e-02
8.863328822733423928e-02 8.124576844955991306e-02
8.863328822733423928e-02 8.530805687203792120e-02
8.998646820027063342e-02 8.530805687203792120e-02
8.998646820027063342e-02 8.598510494245091562e-02
9.201623815967523157e-02 8.598510494245091562e-02
9.336941813261163958e-02 8.598510494245091562e-02
9.336941813261163958e-02 8.666215301286391004e-02
9.404600811907984359e-02 8.666215301286391004e-02
9.404600811907984359e-02 8.733920108327691834e-02
9.607577807848444174e-02 8.733920108327691834e-02
9.675236806495263187e-02 8.733920108327691834e-02
9.675236806495263187e-02 8.937034529451591547e-02
9.810554803788903988e-02 8.937034529451591547e-02
9.878213802435724389e-02 8.937034529451591547e-02
9.878213802435724389e-02 9.275558564658090144e-02
9.945872801082543402e-02 9.275558564658090144e-02
9.945872801082543402e-02 9.343263371699390973e-02
1.021650879566982362e-01 9.343263371699390973e-02
1.021650879566982362e-01 9.478672985781989857e-02
1.048714479025710383e-01 9.478672985781989857e-02
1.048714479025710383e-01 9.749492213947190400e-02
1.055480378890392423e-01 9.749492213947190400e-02
1.055480378890392423e-01 9.817197020988489842e-02
1.062246278755074463e-01 9.817197020988489842e-02
1.062246278755074463e-01 9.884901828029790671e-02
1.069012178619756365e-01 9.884901828029790671e-02
1.069012178619756365e-01 1.002031144211238955e-01
1.075778078484438405e-01 1.002031144211238955e-01
1.075778078484438405e-01 1.022342586323628927e-01
1.089309878213802485e-01 1.022342586323628927e-01
1.096075778078484386e-01 1.022342586323628927e-01
1.096075778078484386e-01 1.049424509140148981e-01
1.109607577807848466e-01 1.049424509140148981e-01
1.109607577807848466e-01 1.062965470548408869e-01
1.123139377537212408e-01 1.062965470548408869e-01
1.123139377537212408e-01 1.069735951252538952e-01
1.129905277401894448e-01 1.069735951252538952e-01
1.129905277401894448e-01 1.090047393364928924e-01
1.143437077131258389e-01 1.090047393364928924e-01
1.150202976995940429e-01 1.090047393364928924e-01
1.150202976995940429e-01 1.096817874069058868e-01
1.156968876860622469e-01 1.096817874069058868e-01
1.156968876860622469e-01 1.144211238997968894e-01
1.163734776725304509e-01 1.144211238997968894e-01
1.163734776725304509e-01 1.150981719702098838e-01
1.177266576454668451e-01 1.150981719702098838e-01
1.190798376184032531e-01 1.150981719702098838e-01
1.217861975642760552e-01 1.150981719702098838e-01
1.244925575101488435e-01 1.150981719702098838e-01
1.244925575101488435e-01 1.157752200406228782e-01
1.251691474966170614e-01 1.157752200406228782e-01
1.271989174560216596e-01 1.157752200406228782e-01
1.285520974289580398e-01 1.157752200406228782e-01
1.285520974289580398e-01 1.164522681110358865e-01
1.292286874154262577e-01 1.164522681110358865e-01
1.292286874154262577e-01 1.178063642518618753e-01
1.299052774018944478e-01 1.178063642518618753e-01
1.299052774018944478e-01 1.211916046039268752e-01
1.312584573748308558e-01 1.211916046039268752e-01
1.312584573748308558e-01 1.238997968855788806e-01
1.312584573748308558e-01 1.252538930264048833e-01
1.312584573748308558e-01 1.266079891672308722e-01
1.332882273342354540e-01 1.266079891672308722e-01
1.332882273342354540e-01 1.272850372376438666e-01
1.346414073071718620e-01 1.272850372376438666e-01
1.346414073071718620e-01 1.299932295192958720e-01
1.366711772665764602e-01 1.299932295192958720e-01
1.366711772665764602e-01 1.313473256601218608e-01
1.393775372124492484e-01 1.313473256601218608e-01
1.393775372124492484e-01 1.320243737305348553e-01
1.407307171853856564e-01 1.320243737305348553e-01
1.407307171853856564e-01 1.333784698713608718e-01
1.427604871447902546e-01 1.333784698713608718e-01
1.441136671177266626e-01 1.333784698713608718e-01
1.447902571041948527e-01 1.333784698713608718e-01
1.447902571041948527e-01 1.367637102234258717e-01
1.454668470906630706e-01 1.367637102234258717e-01
1.454668470906630706e-01 1.374407582938388661e-01
1.461434370771312607e-01 1.374407582938388661e-01
1.461434370771312607e-01 1.381178063642518605e-01
1.468200270635994509e-01 1.381178063642518605e-01
1.468200270635994509e-01 1.387948544346648549e-01
1.481732070365358589e-01 1.387948544346648549e-01
1.481732070365358589e-01 1.401489505754908715e-01
1.488497970230040490e-01 1.401489505754908715e-01
1.502029769959404570e-01 1.401489505754908715e-01
1.502029769959404570e-01 1.415030467163168604e-01
1.502029769959404570e-01 1.448882870683818602e-01
1.515561569688768651e-01 1.448882870683818602e-01
1.522327469553450552e-01 1.448882870683818602e-01
1.522327469553450552e-01 1.455653351387948546e-01
1.529093369418132731e-01 1.455653351387948546e-01
1.542625169147496533e-01 1.455653351387948546e-01
1.549391069012178712e-01 1.455653351387948546e-01
1.549391069012178712e-01 1.462423832092078491e-01
1.556156968876860613e-01 1.462423832092078491e-01
1.556156968876860613e-01 1.469194312796208435e-01
1.562922868741542515e-01 1.469194312796208435e-01
1.562922868741542515e-01 1.503046716316858433e-01
1.576454668470906595e-01 1.503046716316858433e-01
1.589986468200270675e-01 1.503046716316858433e-01
1.589986468200270675e-01 1.530128639133378488e-01
1.596752368064952576e-01 1.530128639133378488e-01
1.596752368064952576e-01 1.536899119837508432e-01
1.610284167794316657e-01 1.536899119837508432e-01
1.610284167794316657e-01 1.543669600541638376e-01
1.617050067658998558e-01 1.543669600541638376e-01
1.617050067658998558e-01 1.550440081245768320e-01
1.630581867388362638e-01 1.550440081245768320e-01
1.630581867388362638e-01 1.584292484766418319e-01
1.650879566982408619e-01 1.584292484766418319e-01
1.650879566982408619e-01 1.597833446174678484e-01
1.657645466847090798e-01 1.597833446174678484e-01
1.671177266576454601e-01 1.597833446174678484e-01
1.677943166441136780e-01 1.597833446174678484e-01
1.677943166441136780e-01 1.618144888287068317e-01
1.684709066305818681e-01 1.618144888287068317e-01
1.684709066305818681e-01 1.651997291807718315e-01
1.691474966170500582e-01 1.651997291807718315e-01
1.711772665764546564e-01 1.651997291807718315e-01
1.725304465493910644e-01 1.651997291807718315e-01
1.725304465493910644e-01 1.679079214624238370e-01
1.732070365358592823e-01 1.679079214624238370e-01
1.745602165087956625e-01 1.679079214624238370e-01
1.752368064952638804e-01 1.679079214624238370e-01
1.765899864682002607e-01 1.679079214624238370e-01
1.779431664411366687e-01 1.679079214624238370e-01
1.779431664411366687e-01 1.719702098849018312e-01
1.792963464140730767e-01 1.719702098849018312e-01
1.792963464140730767e-01 1.733243060257278201e-01
1.813261163734776749e-01 1.733243060257278201e-01
1.813261163734776749e-01 1.760324983073798255e-01
1.826792963464140829e-01 1.760324983073798255e-01
1.826792963464140829e-01 1.767095463777928199e-01
1.833558863328822730e-01 1.767095463777928199e-01
1.833558863328822730e-01 1.780636425186188088e-01
1.840324763193504631e-01 1.780636425186188088e-01
1.840324763193504631e-01 1.787406905890318309e-01
1.847090663058186810e-01 1.787406905890318309e-01
1.847090663058186810e-01 1.794177386594448254e-01
1.853856562922868711e-01 1.794177386594448254e-01
1.853856562922868711e-01 1.814488828706838086e-01
1.860622462787550613e-01 1.814488828706838086e-01
1.860622462787550613e-01 1.834800270819228196e-01
1.874154262516914693e-01 1.834800270819228196e-01
1.874154262516914693e-01 1.848341232227488085e-01
1.901217861975642853e-01 1.848341232227488085e-01
1.901217861975642853e-01 1.855111712931618029e-01
1.928281461434370736e-01 1.855111712931618029e-01
1.928281461434370736e-01 1.882193635748138083e-01
1.935047361299052637e-01 1.882193635748138083e-01
1.935047361299052637e-01 1.888964116452268027e-01
1.948579161028416717e-01 1.888964116452268027e-01
1.948579161028416717e-01 1.895734597156397971e-01
1.975642760487144878e-01 1.895734597156397971e-01
1.975642760487144878e-01 1.949898442789438080e-01
1.989174560216508680e-01 1.949898442789438080e-01
2.009472259810554939e-01 1.949898442789438080e-01
2.009472259810554939e-01 1.970209884901827913e-01
2.023004059539918742e-01 1.970209884901827913e-01
2.023004059539918742e-01 1.976980365605958134e-01
2.036535859269282822e-01 1.976980365605958134e-01
2.036535859269282822e-01 1.983750846310088078e-01
2.043301759133964723e-01 1.983750846310088078e-01
2.043301759133964723e-01 2.004062288422477911e-01
2.056833558863328804e-01 2.004062288422477911e-01
2.083897158322056964e-01 2.004062288422477911e-01
2.090663058186738865e-01 2.004062288422477911e-01
2.090663058186738865e-01 2.017603249830738077e-01
2.104194857916102945e-01 2.017603249830738077e-01
2.104194857916102945e-01 2.024373730534868021e-01
2.117726657645466748e-01 2.024373730534868021e-01
2.124492557510148927e-01 2.024373730534868021e-01
2.124492557510148927e-01 2.031144211238997965e-01
2.131258457374830828e-01 2.031144211238997965e-01
2.131258457374830828e-01 2.051455653351388075e-01
2.138024357239512729e-01 2.051455653351388075e-01
2.138024357239512729e-01 2.058226134055518020e-01
2.151556156968876810e-01 2.058226134055518020e-01
2.151556156968876810e-01 2.092078537576168018e-01
2.158322056833558988e-01 2.092078537576168018e-01
2.158322056833558988e-01 2.098849018280297962e-01
2.171853856562922791e-01 2.098849018280297962e-01
2.185385656292286871e-01 2.098849018280297962e-01
2.219215155615696933e-01 2.098849018280297962e-01
2.219215155615696933e-01 2.105619498984427906e-01
2.225981055480378834e-01 2.105619498984427906e-01
2.225981055480378834e-01 2.112389979688557851e-01
2.232746955345061013e-01 2.112389979688557851e-01
2.253044654939106994e-01 2.112389979688557851e-01
2.259810554803788896e-01 2.112389979688557851e-01
2.259810554803788896e-01 2.125930941096817739e-01
2.273342354533152976e-01 2.125930941096817739e-01
2.273342354533152976e-01 2.139471902505077905e-01
2.280108254397834877e-01 2.139471902505077905e-01
2.280108254397834877e-01 2.146242383209207849e-01
2.286874154262516778e-01 2.146242383209207849e-01
2.286874154262516778e-01 2.153012863913337793e-01
2.307171853856563037e-01 2.153012863913337793e-01
2.313937753721244939e-01 2.153012863913337793e-01
2.313937753721244939e-01 2.166553825321597959e-01
2.327469553450609019e-01 2.166553825321597959e-01
2.327469553450609019e-01 2.200406228842247680e-01
2.334235453315290920e-01 2.200406228842247680e-01
2.334235453315290920e-01 2.213947190250507846e-01
2.341001353179972821e-01 2.213947190250507846e-01
2.341001353179972821e-01 2.220717670954637790e-01
2.347767253044655000e-01 2.220717670954637790e-01
2.347767253044655000e-01 2.241029113067027623e-01
2.354533152909336902e-01 2.241029113067027623e-01
2.354533152909336902e-01 2.261340555179417733e-01
2.361299052774019080e-01 2.261340555179417733e-01
2.361299052774019080e-01 2.281651997291807843e-01
2.368064952638700982e-01 2.281651997291807843e-01
2.368064952638700982e-01 2.288422477995937787e-01
2.381596752368065062e-01 2.288422477995937787e-01
2.381596752368065062e-01 2.301963439404197675e-01
2.388362652232746963e-01 2.301963439404197675e-01
2.401894451962111043e-01 2.301963439404197675e-01
2.422192151556157025e-01 2.301963439404197675e-01
2.435723951285521105e-01 2.301963439404197675e-01
2.435723951285521105e-01 2.308733920108327620e-01
2.462787550744248988e-01 2.308733920108327620e-01
2.462787550744248988e-01 2.315504400812457564e-01
2.476319350473613068e-01 2.315504400812457564e-01
2.483085250338294969e-01 2.315504400812457564e-01
2.483085250338294969e-01 2.322274881516587786e-01
2.496617050067659049e-01 2.322274881516587786e-01
2.503382949932341228e-01 2.322274881516587786e-01
2.503382949932341228e-01 2.329045362220717730e-01
2.523680649526386932e-01 2.329045362220717730e-01
2.523680649526386932e-01 2.349356804333107562e-01
2.537212449255751290e-01 2.349356804333107562e-01
2.537212449255751290e-01 2.369668246445497672e-01
2.543978349120433191e-01 2.369668246445497672e-01
2.543978349120433191e-01 2.376438727149627617e-01
2.550744248985115092e-01 2.376438727149627617e-01
2.557510148849796994e-01 2.383209207853757561e-01
2.571041948579160796e-01 2.383209207853757561e-01
2.591339648173207055e-01 2.383209207853757561e-01
2.591339648173207055e-01 2.389979688557887505e-01
2.604871447902570858e-01 2.389979688557887505e-01
2.604871447902570858e-01 2.403520649966147671e-01
2.618403247631935216e-01 2.403520649966147671e-01
2.625169147496617117e-01 2.403520649966147671e-01
2.625169147496617117e-01 2.417061611374407559e-01
2.638700947225980920e-01 2.417061611374407559e-01
2.645466847090662821e-01 2.417061611374407559e-01
2.645466847090662821e-01 2.450914014895057558e-01
2.672530446549390981e-01 2.450914014895057558e-01
2.686062246278755339e-01 2.450914014895057558e-01
2.686062246278755339e-01 2.471225457007447390e-01
2.713125845737482944e-01 2.471225457007447390e-01
2.719891745602164845e-01 2.471225457007447390e-01
2.719891745602164845e-01 2.484766418415707556e-01
2.733423545331529203e-01 2.484766418415707556e-01
2.733423545331529203e-01 2.491536899119837500e-01
2.753721244925574907e-01 2.491536899119837500e-01
2.753721244925574907e-01 2.532159783344617443e-01
2.774018944519621166e-01 2.532159783344617443e-01
2.774018944519621166e-01 2.538930264048747665e-01
2.780784844384303067e-01 2.538930264048747665e-01
2.780784844384303067e-01 2.566012186865267442e-01
2.787550744248984969e-01 2.566012186865267442e-01
2.801082543978349326e-01 2.566012186865267442e-01
2.807848443843031228e-01 2.566012186865267442e-01
2.807848443843031228e-01 2.572782667569397663e-01
2.834912043301759388e-01 2.572782667569397663e-01
2.834912043301759388e-01 2.586323628977657552e-01
2.848443843031123190e-01 2.586323628977657552e-01
2.855209742895805092e-01 2.586323628977657552e-01
2.855209742895805092e-01 2.593094109681787218e-01
2.868741542625168894e-01 2.593094109681787218e-01
2.868741542625168894e-01 2.613405551794177328e-01
2.882273342354533252e-01 2.613405551794177328e-01
2.882273342354533252e-01 2.620176032498307550e-01
2.895805142083897055e-01 2.620176032498307550e-01
2.895805142083897055e-01 2.626946513202437217e-01
2.902571041948578956e-01 2.626946513202437217e-01
2.902571041948578956e-01 2.633716993906567438e-01
2.909336941813261412e-01 2.633716993906567438e-01
2.909336941813261412e-01 2.681110358835477325e-01
2.922868741542625215e-01 2.681110358835477325e-01
2.936400541271989018e-01 2.681110358835477325e-01
2.936400541271989018e-01 2.714962762356127324e-01
2.943166441136670919e-01 2.714962762356127324e-01
2.943166441136670919e-01 2.721733243060257545e-01
2.949932341001353375e-01 2.721733243060257545e-01
2.949932341001353375e-01 2.782667569397427321e-01
2.956698240866035277e-01 2.782667569397427321e-01
2.956698240866035277e-01 2.796208530805687209e-01
2.970230040595399079e-01 2.796208530805687209e-01
2.970230040595399079e-01 2.823290453622206986e-01
2.983761840324763437e-01 2.823290453622206986e-01
2.983761840324763437e-01 2.830060934326337208e-01
2.990527740189445338e-01 2.830060934326337208e-01
2.990527740189445338e-01 2.843601895734597096e-01
2.997293640054127239e-01 2.843601895734597096e-01
2.997293640054127239e-01 2.850372376438727318e-01
3.004059539918809141e-01 2.850372376438727318e-01
3.004059539918809141e-01 2.857142857142856984e-01
3.017591339648172943e-01 2.857142857142856984e-01
3.017591339648172943e-01 2.870683818551116873e-01
3.024357239512855400e-01 2.870683818551116873e-01
3.024357239512855400e-01 2.877454299255247094e-01
3.037889039242219202e-01 2.877454299255247094e-01
3.044654939106901104e-01 2.877454299255247094e-01
3.044654939106901104e-01 2.884224779959377316e-01
3.058186738836265461e-01 2.884224779959377316e-01
3.058186738836265461e-01 2.890995260663506983e-01
3.064952638700947363e-01 2.890995260663506983e-01
3.064952638700947363e-01 2.897765741367637204e-01
3.071718538565629264e-01 2.897765741367637204e-01
3.071718538565629264e-01 2.918077183480027315e-01
3.085250338294993067e-01 2.918077183480027315e-01
3.085250338294993067e-01 2.938388625592416870e-01
3.098782138024357424e-01 2.938388625592416870e-01
3.098782138024357424e-01 2.958700067704806980e-01
3.139377537212449387e-01 2.958700067704806980e-01
3.139377537212449387e-01 2.965470548408937201e-01
3.146143437077131289e-01 2.965470548408937201e-01
3.146143437077131289e-01 2.985781990521326756e-01
3.159675236806495091e-01 2.985781990521326756e-01
3.173207036535859449e-01 2.985781990521326756e-01
3.173207036535859449e-01 2.992552471225456978e-01
3.186738836265223251e-01 2.992552471225456978e-01
3.186738836265223251e-01 3.006093432633716866e-01
3.193504736129905153e-01 3.006093432633716866e-01
3.193504736129905153e-01 3.033175355450237198e-01
3.200270635994587054e-01 3.033175355450237198e-01
3.200270635994587054e-01 3.039945836154366865e-01
3.213802435723951412e-01 3.039945836154366865e-01
3.220568335588633313e-01 3.039945836154366865e-01
3.220568335588633313e-01 3.053486797562626753e-01
3.234100135317997116e-01 3.053486797562626753e-01
3.234100135317997116e-01 3.067027758970887197e-01
3.247631935047361473e-01 3.067027758970887197e-01
3.247631935047361473e-01 3.080568720379147085e-01
3.261163734776725276e-01 3.080568720379147085e-01
3.267929634641407177e-01 3.080568720379147085e-01
3.267929634641407177e-01 3.100880162491536640e-01
3.274695534506089079e-01 3.100880162491536640e-01
3.281461434370771535e-01 3.107650643195666862e-01
3.281461434370771535e-01 3.121191604603926750e-01
3.288227334235453436e-01 3.121191604603926750e-01
3.288227334235453436e-01 3.134732566012186639e-01
3.294993234100135338e-01 3.134732566012186639e-01
3.294993234100135338e-01 3.148273527420447082e-01
3.301759133964817239e-01 3.148273527420447082e-01
3.301759133964817239e-01 3.155044008124576749e-01
3.315290933694181597e-01 3.155044008124576749e-01
3.315290933694181597e-01 3.168584969532836637e-01
3.322056833558863498e-01 3.168584969532836637e-01
3.322056833558863498e-01 3.175355450236966859e-01
3.335588633288227300e-01 3.175355450236966859e-01
3.335588633288227300e-01 3.188896411645226747e-01
3.349120433017591103e-01 3.188896411645226747e-01
3.355886332882273559e-01 3.188896411645226747e-01
3.355886332882273559e-01 3.195666892349356969e-01
3.362652232746955461e-01 3.195666892349356969e-01
3.362652232746955461e-01 3.209207853757616857e-01
3.389715832205683621e-01 3.209207853757616857e-01
3.389715832205683621e-01 3.215978334461746524e-01
3.396481732070365522e-01 3.215978334461746524e-01
3.410013531799729325e-01 3.215978334461746524e-01
3.410013531799729325e-01 3.229519295870006967e-01
3.423545331529093128e-01 3.229519295870006967e-01
3.423545331529093128e-01 3.236289776574136634e-01
3.430311231393775584e-01 3.236289776574136634e-01
3.443843031123139387e-01 3.236289776574136634e-01
3.457374830852503189e-01 3.236289776574136634e-01
3.457374830852503189e-01 3.243060257278266856e-01
3.464140730717185646e-01 3.243060257278266856e-01
3.464140730717185646e-01 3.256601218686526744e-01
3.470906630581867547e-01 3.256601218686526744e-01
3.470906630581867547e-01 3.263371699390656966e-01
3.491204330175913251e-01 3.263371699390656966e-01
3.491204330175913251e-01 3.270142180094786633e-01
3.504736129905277608e-01 3.270142180094786633e-01
3.525033829499323312e-01 3.270142180094786633e-01
3.538565629228687670e-01 3.270142180094786633e-01
3.538565629228687670e-01 3.283683141503046521e-01
3.552097428958051473e-01 3.283683141503046521e-01
3.552097428958051473e-01 3.297224102911306964e-01
3.558863328822733374e-01 3.297224102911306964e-01
3.558863328822733374e-01 3.310765064319566853e-01
3.572395128552097177e-01 3.310765064319566853e-01
3.572395128552097177e-01 3.317535545023696519e-01
3.579161028416779633e-01 3.317535545023696519e-01
3.579161028416779633e-01 3.337846987136086629e-01
3.592692828146143436e-01 3.337846987136086629e-01
3.606224627875507238e-01 3.337846987136086629e-01
3.606224627875507238e-01 3.344617467840216851e-01
3.612990527740189695e-01 3.344617467840216851e-01
3.612990527740189695e-01 3.364928909952606406e-01
3.619756427604871596e-01 3.364928909952606406e-01
3.619756427604871596e-01 3.378469871360866850e-01
3.633288227334235398e-01 3.378469871360866850e-01
3.633288227334235398e-01 3.392010832769126738e-01
3.640054127198917300e-01 3.392010832769126738e-01
3.640054127198917300e-01 3.398781313473256405e-01
3.646820027063599201e-01 3.398781313473256405e-01
3.646820027063599201e-01 3.439404197698036625e-01
3.653585926928281657e-01 3.439404197698036625e-01
3.653585926928281657e-01 3.452945159106296513e-01
3.667117726657645460e-01 3.452945159106296513e-01
3.667117726657645460e-01 3.459715639810426735e-01
3.680649526387009263e-01 3.459715639810426735e-01
3.680649526387009263e-01 3.480027081922816290e-01
3.687415426251691719e-01 3.480027081922816290e-01
3.687415426251691719e-01 3.500338524035206400e-01
3.700947225981055522e-01 3.500338524035206400e-01
3.700947225981055522e-01 3.513879485443466288e-01
3.714479025710419324e-01 3.513879485443466288e-01
3.714479025710419324e-01 3.568043331076506397e-01
3.721244925575101226e-01 3.568043331076506397e-01
3.721244925575101226e-01 3.574813811780636619e-01
3.728010825439783682e-01 3.574813811780636619e-01
3.728010825439783682e-01 3.581584292484766285e-01
3.734776725304465583e-01 3.581584292484766285e-01
3.734776725304465583e-01 3.608666215301286617e-01
3.741542625169147485e-01 3.608666215301286617e-01
3.741542625169147485e-01 3.615436696005416284e-01
3.748308525033829386e-01 3.615436696005416284e-01
3.748308525033829386e-01 3.635748138117806394e-01
3.755074424898511287e-01 3.635748138117806394e-01
3.755074424898511287e-01 3.649289099526066282e-01
3.775372124492557546e-01 3.649289099526066282e-01
3.775372124492557546e-01 3.669600541638456392e-01
3.782138024357239448e-01 3.669600541638456392e-01
3.782138024357239448e-01 3.676371022342586059e-01
3.802435723951285707e-01 3.676371022342586059e-01
3.802435723951285707e-01 3.683141503046716281e-01
3.843031123139377669e-01 3.683141503046716281e-01
3.856562922868741472e-01 3.683141503046716281e-01
3.863328822733423373e-01 3.683141503046716281e-01
3.863328822733423373e-01 3.703452945159106391e-01
3.890392422192151534e-01 3.703452945159106391e-01
3.890392422192151534e-01 3.730534867975626168e-01
3.910690121786197793e-01 3.730534867975626168e-01
3.910690121786197793e-01 3.764387271496276166e-01
3.924221921515561595e-01 3.764387271496276166e-01
3.924221921515561595e-01 3.771157752200406388e-01
3.937753721244925398e-01 3.771157752200406388e-01
3.937753721244925398e-01 3.777928232904536054e-01
3.951285520974289756e-01 3.777928232904536054e-01
3.964817320703653558e-01 3.777928232904536054e-01
3.964817320703653558e-01 3.791469194312795943e-01
3.971583220568335459e-01 3.791469194312795943e-01
3.971583220568335459e-01 3.798239675016926165e-01
3.978349120433017361e-01 3.798239675016926165e-01
3.991880920162381718e-01 3.798239675016926165e-01
3.998646820027063620e-01 3.798239675016926165e-01
3.998646820027063620e-01 3.811780636425186053e-01
4.012178619756427422e-01 3.811780636425186053e-01
4.012178619756427422e-01 3.838862559241706385e-01
4.025710419485791780e-01 3.838862559241706385e-01
4.025710419485791780e-01 3.852403520649966273e-01
4.032476319350473681e-01 3.852403520649966273e-01
4.032476319350473681e-01 3.899796885578876160e-01
4.039242219215155583e-01 3.899796885578876160e-01
4.039242219215155583e-01 3.906567366283005827e-01
4.059539918809201842e-01 3.906567366283005827e-01
4.059539918809201842e-01 3.913337846987136048e-01
4.073071718538565644e-01 3.913337846987136048e-01
4.073071718538565644e-01 3.933649289099526158e-01
4.079837618403247546e-01 3.933649289099526158e-01
4.079837618403247546e-01 3.940419769803655825e-01
4.093369418132611903e-01 3.940419769803655825e-01
4.113667117726657607e-01 3.940419769803655825e-01
4.127198917456021410e-01 3.940419769803655825e-01
4.140730717185385767e-01 3.940419769803655825e-01
4.140730717185385767e-01 3.953960731211916269e-01
4.147496617050067669e-01 3.953960731211916269e-01
4.161028416779431471e-01 3.953960731211916269e-01
4.188092016238159632e-01 3.953960731211916269e-01
4.188092016238159632e-01 3.967501692620176157e-01
4.201623815967523434e-01 3.967501692620176157e-01
4.201623815967523434e-01 3.974272173324305824e-01
4.208389715832205891e-01 3.974272173324305824e-01
4.208389715832205891e-01 4.001354096140826155e-01
4.221921515561569693e-01 4.001354096140826155e-01
4.228687415426251595e-01 4.001354096140826155e-01
4.228687415426251595e-01 4.008124576844955822e-01
4.235453315290933496e-01 4.008124576844955822e-01
4.235453315290933496e-01 4.014895057549086044e-01
4.242219215155615952e-01 4.014895057549086044e-01
4.242219215155615952e-01 4.021665538253215710e-01
4.248985115020297854e-01 4.021665538253215710e-01
4.248985115020297854e-01 4.028436018957345932e-01
4.262516914749661656e-01 4.028436018957345932e-01
4.262516914749661656e-01 4.062288422477995931e-01
4.282814614343707915e-01 4.062288422477995931e-01
4.303112313937753619e-01 4.062288422477995931e-01
4.303112313937753619e-01 4.069058903182126152e-01
4.309878213802435520e-01 4.069058903182126152e-01
4.309878213802435520e-01 4.075829383886255819e-01
4.323410013531799878e-01 4.075829383886255819e-01
4.336941813261163681e-01 4.075829383886255819e-01
4.350473612990527483e-01 4.075829383886255819e-01
4.350473612990527483e-01 4.096140825998645929e-01
4.404600811907983804e-01 4.096140825998645929e-01
4.404600811907983804e-01 4.123222748815165706e-01
4.411366711772665705e-01 4.123222748815165706e-01
4.424898511502029508e-01 4.123222748815165706e-01
4.424898511502029508e-01 4.150304671631686038e-01
4.451962110960757668e-01 4.150304671631686038e-01
4.451962110960757668e-01 4.157075152335815704e-01
4.472259810554803927e-01 4.157075152335815704e-01
4.472259810554803927e-01 4.170616113744075593e-01
4.472259810554803927e-01 4.184157075152336036e-01
4.479025710419485828e-01 4.184157075152336036e-01
4.492557510148849631e-01 4.184157075152336036e-01
4.492557510148849631e-01 4.190927555856465703e-01
4.506089309878213989e-01 4.190927555856465703e-01
4.519621109607577791e-01 4.190927555856465703e-01
4.526387009472259693e-01 4.190927555856465703e-01
4.526387009472259693e-01 4.224779959377115701e-01
4.533152909336941594e-01 4.224779959377115701e-01
4.533152909336941594e-01 4.238320920785375590e-01
4.539918809201624050e-01 4.238320920785375590e-01
4.539918809201624050e-01 4.251861882193635478e-01
4.546684709066305952e-01 4.251861882193635478e-01
4.546684709066305952e-01 4.258632362897765700e-01
4.566982408660351656e-01 4.258632362897765700e-01
4.566982408660351656e-01 4.272173324306025588e-01
4.580514208389716013e-01 4.272173324306025588e-01
4.580514208389716013e-01 4.278943805010155810e-01
4.587280108254397915e-01 4.278943805010155810e-01
4.587280108254397915e-01 4.299255247122545920e-01
4.594046008119079816e-01 4.299255247122545920e-01
4.594046008119079816e-01 4.306025727826675586e-01
4.600811907983761717e-01 4.306025727826675586e-01
4.600811907983761717e-01 4.319566689234935475e-01
4.614343707713126075e-01 4.319566689234935475e-01
4.614343707713126075e-01 4.339878131347325585e-01
4.621109607577807976e-01 4.339878131347325585e-01
4.621109607577807976e-01 4.360189573459715695e-01
4.634641407307171779e-01 4.360189573459715695e-01
4.634641407307171779e-01 4.366960054163845362e-01
4.641407307171853680e-01 4.366960054163845362e-01
4.654939106901218038e-01 4.366960054163845362e-01
4.661705006765899939e-01 4.366960054163845362e-01
4.688768606224628099e-01 4.366960054163845362e-01
4.688768606224628099e-01 4.373730534867975583e-01
4.695534506089310001e-01 4.373730534867975583e-01
4.695534506089310001e-01 4.380501015572105805e-01
4.702300405953991902e-01 4.380501015572105805e-01
4.702300405953991902e-01 4.387271496276235472e-01
4.709066305818673803e-01 4.387271496276235472e-01
4.722598105548038161e-01 4.387271496276235472e-01
4.736129905277401964e-01 4.387271496276235472e-01
4.736129905277401964e-01 4.394041976980365694e-01
4.749661705006765766e-01 4.394041976980365694e-01
4.749661705006765766e-01 4.427894380501015692e-01
4.763193504736130124e-01 4.427894380501015692e-01
4.763193504736130124e-01 4.441435341909275580e-01
4.776725304465493926e-01 4.441435341909275580e-01
4.776725304465493926e-01 4.454976303317535469e-01
4.783491204330175828e-01 4.454976303317535469e-01
4.797023004059540185e-01 4.454976303317535469e-01
4.803788903924222087e-01 4.454976303317535469e-01
4.803788903924222087e-01 4.461746784021665690e-01
4.810554803788903988e-01 4.461746784021665690e-01
4.810554803788903988e-01 4.468517264725795357e-01
4.817320703653585889e-01 4.468517264725795357e-01
4.817320703653585889e-01 4.482058226134055245e-01
4.824086603518267791e-01 4.482058226134055245e-01
4.830852503382949692e-01 4.488828706838185467e-01
4.837618403247632148e-01 4.488828706838185467e-01
4.837618403247632148e-01 4.495599187542315689e-01
4.851150202976995951e-01 4.495599187542315689e-01
4.851150202976995951e-01 4.502369668246445356e-01
4.857916102841677852e-01 4.502369668246445356e-01
4.857916102841677852e-01 4.536222071767095354e-01
4.864682002706359754e-01 4.536222071767095354e-01
4.864682002706359754e-01 4.542992552471225576e-01
4.878213802435724111e-01 4.542992552471225576e-01
4.884979702300406013e-01 4.542992552471225576e-01
4.884979702300406013e-01 4.549763033175355242e-01
4.898511502029769815e-01 4.549763033175355242e-01
4.912043301759134173e-01 4.549763033175355242e-01
4.912043301759134173e-01 4.556533513879485464e-01
4.925575101488497975e-01 4.556533513879485464e-01
4.945872801082544234e-01 4.556533513879485464e-01
4.959404600811908037e-01 4.556533513879485464e-01
4.959404600811908037e-01 4.570074475287745353e-01
4.966170500676589938e-01 4.570074475287745353e-01
4.966170500676589938e-01 4.603926878808395351e-01
4.979702300405953741e-01 4.603926878808395351e-01
4.979702300405953741e-01 4.624238320920785461e-01
4.986468200270636197e-01 4.624238320920785461e-01
4.986468200270636197e-01 4.637779282329045349e-01
4.993234100135318099e-01 4.637779282329045349e-01
4.993234100135318099e-01 4.651320243737305238e-01
5.000000000000000000e-01 4.651320243737305238e-01
5.000000000000000000e-01 4.664861205145565126e-01
5.006765899864682456e-01 4.664861205145565126e-01
5.006765899864682456e-01 4.671631685849695348e-01
5.020297699594046259e-01 4.671631685849695348e-01
5.033829499323410062e-01 4.671631685849695348e-01
5.033829499323410062e-01 4.685172647257955236e-01
5.040595399188092518e-01 4.685172647257955236e-01
5.040595399188092518e-01 4.698713608666215125e-01
5.047361299052773864e-01 4.698713608666215125e-01
5.047361299052773864e-01 4.705484089370345346e-01
5.067658998646820123e-01 4.705484089370345346e-01
5.067658998646820123e-01 4.732566012186865123e-01
5.074424898511502580e-01 4.732566012186865123e-01
5.074424898511502580e-01 4.739336492890995345e-01
5.081190798376183926e-01 4.739336492890995345e-01
5.081190798376183926e-01 4.746106973595125011e-01
5.087956698240866382e-01 4.746106973595125011e-01
5.087956698240866382e-01 4.752877454299255233e-01
5.094722598105547728e-01 4.752877454299255233e-01
5.094722598105547728e-01 4.766418415707515122e-01
5.101488497970230185e-01 4.766418415707515122e-01
5.101488497970230185e-01 4.773188896411645343e-01
5.121786197564276444e-01 4.773188896411645343e-01
5.121786197564276444e-01 4.779959377115775010e-01
5.135317997293640246e-01 4.779959377115775010e-01
5.135317997293640246e-01 4.807041299932295342e-01
5.142083897158321593e-01 4.807041299932295342e-01
5.142083897158321593e-01 4.813811780636425008e-01
5.148849797023004049e-01 4.813811780636425008e-01
5.148849797023004049e-01 4.834123222748815119e-01
5.155615696887686505e-01 4.834123222748815119e-01
5.155615696887686505e-01 4.854434664861205229e-01
5.162381596752367852e-01 4.854434664861205229e-01
5.175913396481731654e-01 4.854434664861205229e-01
5.175913396481731654e-01 4.861205145565334895e-01
5.175913396481731654e-01 4.874746106973595339e-01
5.189445196211096567e-01 4.874746106973595339e-01
5.189445196211096567e-01 4.895057549085984894e-01
5.196211096075777913e-01 4.895057549085984894e-01
5.196211096075777913e-01 4.928909952606634892e-01
5.209742895805141716e-01 4.928909952606634892e-01
5.209742895805141716e-01 4.955991875423155224e-01
5.216508795669824172e-01 4.955991875423155224e-01
5.216508795669824172e-01 4.962762356127284891e-01
5.223274695534506629e-01 4.962762356127284891e-01
5.223274695534506629e-01 5.003385240352065111e-01
5.236806495263870431e-01 5.003385240352065111e-01
5.236806495263870431e-01 5.010155721056195333e-01
5.250338294993234234e-01 5.010155721056195333e-01
5.250338294993234234e-01 5.023696682464454666e-01
5.250338294993234234e-01 5.030467163168584888e-01
5.263870094722598036e-01 5.030467163168584888e-01
5.263870094722598036e-01 5.037237643872715109e-01
5.270635994587280493e-01 5.037237643872715109e-01
5.270635994587280493e-01 5.044008124576845331e-01
5.277401894451961839e-01 5.044008124576845331e-01
5.277401894451961839e-01 5.064319566689234886e-01
5.284167794316644295e-01 5.064319566689234886e-01
5.297699594046008098e-01 5.064319566689234886e-01
5.304465493910690554e-01 5.064319566689234886e-01
5.304465493910690554e-01 5.077860528097495330e-01
5.317997293640054357e-01 5.077860528097495330e-01
5.331529093369418160e-01 5.077860528097495330e-01
5.331529093369418160e-01 5.084631008801624441e-01
5.345060893098781962e-01 5.084631008801624441e-01
5.345060893098781962e-01 5.098171970209884885e-01
5.351826792963464419e-01 5.098171970209884885e-01
5.351826792963464419e-01 5.111712931618145328e-01
5.365358592692828221e-01 5.111712931618145328e-01
5.365358592692828221e-01 5.125253893026404661e-01
5.378890392422192024e-01 5.125253893026404661e-01
5.392422192151555826e-01 5.125253893026404661e-01
5.392422192151555826e-01 5.132024373730534883e-01
5.405953991880919629e-01 5.132024373730534883e-01
5.405953991880919629e-01 5.138794854434665105e-01
5.439783491204329691e-01 5.138794854434665105e-01
5.439783491204329691e-01 5.145565335138795326e-01
5.446549391069012147e-01 5.152335815842924438e-01
5.453315290933694603e-01 5.152335815842924438e-01
5.466847090663058406e-01 5.152335815842924438e-01
5.480378890392422209e-01 5.152335815842924438e-01
5.480378890392422209e-01 5.172647257955315103e-01
5.500676589986468468e-01 5.172647257955315103e-01
5.500676589986468468e-01 5.192958700067704658e-01
5.507442489851149814e-01 5.192958700067704658e-01
5.507442489851149814e-01 5.220040622884224435e-01
5.527740189445196073e-01 5.220040622884224435e-01
5.534506089309878529e-01 5.220040622884224435e-01
5.534506089309878529e-01 5.247122545700744212e-01
5.541271989174559875e-01 5.247122545700744212e-01
5.541271989174559875e-01 5.287745429925524432e-01
5.548037889039242332e-01 5.287745429925524432e-01
5.548037889039242332e-01 5.314827352742044209e-01
5.561569688768606134e-01 5.314827352742044209e-01
5.561569688768606134e-01 5.321597833446174430e-01
5.568335588633288591e-01 5.321597833446174430e-01
5.568335588633288591e-01 5.335138794854434874e-01
5.575101488497969937e-01 5.335138794854434874e-01
5.575101488497969937e-01 5.348679756262694207e-01
5.588633288227333740e-01 5.348679756262694207e-01
5.588633288227333740e-01 5.355450236966824429e-01
5.602165087956698653e-01 5.355450236966824429e-01
5.602165087956698653e-01 5.375761679079215094e-01
5.608930987821379999e-01 5.375761679079215094e-01
5.608930987821379999e-01 5.382532159783344206e-01
5.615696887686062455e-01 5.382532159783344206e-01
5.615696887686062455e-01 5.389302640487474427e-01
5.629228687415426258e-01 5.389302640487474427e-01
5.629228687415426258e-01 5.396073121191604649e-01
5.642760487144790060e-01 5.396073121191604649e-01
5.642760487144790060e-01 5.423155044008124426e-01
5.656292286874153863e-01 5.423155044008124426e-01
5.656292286874153863e-01 5.436696005416384869e-01
5.663058186738836319e-01 5.436696005416384869e-01
5.663058186738836319e-01 5.450236966824644202e-01
5.669824086603518776e-01 5.450236966824644202e-01
5.669824086603518776e-01 5.457007447528774424e-01
5.683355886332882578e-01 5.457007447528774424e-01
5.683355886332882578e-01 5.463777928232904646e-01
5.696887686062246381e-01 5.463777928232904646e-01
5.696887686062246381e-01 5.470548408937034868e-01
5.703653585926927727e-01 5.470548408937034868e-01
5.703653585926927727e-01 5.504400812457684866e-01
5.710419485791610184e-01 5.504400812457684866e-01
5.710419485791610184e-01 5.511171293161813978e-01
5.723951285520973986e-01 5.511171293161813978e-01
5.730717185385656443e-01 5.511171293161813978e-01
5.730717185385656443e-01 5.545023696682463976e-01
5.737483085250337789e-01 5.545023696682463976e-01
5.737483085250337789e-01 5.551794177386594198e-01
5.737483085250337789e-01 5.565335138794854641e-01
5.751014884979702702e-01 5.565335138794854641e-01
5.751014884979702702e-01 5.572105619498984863e-01
5.764546684709066504e-01 5.572105619498984863e-01
5.764546684709066504e-01 5.592417061611374418e-01
5.771312584573747850e-01 5.592417061611374418e-01
5.771312584573747850e-01 5.599187542315504640e-01
5.778078484438430307e-01 5.599187542315504640e-01
5.778078484438430307e-01 5.605958023019634862e-01
5.784844384303112763e-01 5.605958023019634862e-01
5.784844384303112763e-01 5.612728503723763973e-01
5.805142083897157912e-01 5.612728503723763973e-01
5.805142083897157912e-01 5.639810426540284860e-01
5.818673883626522825e-01 5.639810426540284860e-01
5.818673883626522825e-01 5.653351387948544193e-01
5.825439783491204171e-01 5.653351387948544193e-01
5.825439783491204171e-01 5.666892349356804637e-01
5.832205683355886627e-01 5.666892349356804637e-01
5.832205683355886627e-01 5.721056194989844190e-01
5.838971583220567974e-01 5.721056194989844190e-01
5.838971583220567974e-01 5.727826675693974412e-01
5.845737483085250430e-01 5.727826675693974412e-01
5.845737483085250430e-01 5.741367637102233745e-01
5.866035182679296689e-01 5.741367637102233745e-01
5.866035182679296689e-01 5.795531482735274409e-01
5.879566982408660492e-01 5.795531482735274409e-01
5.886332882273341838e-01 5.795531482735274409e-01
5.886332882273341838e-01 5.802301963439404631e-01
5.893098782138024294e-01 5.802301963439404631e-01
5.893098782138024294e-01 5.836154366960054629e-01
5.899864682002706751e-01 5.836154366960054629e-01
5.899864682002706751e-01 5.849695328368313962e-01
5.899864682002706751e-01 5.856465809072444184e-01
5.920162381596751899e-01 5.856465809072444184e-01
5.920162381596751899e-01 5.870006770480704628e-01
5.926928281461434356e-01 5.870006770480704628e-01
5.926928281461434356e-01 5.883547731888963961e-01
5.940460081190798158e-01 5.883547731888963961e-01
5.940460081190798158e-01 5.890318212593094183e-01
5.947225981055480615e-01 5.890318212593094183e-01
5.960757780784844417e-01 5.890318212593094183e-01
5.960757780784844417e-01 5.903859174001354626e-01
5.981055480378890676e-01 5.903859174001354626e-01
5.981055480378890676e-01 5.910629654705483738e-01
5.987821380243572023e-01 5.910629654705483738e-01
5.987821380243572023e-01 5.937711577522003514e-01
5.994587280108254479e-01 5.944482058226133736e-01
6.008119079837618282e-01 5.944482058226133736e-01
6.008119079837618282e-01 5.964793500338524401e-01
6.014884979702300738e-01 5.964793500338524401e-01
6.014884979702300738e-01 5.978334461746783735e-01
6.041948579161028343e-01 5.978334461746783735e-01
6.048714479025710800e-01 5.978334461746783735e-01
6.062246278755074602e-01 5.978334461746783735e-01
6.062246278755074602e-01 5.985104942450913956e-01
6.075778078484438405e-01 5.985104942450913956e-01
6.089309878213802207e-01 5.985104942450913956e-01
6.102841677943166010e-01 5.985104942450913956e-01
6.102841677943166010e-01 5.991875423155044178e-01
6.116373477672530923e-01 5.991875423155044178e-01
6.116373477672530923e-01 6.005416384563303511e-01
6.123139377537212269e-01 6.005416384563303511e-01
6.123139377537212269e-01 6.066350710900474397e-01
6.129905277401894725e-01 6.066350710900474397e-01
6.129905277401894725e-01 6.073121191604603508e-01
6.136671177266576072e-01 6.073121191604603508e-01
6.136671177266576072e-01 6.093432633716994173e-01
6.150202976995940984e-01 6.093432633716994173e-01
6.150202976995940984e-01 6.113744075829383728e-01
6.156968876860622331e-01 6.113744075829383728e-01
6.156968876860622331e-01 6.127285037237644172e-01
6.163734776725304787e-01 6.127285037237644172e-01
6.163734776725304787e-01 6.147596479350033727e-01
6.177266576454668590e-01 6.147596479350033727e-01
6.177266576454668590e-01 6.154366960054163949e-01
6.204330175913396195e-01 6.154366960054163949e-01
6.204330175913396195e-01 6.167907921462423282e-01
6.217861975642759997e-01 6.167907921462423282e-01
6.224627875507442454e-01 6.167907921462423282e-01
6.224627875507442454e-01 6.174678402166553504e-01
6.238159675236806256e-01 6.174678402166553504e-01
6.238159675236806256e-01 6.194989844278944169e-01
6.244925575101488713e-01 6.194989844278944169e-01
6.244925575101488713e-01 6.201760324983073280e-01
6.258457374830852515e-01 6.201760324983073280e-01
6.258457374830852515e-01 6.208530805687203502e-01
6.271989174560216318e-01 6.208530805687203502e-01
6.285520974289580121e-01 6.208530805687203502e-01
6.299052774018945033e-01 6.208530805687203502e-01
6.299052774018945033e-01 6.215301286391333724e-01
6.305818673883626380e-01 6.215301286391333724e-01
6.305818673883626380e-01 6.242383209207853501e-01
6.312584573748308836e-01 6.242383209207853501e-01
6.312584573748308836e-01 6.249153689911983722e-01
6.319350473612990182e-01 6.249153689911983722e-01
6.319350473612990182e-01 6.255924170616113944e-01
6.326116373477672639e-01 6.255924170616113944e-01
6.326116373477672639e-01 6.283006093432633721e-01
6.339648173207036441e-01 6.283006093432633721e-01
6.339648173207036441e-01 6.323628977657413941e-01
6.346414073071718898e-01 6.323628977657413941e-01
6.346414073071718898e-01 6.357481381178063939e-01
6.353179972936400244e-01 6.357481381178063939e-01
6.353179972936400244e-01 6.377792823290453494e-01
6.359945872801082700e-01 6.377792823290453494e-01
6.373477672530446503e-01 6.377792823290453494e-01
6.380243572395128959e-01 6.377792823290453494e-01
6.380243572395128959e-01 6.384563303994583716e-01
6.400541271989174108e-01 6.384563303994583716e-01
6.414073071718539021e-01 6.384563303994583716e-01
6.414073071718539021e-01 6.398104265402843049e-01
6.420838971583220367e-01 6.398104265402843049e-01
6.420838971583220367e-01 6.411645226811103493e-01
6.427604871447902823e-01 6.411645226811103493e-01
6.427604871447902823e-01 6.418415707515233715e-01
6.441136671177266626e-01 6.418415707515233715e-01
6.447902571041949082e-01 6.418415707515233715e-01
6.447902571041949082e-01 6.438727149627623270e-01
6.454668470906630429e-01 6.438727149627623270e-01
6.454668470906630429e-01 6.479350033852403490e-01
6.468200270635994231e-01 6.479350033852403490e-01
6.481732070365359144e-01 6.479350033852403490e-01
6.529093369418133008e-01 6.479350033852403490e-01
6.556156968876860613e-01 6.479350033852403490e-01
6.562922868741543070e-01 6.479350033852403490e-01
6.562922868741543070e-01 6.486120514556533712e-01
6.576454668470906872e-01 6.486120514556533712e-01
6.576454668470906872e-01 6.492890995260663933e-01
6.583220568335588219e-01 6.492890995260663933e-01
6.596752368064953131e-01 6.492890995260663933e-01
6.596752368064953131e-01 6.499661475964793045e-01
6.603518267929634478e-01 6.499661475964793045e-01
6.603518267929634478e-01 6.526743398781313932e-01
6.610284167794316934e-01 6.526743398781313932e-01
6.623815967523680737e-01 6.526743398781313932e-01
6.630581867388363193e-01 6.526743398781313932e-01
6.630581867388363193e-01 6.533513879485443043e-01
6.637347767253044539e-01 6.533513879485443043e-01
6.637347767253044539e-01 6.547054840893703487e-01
6.644113667117726996e-01 6.547054840893703487e-01
6.644113667117726996e-01 6.560595802301963930e-01
6.650879566982408342e-01 6.567366283006093042e-01
6.650879566982408342e-01 6.574136763710223264e-01
6.664411366711772144e-01 6.574136763710223264e-01
6.664411366711772144e-01 6.587677725118483707e-01
6.677943166441137057e-01 6.587677725118483707e-01
6.684709066305818403e-01 6.587677725118483707e-01
6.684709066305818403e-01 6.594448205822613929e-01
6.698240866035182206e-01 6.594448205822613929e-01
6.698240866035182206e-01 6.601218686526743040e-01
6.711772665764547119e-01 6.601218686526743040e-01
6.725304465493910921e-01 6.601218686526743040e-01
6.725304465493910921e-01 6.607989167230873262e-01
6.745602165087957180e-01 6.607989167230873262e-01
6.745602165087957180e-01 6.614759647935003484e-01
6.752368064952638527e-01 6.614759647935003484e-01
6.765899864682002329e-01 6.614759647935003484e-01
6.765899864682002329e-01 6.621530128639133705e-01
6.772665764546684786e-01 6.621530128639133705e-01
6.772665764546684786e-01 6.648612051455653482e-01
6.786197564276048588e-01 6.648612051455653482e-01
6.792963464140731045e-01 6.648612051455653482e-01
6.792963464140731045e-01 6.655382532159783704e-01
6.820027063599458650e-01 6.655382532159783704e-01
6.820027063599458650e-01 6.662153012863912815e-01
6.833558863328822452e-01 6.662153012863912815e-01
6.833558863328822452e-01 6.682464454976303481e-01
6.840324763193504909e-01 6.682464454976303481e-01
6.853856562922868711e-01 6.682464454976303481e-01
6.853856562922868711e-01 6.689234935680433702e-01
6.860622462787551168e-01 6.689234935680433702e-01
6.860622462787551168e-01 6.702775897088693036e-01
6.874154262516914971e-01 6.702775897088693036e-01
6.894451962110961230e-01 6.702775897088693036e-01
6.894451962110961230e-01 6.709546377792823257e-01
6.907983761840325032e-01 6.709546377792823257e-01
6.907983761840325032e-01 6.743398781313473256e-01
6.935047361299052637e-01 6.743398781313473256e-01
6.935047361299052637e-01 6.750169262017603478e-01
6.941813261163735094e-01 6.750169262017603478e-01
6.941813261163735094e-01 6.763710223425862811e-01
6.948579161028416440e-01 6.763710223425862811e-01
6.948579161028416440e-01 6.770480704129993033e-01
6.955345060893098896e-01 6.770480704129993033e-01
6.955345060893098896e-01 6.777251184834123254e-01
6.968876860622462699e-01 6.777251184834123254e-01
6.968876860622462699e-01 6.784021665538253476e-01
6.975642760487145155e-01 6.784021665538253476e-01
6.975642760487145155e-01 6.790792146242383698e-01
6.989174560216508958e-01 6.790792146242383698e-01
7.002706359945872761e-01 6.790792146242383698e-01
7.016238159675236563e-01 6.790792146242383698e-01
7.016238159675236563e-01 6.797562626946512809e-01
7.029769959404600366e-01 6.797562626946512809e-01
7.029769959404600366e-01 6.851726472579553473e-01
7.036535859269282822e-01 6.851726472579553473e-01
7.036535859269282822e-01 6.872037914691943028e-01
7.043301759133965279e-01 6.872037914691943028e-01
7.043301759133965279e-01 6.878808395396073250e-01
7.050067658998646625e-01 6.878808395396073250e-01
7.050067658998646625e-01 6.885578876100203471e-01
7.063599458728010427e-01 6.885578876100203471e-01
7.083897158322056686e-01 6.885578876100203471e-01
7.090663058186739143e-01 6.892349356804332583e-01
7.097428958051420489e-01 6.892349356804332583e-01
7.097428958051420489e-01 6.905890318212593026e-01
7.124492557510149204e-01 6.905890318212593026e-01
7.124492557510149204e-01 6.912660798916723248e-01
7.138024357239513007e-01 6.912660798916723248e-01
7.144790257104194353e-01 6.912660798916723248e-01
7.144790257104194353e-01 6.919431279620853470e-01
7.151556156968876810e-01 6.919431279620853470e-01
7.151556156968876810e-01 6.926201760324982581e-01
7.165087956698240612e-01 6.926201760324982581e-01
7.171853856562923069e-01 6.926201760324982581e-01
7.171853856562923069e-01 6.939742721733243025e-01
7.185385656292286871e-01 6.939742721733243025e-01
7.185385656292286871e-01 6.973595125253893023e-01
7.192151556156969328e-01 6.973595125253893023e-01
7.192151556156969328e-01 6.980365605958023245e-01
7.198917456021650674e-01 6.980365605958023245e-01
7.198917456021650674e-01 6.987136086662153467e-01
7.205683355886333130e-01 6.987136086662153467e-01
7.205683355886333130e-01 7.014218009478673244e-01
7.219215155615696933e-01 7.014218009478673244e-01
7.219215155615696933e-01 7.027758970886932577e-01
7.239512855209743192e-01 7.027758970886932577e-01
7.239512855209743192e-01 7.034529451591062799e-01
7.246278755074424538e-01 7.034529451591062799e-01
7.246278755074424538e-01 7.048070412999323242e-01
7.253044654939106994e-01 7.054840893703453464e-01
7.253044654939106994e-01 7.061611374407582575e-01
7.266576454668470797e-01 7.061611374407582575e-01
7.286874154262517056e-01 7.061611374407582575e-01
7.300405953991880859e-01 7.061611374407582575e-01
7.300405953991880859e-01 7.075152335815843019e-01
7.307171853856563315e-01 7.075152335815843019e-01
7.307171853856563315e-01 7.081922816519973241e-01
7.320703653585927118e-01 7.081922816519973241e-01
7.320703653585927118e-01 7.102234258632362796e-01
7.327469553450608464e-01 7.102234258632362796e-01
7.327469553450608464e-01 7.115775220040623239e-01
7.341001353179973377e-01 7.115775220040623239e-01
7.341001353179973377e-01 7.129316181448882572e-01
7.347767253044654723e-01 7.129316181448882572e-01
7.347767253044654723e-01 7.156398104265402349e-01
7.354533152909337179e-01 7.156398104265402349e-01
7.354533152909337179e-01 7.163168584969532571e-01
7.368064952638700982e-01 7.163168584969532571e-01
7.388362652232747241e-01 7.163168584969532571e-01
7.401894451962111043e-01 7.163168584969532571e-01
7.401894451962111043e-01 7.197020988490182569e-01
7.415426251691474846e-01 7.197020988490182569e-01
7.442489851150202451e-01 7.197020988490182569e-01
7.442489851150202451e-01 7.210561949898443013e-01
7.449255751014884908e-01 7.210561949898443013e-01
7.449255751014884908e-01 7.224102911306702346e-01
7.456021650879567364e-01 7.224102911306702346e-01
7.456021650879567364e-01 7.230873392010832568e-01
7.462787550744248710e-01 7.230873392010832568e-01
7.462787550744248710e-01 7.244414353419093011e-01
7.462787550744248710e-01 7.257955314827352344e-01
7.476319350473612513e-01 7.257955314827352344e-01
7.476319350473612513e-01 7.285037237643873231e-01
7.483085250338294969e-01 7.285037237643873231e-01
7.483085250338294969e-01 7.291807718348002343e-01
7.496617050067658772e-01 7.291807718348002343e-01
7.496617050067658772e-01 7.298578199052132565e-01
7.510148849797022574e-01 7.298578199052132565e-01
7.510148849797022574e-01 7.305348679756262786e-01
7.523680649526387487e-01 7.305348679756262786e-01
7.523680649526387487e-01 7.318889641164523230e-01
7.530446549391068833e-01 7.318889641164523230e-01
7.530446549391068833e-01 7.325660121868652341e-01
7.543978349120432636e-01 7.325660121868652341e-01
7.571041948579161351e-01 7.325660121868652341e-01
7.571041948579161351e-01 7.332430602572782563e-01
7.577807848443842698e-01 7.332430602572782563e-01
7.577807848443842698e-01 7.339201083276912785e-01
7.584573748308525154e-01 7.339201083276912785e-01
7.584573748308525154e-01 7.352742044685172118e-01
7.591339648173206500e-01 7.352742044685172118e-01
7.604871447902571413e-01 7.352742044685172118e-01
7.611637347767252759e-01 7.352742044685172118e-01
7.625169147496616562e-01 7.352742044685172118e-01
7.638700947225981475e-01 7.352742044685172118e-01
7.638700947225981475e-01 7.379823967501693005e-01
7.645466847090662821e-01 7.379823967501693005e-01
7.645466847090662821e-01 7.406905890318212782e-01
7.658998646820026623e-01 7.406905890318212782e-01
7.658998646820026623e-01 7.420446851726472115e-01
7.672530446549391536e-01 7.420446851726472115e-01
7.672530446549391536e-01 7.427217332430602337e-01
7.679296346414072882e-01 7.427217332430602337e-01
7.679296346414072882e-01 7.433987813134732558e-01
7.692828146143436685e-01 7.433987813134732558e-01
7.692828146143436685e-01 7.440758293838862780e-01
7.719891745602165400e-01 7.440758293838862780e-01
7.733423545331529203e-01 7.440758293838862780e-01
7.740189445196210549e-01 7.440758293838862780e-01
7.740189445196210549e-01 7.454299255247122113e-01
7.753721244925575462e-01 7.454299255247122113e-01
7.753721244925575462e-01 7.467840216655382557e-01
7.760487144790256808e-01 7.467840216655382557e-01
7.774018944519620611e-01 7.467840216655382557e-01
7.774018944519620611e-01 7.474610697359512779e-01
7.780784844384303067e-01 7.474610697359512779e-01
7.780784844384303067e-01 7.481381178063643000e-01
7.787550744248985524e-01 7.481381178063643000e-01
7.787550744248985524e-01 7.494922139471902334e-01
7.794316644113666870e-01 7.494922139471902334e-01
7.794316644113666870e-01 7.508463100880162777e-01
7.814614343707713129e-01 7.508463100880162777e-01
7.814614343707713129e-01 7.542315504400812776e-01
7.841677943166440734e-01 7.542315504400812776e-01
7.841677943166440734e-01 7.549085985104942997e-01
7.841677943166440734e-01 7.562626946513202331e-01
7.841677943166440734e-01 7.569397427217332552e-01
7.855209742895805647e-01 7.569397427217332552e-01
7.855209742895805647e-01 7.582938388625591886e-01
7.868741542625169449e-01 7.582938388625591886e-01
7.868741542625169449e-01 7.589708869329722107e-01
7.882273342354533252e-01 7.589708869329722107e-01
7.882273342354533252e-01 7.603249830737982551e-01
7.889039242219215708e-01 7.603249830737982551e-01
7.889039242219215708e-01 7.610020311442112773e-01
7.902571041948579511e-01 7.610020311442112773e-01
7.916102841677943314e-01 7.610020311442112773e-01
7.916102841677943314e-01 7.616790792146241884e-01
7.922868741542624660e-01 7.616790792146241884e-01
7.922868741542624660e-01 7.643872714962762771e-01
7.936400541271989573e-01 7.643872714962762771e-01
7.943166441136670919e-01 7.643872714962762771e-01
7.956698240866034721e-01 7.643872714962762771e-01
7.956698240866034721e-01 7.657413676371022104e-01
7.983761840324763437e-01 7.657413676371022104e-01
7.997293640054127239e-01 7.657413676371022104e-01
7.997293640054127239e-01 7.677725118483412770e-01
8.010825439783491042e-01 7.677725118483412770e-01
8.010825439783491042e-01 7.684495599187541881e-01
8.024357239512854845e-01 7.684495599187541881e-01
8.024357239512854845e-01 7.691266079891672103e-01
8.031123139377537301e-01 7.691266079891672103e-01
8.031123139377537301e-01 7.704807041299932546e-01
8.044654939106901104e-01 7.704807041299932546e-01
8.044654939106901104e-01 7.711577522004062768e-01
8.058186738836264906e-01 7.711577522004062768e-01
8.064952638700947363e-01 7.711577522004062768e-01
8.064952638700947363e-01 7.745429925524712766e-01
8.078484438430311165e-01 7.745429925524712766e-01
8.078484438430311165e-01 7.772511848341232543e-01
8.085250338294993622e-01 7.772511848341232543e-01
8.085250338294993622e-01 7.792823290453622098e-01
8.092016238159674968e-01 7.792823290453622098e-01
8.092016238159674968e-01 7.806364251861882542e-01
8.098782138024357424e-01 7.806364251861882542e-01
8.125845737483085029e-01 7.806364251861882542e-01
8.125845737483085029e-01 7.813134732566011653e-01
8.146143437077131289e-01 7.813134732566011653e-01
8.146143437077131289e-01 7.833446174678402318e-01
8.152909336941813745e-01 7.833446174678402318e-01
8.152909336941813745e-01 7.846987136086661652e-01
8.159675236806495091e-01 7.846987136086661652e-01
8.159675236806495091e-01 7.867298578199052317e-01
8.173207036535858894e-01 7.867298578199052317e-01
8.179972936400541350e-01 7.867298578199052317e-01
8.193504736129905153e-01 7.867298578199052317e-01
8.193504736129905153e-01 7.874069058903182539e-01
8.207036535859268955e-01 7.874069058903182539e-01
8.207036535859268955e-01 7.887610020311441872e-01
8.227334235453315214e-01 7.887610020311441872e-01
8.227334235453315214e-01 7.914691943127961649e-01
8.234100135317997671e-01 7.914691943127961649e-01
8.234100135317997671e-01 7.928232904536222092e-01
8.240866035182679017e-01 7.928232904536222092e-01
8.240866035182679017e-01 7.935003385240352314e-01
8.247631935047361473e-01 7.935003385240352314e-01
8.247631935047361473e-01 7.948544346648611647e-01
8.267929634641407732e-01 7.948544346648611647e-01
8.267929634641407732e-01 7.955314827352741869e-01
8.281461434370771535e-01 7.955314827352741869e-01
8.281461434370771535e-01 7.962085308056872091e-01
8.294993234100135338e-01 7.962085308056872091e-01
8.294993234100135338e-01 7.968855788761002312e-01
8.308525033829499140e-01 7.968855788761002312e-01
8.308525033829499140e-01 7.982396750169261646e-01
8.315290933694181597e-01 7.982396750169261646e-01
8.315290933694181597e-01 7.989167230873391867e-01
8.322056833558862943e-01 7.989167230873391867e-01
8.335588633288227856e-01 7.989167230873391867e-01
8.335588633288227856e-01 7.995937711577522089e-01
8.355886332882273004e-01 7.995937711577522089e-01
8.355886332882273004e-01 8.016249153689911644e-01
8.362652232746955461e-01 8.016249153689911644e-01
8.362652232746955461e-01 8.023019634394041866e-01
8.376184032476319263e-01 8.023019634394041866e-01
8.376184032476319263e-01 8.036560595802302309e-01
8.389715832205683066e-01 8.036560595802302309e-01
8.403247631935046869e-01 8.036560595802302309e-01
8.410013531799729325e-01 8.036560595802302309e-01
8.410013531799729325e-01 8.043331076506431421e-01
8.430311231393775584e-01 8.043331076506431421e-01
8.430311231393775584e-01 8.056872037914691864e-01
8.443843031123139387e-01 8.056872037914691864e-01
8.457374830852503189e-01 8.056872037914691864e-01
8.457374830852503189e-01 8.070412999322952308e-01
8.464140730717185646e-01 8.070412999322952308e-01
8.464140730717185646e-01 8.077183480027081419e-01
8.477672530446549448e-01 8.077183480027081419e-01
8.477672530446549448e-01 8.090724441435341863e-01
8.491204330175913251e-01 8.090724441435341863e-01
8.491204330175913251e-01 8.104265402843602306e-01
8.504736129905277053e-01 8.104265402843602306e-01
8.504736129905277053e-01 8.111035883547731418e-01
8.518267929634640856e-01 8.111035883547731418e-01
8.525033829499323312e-01 8.111035883547731418e-01
8.525033829499323312e-01 8.138117806364252305e-01
8.538565629228687115e-01 8.138117806364252305e-01
8.552097428958050918e-01 8.138117806364252305e-01
8.552097428958050918e-01 8.144888287068381416e-01
8.565629228687415830e-01 8.144888287068381416e-01
8.565629228687415830e-01 8.165199729180772081e-01
8.579161028416779633e-01 8.165199729180772081e-01
8.606224627875507238e-01 8.165199729180772081e-01
8.606224627875507238e-01 8.178740690589031415e-01
8.633288227334235954e-01 8.178740690589031415e-01
8.646820027063599756e-01 8.178740690589031415e-01
8.667117726657646015e-01 8.178740690589031415e-01
8.667117726657646015e-01 8.185511171293161636e-01
8.673883626522327361e-01 8.185511171293161636e-01
8.673883626522327361e-01 8.199052132701422080e-01
8.680649526387009818e-01 8.199052132701422080e-01
8.680649526387009818e-01 8.205822613405552302e-01
8.721244925575101226e-01 8.205822613405552302e-01
8.721244925575101226e-01 8.253215978334461633e-01
8.734776725304465028e-01 8.253215978334461633e-01
8.741542625169147485e-01 8.253215978334461633e-01
8.741542625169147485e-01 8.273527420446851188e-01
8.755074424898511287e-01 8.273527420446851188e-01
8.755074424898511287e-01 8.287068381855111632e-01
8.761840324763193744e-01 8.287068381855111632e-01
8.761840324763193744e-01 8.320920785375761630e-01
8.775372124492557546e-01 8.320920785375761630e-01
8.775372124492557546e-01 8.348002708192281407e-01
8.795669824086603805e-01 8.348002708192281407e-01
8.795669824086603805e-01 8.368314150304672072e-01
8.815967523680650064e-01 8.368314150304672072e-01
8.815967523680650064e-01 8.375084631008801184e-01
8.822733423545331410e-01 8.375084631008801184e-01
8.822733423545331410e-01 8.442789438050101181e-01
8.829499323410013867e-01 8.442789438050101181e-01
8.829499323410013867e-01 8.449559918754231402e-01
8.836265223274695213e-01 8.449559918754231402e-01
8.836265223274695213e-01 8.456330399458361624e-01
8.856562922868741472e-01 8.456330399458361624e-01
8.856562922868741472e-01 8.463100880162491846e-01
8.870094722598105275e-01 8.463100880162491846e-01
8.897158322056833990e-01 8.463100880162491846e-01
8.897158322056833990e-01 8.483412322274881401e-01
8.903924221921515336e-01 8.483412322274881401e-01
8.903924221921515336e-01 8.530805687203791843e-01
8.917456021650879139e-01 8.530805687203791843e-01
8.917456021650879139e-01 8.564658090724441841e-01
8.924221921515561595e-01 8.564658090724441841e-01
8.924221921515561595e-01 8.578199052132701175e-01
8.937753721244925398e-01 8.578199052132701175e-01
8.944519621109607854e-01 8.578199052132701175e-01
8.944519621109607854e-01 8.591740013540961618e-01
8.951285520974289200e-01 8.591740013540961618e-01
8.951285520974289200e-01 8.612051455653351173e-01
8.958051420838971657e-01 8.612051455653351173e-01
8.971583220568335459e-01 8.612051455653351173e-01
8.978349120433017916e-01 8.612051455653351173e-01
8.978349120433017916e-01 8.625592417061611616e-01
8.985115020297699262e-01 8.625592417061611616e-01
8.985115020297699262e-01 8.645903859174001171e-01
9.012178619756427977e-01 8.645903859174001171e-01
9.012178619756427977e-01 8.693297224102911613e-01
9.025710419485791780e-01 8.693297224102911613e-01
9.025710419485791780e-01 8.720379146919431390e-01
9.039242219215155583e-01 8.720379146919431390e-01
9.039242219215155583e-01 8.761002031144211610e-01
9.059539918809201842e-01 8.761002031144211610e-01
9.059539918809201842e-01 8.794854434664861609e-01
9.066305818673883188e-01 8.794854434664861609e-01
9.066305818673883188e-01 8.808395396073120942e-01
9.073071718538565644e-01 8.808395396073120942e-01
9.073071718538565644e-01 8.835477318889640719e-01
9.086603518267929447e-01 8.835477318889640719e-01
9.086603518267929447e-01 8.869329722410290717e-01
9.093369418132611903e-01 8.869329722410290717e-01
9.093369418132611903e-01 8.882870683818551161e-01
9.106901217861975706e-01 8.882870683818551161e-01
9.113667117726658162e-01 8.882870683818551161e-01
9.113667117726658162e-01 8.889641164522681382e-01
9.120433017591339508e-01 8.889641164522681382e-01
9.120433017591339508e-01 8.896411645226811604e-01
9.140730717185385767e-01 8.896411645226811604e-01
9.140730717185385767e-01 8.923493568043331381e-01
9.147496617050067114e-01 8.923493568043331381e-01
9.147496617050067114e-01 8.943805010155720936e-01
9.161028416779432026e-01 8.943805010155720936e-01
9.174560216508795829e-01 8.943805010155720936e-01
9.174560216508795829e-01 8.957345971563981379e-01
9.181326116373477175e-01 8.957345971563981379e-01
9.181326116373477175e-01 8.970886932972240713e-01
9.188092016238159632e-01 8.970886932972240713e-01
9.188092016238159632e-01 8.991198375084631378e-01
9.201623815967523434e-01 8.991198375084631378e-01
9.201623815967523434e-01 9.038591740013540710e-01
9.221921515561569693e-01 9.038591740013540710e-01
9.221921515561569693e-01 9.045362220717670931e-01
9.235453315290933496e-01 9.045362220717670931e-01
9.255751014884979755e-01 9.045362220717670931e-01
9.262516914749662211e-01 9.045362220717670931e-01
9.262516914749662211e-01 9.052132701421801153e-01
9.269282814614343557e-01 9.052132701421801153e-01
9.269282814614343557e-01 9.058903182125931375e-01
9.289580514208389816e-01 9.058903182125931375e-01
9.289580514208389816e-01 9.079214624238320930e-01
9.296346414073072273e-01 9.079214624238320930e-01
9.309878213802436075e-01 9.079214624238320930e-01
9.316644113667117422e-01 9.079214624238320930e-01
9.316644113667117422e-01 9.099526066350710485e-01
9.323410013531799878e-01 9.099526066350710485e-01
9.323410013531799878e-01 9.106296547054840707e-01
9.336941813261163681e-01 9.106296547054840707e-01
9.343707713125846137e-01 9.106296547054840707e-01
9.357239512855209940e-01 9.106296547054840707e-01
9.357239512855209940e-01 9.113067027758970928e-01
9.364005412719891286e-01 9.113067027758970928e-01
9.364005412719891286e-01 9.119837508463101150e-01
9.377537212449256199e-01 9.119837508463101150e-01
9.377537212449256199e-01 9.140148950575490705e-01
9.384303112313937545e-01 9.140148950575490705e-01
9.384303112313937545e-01 9.153689911983751148e-01
9.397834912043301347e-01 9.153689911983751148e-01
9.418132611637347607e-01 9.153689911983751148e-01
9.418132611637347607e-01 9.160460392687881370e-01
9.424898511502030063e-01 9.160460392687881370e-01
9.424898511502030063e-01 9.180771834800270925e-01
9.431664411366711409e-01 9.180771834800270925e-01
9.431664411366711409e-01 9.201083276912660480e-01
9.445196211096076322e-01 9.201083276912660480e-01
9.445196211096076322e-01 9.221394719025051145e-01
9.458728010825440125e-01 9.221394719025051145e-01
9.458728010825440125e-01 9.228165199729180257e-01
9.472259810554803927e-01 9.228165199729180257e-01
9.472259810554803927e-01 9.302640487474610476e-01
9.479025710419485273e-01 9.302640487474610476e-01
9.479025710419485273e-01 9.356804333107651139e-01
9.492557510148850186e-01 9.356804333107651139e-01
9.492557510148850186e-01 9.363574813811780251e-01
9.506089309878213989e-01 9.363574813811780251e-01
9.506089309878213989e-01 9.383886255924170916e-01
9.512855209742895335e-01 9.383886255924170916e-01
9.512855209742895335e-01 9.390656736628301138e-01
9.519621109607577791e-01 9.390656736628301138e-01
9.519621109607577791e-01 9.410968178740690693e-01
9.526387009472260248e-01 9.410968178740690693e-01
9.526387009472260248e-01 9.424509140148950026e-01
9.533152909336941594e-01 9.424509140148950026e-01
9.533152909336941594e-01 9.485443466486120911e-01
9.546684709066305397e-01 9.485443466486120911e-01
9.546684709066305397e-01 9.505754908598510466e-01
9.560216508795670309e-01 9.505754908598510466e-01
9.560216508795670309e-01 9.539607312119160465e-01
9.580514208389715458e-01 9.539607312119160465e-01
9.580514208389715458e-01 9.553148273527420908e-01
9.594046008119080371e-01 9.553148273527420908e-01
9.594046008119080371e-01 9.593771157752200018e-01
9.600811907983761717e-01 9.593771157752200018e-01
9.600811907983761717e-01 9.600541638456330240e-01
9.607577807848444174e-01 9.600541638456330240e-01
9.607577807848444174e-01 9.634394041976980239e-01
9.614343707713125520e-01 9.634394041976980239e-01
9.614343707713125520e-01 9.641164522681110460e-01
9.627875507442489322e-01 9.641164522681110460e-01
9.627875507442489322e-01 9.661475964793500015e-01
9.634641407307171779e-01 9.661475964793500015e-01
9.634641407307171779e-01 9.695328368314150014e-01
9.648173207036535581e-01 9.695328368314150014e-01
9.648173207036535581e-01 9.708869329722410457e-01
9.661705006765899384e-01 9.708869329722410457e-01
9.661705006765899384e-01 9.749492213947190677e-01
9.682002706359945643e-01 9.749492213947190677e-01
9.682002706359945643e-01 9.763033175355450011e-01
9.688768606224628099e-01 9.763033175355450011e-01
9.688768606224628099e-01 9.769803656059580232e-01
9.702300405953991902e-01 9.769803656059580232e-01
9.702300405953991902e-01 9.776574136763710454e-01
9.715832205683355705e-01 9.776574136763710454e-01
9.729364005412719507e-01 9.776574136763710454e-01
9.729364005412719507e-01 9.783344617467840676e-01
9.749661705006765766e-01 9.783344617467840676e-01
9.749661705006765766e-01 9.796885578876100009e-01
9.756427604871448223e-01 9.796885578876100009e-01
9.756427604871448223e-01 9.817197020988490674e-01
9.769959404600812025e-01 9.817197020988490674e-01
9.790257104194858284e-01 9.817197020988490674e-01
9.797023004059539630e-01 9.817197020988490674e-01
9.797023004059539630e-01 9.830737982396750008e-01
9.810554803788903433e-01 9.830737982396750008e-01
9.810554803788903433e-01 9.837508463100880229e-01
9.817320703653585889e-01 9.837508463100880229e-01
9.817320703653585889e-01 9.844278943805010451e-01
9.824086603518268346e-01 9.844278943805010451e-01
9.824086603518268346e-01 9.857819905213269784e-01
9.830852503382949692e-01 9.857819905213269784e-01
9.830852503382949692e-01 9.864590385917400006e-01
9.830852503382949692e-01 9.878131347325660450e-01
9.837618403247632148e-01 9.878131347325660450e-01
9.837618403247632148e-01 9.891672308733919783e-01
9.844384303112313495e-01 9.891672308733919783e-01
9.844384303112313495e-01 9.898442789438050005e-01
9.851150202976995951e-01 9.898442789438050005e-01
9.851150202976995951e-01 9.905213270142180226e-01
9.864682002706359754e-01 9.905213270142180226e-01
9.878213802435723556e-01 9.905213270142180226e-01
9.878213802435723556e-01 9.918754231550439560e-01
9.898511502029769815e-01 9.918754231550439560e-01
9.898511502029769815e-01 9.925524712254569781e-01
9.918809201623816074e-01 9.925524712254569781e-01
9.932341001353179877e-01 9.925524712254569781e-01
9.932341001353179877e-01 9.932295192958700003e-01
9.939106901217862333e-01 9.932295192958700003e-01
9.939106901217862333e-01 9.939065673662830225e-01
9.945872801082543679e-01 9.939065673662830225e-01
9.945872801082543679e-01 9.945836154366960447e-01
9.959404600811907482e-01 9.945836154366960447e-01
9.959404600811907482e-01 9.959377115775219780e-01
9.972936400541272395e-01 9.959377115775219780e-01
9.972936400541272395e-01 9.972918077183480223e-01
9.979702300405953741e-01 9.972918077183480223e-01
9.979702300405953741e-01 9.979688557887610445e-01
9.986468200270636197e-01 9.979688557887610445e-01
9.986468200270636197e-01 9.986459038591739557e-01
9.993234100135317544e-01 9.986459038591739557e-01
9.993234100135317544e-01 9.993229519295869778e-01
1.000000000000000000e+00 9.993229519295869778e-01
1.000000000000000000e+00 1.000000000000000000e+00
