0.000000000000000000e+00 0.000000000000000000e+00
0.000000000000000000e+00 6.770480704129992972e-04
1.353179972936400643e-03 6.770480704129992972e-04
1.353179972936400643e-03 2.708192281651997189e-03
2.706359945872801286e-03 2.708192281651997189e-03
3.382949932341001390e-03 2.708192281651997189e-03
3.382949932341001390e-03 4.062288422477996000e-03
4.059539918809201495e-03 4.062288422477996000e-03
4.059539918809201495e-03 5.416384563303994377e-03
4.736129905277402033e-03 5.416384563303994377e-03
4.736129905277402033e-03 8.801624915368991622e-03
5.412719891745602571e-03 8.801624915368991622e-03
5.412719891745602571e-03 9.478672985781991245e-03
6.089309878213802242e-03 9.478672985781991245e-03
6.089309878213802242e-03 1.083276912660798875e-02
7.442489851150203319e-03 1.083276912660798875e-02
7.442489851150203319e-03 1.150981719702098838e-02
8.795669824086603528e-03 1.150981719702098838e-02
8.795669824086603528e-03 1.354096140825998724e-02
1.014884979702300460e-02 1.354096140825998724e-02
1.014884979702300460e-02 1.421800947867298513e-02
1.150202976995940395e-02 1.421800947867298513e-02
1.150202976995940395e-02 1.895734597156398249e-02
1.217861975642760448e-02 1.895734597156398249e-02
1.353179972936400556e-02 1.895734597156398249e-02
1.420838971583220610e-02 1.895734597156398249e-02
1.420838971583220610e-02 1.963439404197698038e-02
1.488497970230040664e-02 1.963439404197698038e-02
1.488497970230040664e-02 2.031144211238997827e-02
1.623815967523680598e-02 2.031144211238997827e-02
1.623815967523680598e-02 2.098849018280297962e-02
1.759133964817320706e-02 2.098849018280297962e-02
1.826792963464140759e-02 2.098849018280297962e-02
2.097428958051420975e-02 2.098849018280297962e-02
2.097428958051420975e-02 2.166553825321597751e-02
2.232746955345060735e-02 2.166553825321597751e-02
2.368064952638700843e-02 2.166553825321597751e-02
2.368064952638700843e-02 2.301963439404197675e-02
2.435723951285520897e-02 2.301963439404197675e-02
2.571041948579161004e-02 2.301963439404197675e-02
2.638700947225981058e-02 2.301963439404197675e-02
2.638700947225981058e-02 2.572782667569397524e-02
2.706359945872801112e-02 2.572782667569397524e-02
2.706359945872801112e-02 2.708192281651997449e-02
2.841677943166441220e-02 2.708192281651997449e-02
2.976995940460081327e-02 2.708192281651997449e-02
2.976995940460081327e-02 2.775897088693297238e-02
3.044654939106901381e-02 2.775897088693297238e-02
3.044654939106901381e-02 2.843601895734597026e-02
3.112313937753721088e-02 2.843601895734597026e-02
3.112313937753721088e-02 3.046716316858497087e-02
3.247631935047361196e-02 3.046716316858497087e-02
3.247631935047361196e-02 3.114421123899796875e-02
3.315290933694181597e-02 3.114421123899796875e-02
3.315290933694181597e-02 3.656059580230196226e-02
3.382949932341001303e-02 3.656059580230196226e-02
3.382949932341001303e-02 3.791469194312796498e-02
3.450608930987821704e-02 3.791469194312796498e-02
3.450608930987821704e-02 3.859174001354095940e-02
3.653585926928281519e-02 3.859174001354095940e-02
3.653585926928281519e-02 4.062288422477995653e-02
3.856562922868741333e-02 4.062288422477995653e-02
3.856562922868741333e-02 4.129993229519295789e-02
3.991880920162381441e-02 4.129993229519295789e-02
4.127198917456021549e-02 4.129993229519295789e-02
4.262516914749661656e-02 4.129993229519295789e-02
4.262516914749661656e-02 4.197698036560595924e-02
4.330175913396482057e-02 4.197698036560595924e-02
4.330175913396482057e-02 4.333107650643195502e-02
4.397834912043301764e-02 4.333107650643195502e-02
4.397834912043301764e-02 4.536222071767095215e-02
4.533152909336941871e-02 4.536222071767095215e-02
4.533152909336941871e-02 4.603926878808395351e-02
4.668470906630581979e-02 4.603926878808395351e-02
4.668470906630581979e-02 4.671631685849695487e-02
4.736129905277401686e-02 4.671631685849695487e-02
4.736129905277401686e-02 5.213270142180094491e-02
4.871447902571041794e-02 5.213270142180094491e-02
5.006765899864681901e-02 5.213270142180094491e-02
5.142083897158322009e-02 5.213270142180094491e-02
5.142083897158322009e-02 5.348679756262694762e-02
5.277401894451962117e-02 5.348679756262694762e-02
5.277401894451962117e-02 5.484089370345294340e-02
5.412719891745602224e-02 5.484089370345294340e-02
5.412719891745602224e-02 5.890318212593093766e-02
5.480378890392421931e-02 5.890318212593093766e-02
5.480378890392421931e-02 6.161137440758293615e-02
5.548037889039242332e-02 6.161137440758293615e-02
5.548037889039242332e-02 6.228842247799593751e-02
5.683355886332882440e-02 6.228842247799593751e-02
5.683355886332882440e-02 6.296547054840893887e-02
5.886332882273342254e-02 6.296547054840893887e-02
5.886332882273342254e-02 6.499661475964793600e-02
5.953991880920162655e-02 6.499661475964793600e-02
5.953991880920162655e-02 6.567366283006093042e-02
6.089309878213802762e-02 6.567366283006093042e-02
6.089309878213802762e-02 7.041299932295193298e-02
6.224627875507442176e-02 7.041299932295193298e-02
6.224627875507442176e-02 7.244414353419093011e-02
6.359945872801082978e-02 7.244414353419093011e-02
6.359945872801082978e-02 7.379823967501693283e-02
6.562922868741542792e-02 7.379823967501693283e-02
6.562922868741542792e-02 7.447528774542992724e-02
6.630581867388363193e-02 7.447528774542992724e-02
6.630581867388363193e-02 7.515233581584292166e-02
6.833558863328823008e-02 7.515233581584292166e-02
6.833558863328823008e-02 7.582938388625592996e-02
6.901217861975643408e-02 7.582938388625592996e-02
6.901217861975643408e-02 7.718348002708191880e-02
7.036535859269282822e-02 7.718348002708191880e-02
7.036535859269282822e-02 7.921462423832091593e-02
7.104194857916103223e-02 7.921462423832091593e-02
7.104194857916103223e-02 8.056872037914691864e-02
7.171853856562922236e-02 8.056872037914691864e-02
7.171853856562922236e-02 8.192281651997292136e-02
7.239512855209742637e-02 8.192281651997292136e-02
7.239512855209742637e-02 8.327691266079891019e-02
7.307171853856563037e-02 8.327691266079891019e-02
7.442489851150202451e-02 8.327691266079891019e-02
7.510148849797022852e-02 8.327691266079891019e-02
7.510148849797022852e-02 8.395396073121191849e-02
7.577807848443843253e-02 8.395396073121191849e-02
7.713125845737482666e-02 8.395396073121191849e-02
7.713125845737482666e-02 8.530805687203792120e-02
7.848443843031123468e-02 8.530805687203792120e-02
7.916102841677942481e-02 8.530805687203792120e-02
7.916102841677942481e-02 8.598510494245091562e-02
8.051420838971583283e-02 8.598510494245091562e-02
8.051420838971583283e-02 8.733920108327691834e-02
8.254397834912043097e-02 8.733920108327691834e-02
8.254397834912043097e-02 9.072444143534190431e-02
8.322056833558863498e-02 9.072444143534190431e-02
8.322056833558863498e-02 9.140148950575491260e-02
8.389715832205683899e-02 9.140148950575491260e-02
8.525033829499323312e-02 9.140148950575491260e-02
8.525033829499323312e-02 9.207853757616790702e-02
8.592692828146143713e-02 9.207853757616790702e-02
8.592692828146143713e-02 9.275558564658090144e-02
8.660351826792964114e-02 9.275558564658090144e-02
8.660351826792964114e-02 9.343263371699390973e-02
8.795669824086603528e-02 9.343263371699390973e-02
8.795669824086603528e-02 9.410968178740690415e-02
8.998646820027063342e-02 9.410968178740690415e-02
8.998646820027063342e-02 9.478672985781989857e-02
9.133964817320704144e-02 9.478672985781989857e-02
9.133964817320704144e-02 9.546377792823290687e-02
9.404600811907984359e-02 9.546377792823290687e-02
9.404600811907984359e-02 9.884901828029790671e-02
9.472259810554803372e-02 9.884901828029790671e-02
9.472259810554803372e-02 9.952606635071090113e-02
9.539918809201623773e-02 9.952606635071090113e-02
9.539918809201623773e-02 1.002031144211238955e-01
9.607577807848444174e-02 1.002031144211238955e-01
9.607577807848444174e-02 1.022342586323628927e-01
9.675236806495263187e-02 1.022342586323628927e-01
9.945872801082543402e-02 1.022342586323628927e-01
9.945872801082543402e-02 1.035883547731888954e-01
1.001353179972936380e-01 1.035883547731888954e-01
1.014884979702300460e-01 1.035883547731888954e-01
1.014884979702300460e-01 1.056194989844278925e-01
1.028416779431664402e-01 1.056194989844278925e-01
1.028416779431664402e-01 1.062965470548408869e-01
1.035182679296346442e-01 1.062965470548408869e-01
1.035182679296346442e-01 1.090047393364928924e-01
1.041948579161028482e-01 1.090047393364928924e-01
1.041948579161028482e-01 1.103588354773188951e-01
1.055480378890392423e-01 1.103588354773188951e-01
1.055480378890392423e-01 1.110358835477318895e-01
1.075778078484438405e-01 1.110358835477318895e-01
1.082543978349120445e-01 1.110358835477318895e-01
1.082543978349120445e-01 1.117129316181448839e-01
1.089309878213802485e-01 1.117129316181448839e-01
1.089309878213802485e-01 1.123899796885578922e-01
1.102841677943166426e-01 1.123899796885578922e-01
1.116373477672530506e-01 1.123899796885578922e-01
1.123139377537212408e-01 1.123899796885578922e-01
1.123139377537212408e-01 1.150981719702098838e-01
1.143437077131258389e-01 1.150981719702098838e-01
1.143437077131258389e-01 1.178063642518618753e-01
1.150202976995940429e-01 1.178063642518618753e-01
1.163734776725304509e-01 1.178063642518618753e-01
1.163734776725304509e-01 1.184834123222748836e-01
1.170500676589986411e-01 1.184834123222748836e-01
1.170500676589986411e-01 1.218686526743398835e-01
1.177266576454668451e-01 1.218686526743398835e-01
1.177266576454668451e-01 1.225457007447528779e-01
1.190798376184032531e-01 1.225457007447528779e-01
1.204330175913396472e-01 1.225457007447528779e-01
1.204330175913396472e-01 1.259309410968178777e-01
1.211096075778078512e-01 1.259309410968178777e-01
1.211096075778078512e-01 1.266079891672308722e-01
1.224627875507442454e-01 1.266079891672308722e-01
1.224627875507442454e-01 1.279620853080568610e-01
1.231393775372124494e-01 1.279620853080568610e-01
1.231393775372124494e-01 1.320243737305348553e-01
1.244925575101488435e-01 1.320243737305348553e-01
1.251691474966170614e-01 1.320243737305348553e-01
1.265223274695534417e-01 1.320243737305348553e-01
1.265223274695534417e-01 1.333784698713608718e-01
1.271989174560216596e-01 1.333784698713608718e-01
1.271989174560216596e-01 1.340555179417738663e-01
1.278755074424898497e-01 1.340555179417738663e-01
1.278755074424898497e-01 1.347325660121868607e-01
1.285520974289580398e-01 1.347325660121868607e-01
1.285520974289580398e-01 1.354096140825998551e-01
1.305818673883626657e-01 1.354096140825998551e-01
1.305818673883626657e-01 1.360866621530128773e-01
1.319350473612990460e-01 1.360866621530128773e-01
1.319350473612990460e-01 1.367637102234258717e-01
1.326116373477672639e-01 1.367637102234258717e-01
1.326116373477672639e-01 1.381178063642518605e-01
1.346414073071718620e-01 1.381178063642518605e-01
1.346414073071718620e-01 1.394719025050778494e-01
1.359945872801082423e-01 1.394719025050778494e-01
1.359945872801082423e-01 1.401489505754908715e-01
1.366711772665764602e-01 1.401489505754908715e-01
1.366711772665764602e-01 1.415030467163168604e-01
1.380243572395128682e-01 1.415030467163168604e-01
1.387009472259810583e-01 1.415030467163168604e-01
1.387009472259810583e-01 1.421800947867298548e-01
1.393775372124492484e-01 1.421800947867298548e-01
1.393775372124492484e-01 1.448882870683818602e-01
1.400541271989174663e-01 1.448882870683818602e-01
1.414073071718538466e-01 1.448882870683818602e-01
1.420838971583220645e-01 1.448882870683818602e-01
1.420838971583220645e-01 1.462423832092078491e-01
1.434370771312584447e-01 1.462423832092078491e-01
1.434370771312584447e-01 1.475964793500338657e-01
1.441136671177266626e-01 1.475964793500338657e-01
1.454668470906630706e-01 1.475964793500338657e-01
1.461434370771312607e-01 1.475964793500338657e-01
1.474966170500676688e-01 1.475964793500338657e-01
1.474966170500676688e-01 1.489505754908598545e-01
1.502029769959404570e-01 1.489505754908598545e-01
1.515561569688768651e-01 1.489505754908598545e-01
1.515561569688768651e-01 1.509817197020988377e-01
1.522327469553450552e-01 1.509817197020988377e-01
1.522327469553450552e-01 1.543669600541638376e-01
1.535859269282814632e-01 1.543669600541638376e-01
1.535859269282814632e-01 1.563981042654028486e-01
1.542625169147496533e-01 1.563981042654028486e-01
1.556156968876860613e-01 1.563981042654028486e-01
1.556156968876860613e-01 1.570751523358158430e-01
1.569688768606224694e-01 1.570751523358158430e-01
1.569688768606224694e-01 1.577522004062288374e-01
1.576454668470906595e-01 1.577522004062288374e-01
1.576454668470906595e-01 1.604603926878808429e-01
1.596752368064952576e-01 1.604603926878808429e-01
1.596752368064952576e-01 1.611374407582938373e-01
1.630581867388362638e-01 1.611374407582938373e-01
1.630581867388362638e-01 1.618144888287068317e-01
1.637347767253044539e-01 1.618144888287068317e-01
1.637347767253044539e-01 1.624915368991198261e-01
1.650879566982408619e-01 1.624915368991198261e-01
1.650879566982408619e-01 1.658767772511848260e-01
1.657645466847090798e-01 1.658767772511848260e-01
1.657645466847090798e-01 1.679079214624238370e-01
1.664411366711772700e-01 1.679079214624238370e-01
1.664411366711772700e-01 1.692620176032498258e-01
1.671177266576454601e-01 1.692620176032498258e-01
1.671177266576454601e-01 1.699390656736628202e-01
1.677943166441136780e-01 1.699390656736628202e-01
1.691474966170500582e-01 1.699390656736628202e-01
1.691474966170500582e-01 1.746784021665538367e-01
1.718538565629228743e-01 1.746784021665538367e-01
1.718538565629228743e-01 1.760324983073798255e-01
1.725304465493910644e-01 1.760324983073798255e-01
1.725304465493910644e-01 1.767095463777928199e-01
1.732070365358592823e-01 1.767095463777928199e-01
1.732070365358592823e-01 1.780636425186188088e-01
1.745602165087956625e-01 1.780636425186188088e-01
1.759133964817320706e-01 1.780636425186188088e-01
1.759133964817320706e-01 1.794177386594448254e-01
1.772665764546684786e-01 1.794177386594448254e-01
1.772665764546684786e-01 1.807718348002708142e-01
1.779431664411366687e-01 1.807718348002708142e-01
1.779431664411366687e-01 1.821259309410968308e-01
1.786197564276048588e-01 1.821259309410968308e-01
1.786197564276048588e-01 1.834800270819228196e-01
1.820027063599458650e-01 1.834800270819228196e-01
1.820027063599458650e-01 1.848341232227488085e-01
1.833558863328822730e-01 1.848341232227488085e-01
1.833558863328822730e-01 1.861882193635748250e-01
1.840324763193504631e-01 1.861882193635748250e-01
1.853856562922868711e-01 1.861882193635748250e-01
1.853856562922868711e-01 1.868652674339878195e-01
1.867388362652232792e-01 1.868652674339878195e-01
1.867388362652232792e-01 1.882193635748138083e-01
1.887686062246278773e-01 1.882193635748138083e-01
1.901217861975642853e-01 1.882193635748138083e-01
1.907983761840324755e-01 1.882193635748138083e-01
1.907983761840324755e-01 1.895734597156397971e-01
1.914749661705006656e-01 1.895734597156397971e-01
1.914749661705006656e-01 1.902505077860528193e-01
1.928281461434370736e-01 1.902505077860528193e-01
1.928281461434370736e-01 1.916046039268788082e-01
1.941813261163734816e-01 1.916046039268788082e-01
1.941813261163734816e-01 1.922816519972918026e-01
1.948579161028416717e-01 1.922816519972918026e-01
1.948579161028416717e-01 1.936357481381178192e-01
1.955345060893098896e-01 1.936357481381178192e-01
1.955345060893098896e-01 1.990521327014218023e-01
1.962110960757780798e-01 1.990521327014218023e-01
1.962110960757780798e-01 2.031144211238997965e-01
1.968876860622462699e-01 2.031144211238997965e-01
1.968876860622462699e-01 2.044685172647257854e-01
1.975642760487144878e-01 2.044685172647257854e-01
1.975642760487144878e-01 2.064996614759647964e-01
1.982408660351826779e-01 2.064996614759647964e-01
1.982408660351826779e-01 2.078537576167907852e-01
2.002706359945872761e-01 2.078537576167907852e-01
2.002706359945872761e-01 2.092078537576168018e-01
2.023004059539918742e-01 2.092078537576168018e-01
2.023004059539918742e-01 2.098849018280297962e-01
2.043301759133964723e-01 2.098849018280297962e-01
2.043301759133964723e-01 2.112389979688557851e-01
2.050067658998646902e-01 2.112389979688557851e-01
2.050067658998646902e-01 2.125930941096817739e-01
2.056833558863328804e-01 2.125930941096817739e-01
2.056833558863328804e-01 2.132701421800947961e-01
2.063599458728010705e-01 2.132701421800947961e-01
2.063599458728010705e-01 2.146242383209207849e-01
2.077131258457374785e-01 2.146242383209207849e-01
2.097428958051420766e-01 2.146242383209207849e-01
2.097428958051420766e-01 2.166553825321597959e-01
2.104194857916102945e-01 2.166553825321597959e-01
2.104194857916102945e-01 2.173324306025727903e-01
2.124492557510148927e-01 2.173324306025727903e-01
2.124492557510148927e-01 2.193635748138117736e-01
2.151556156968876810e-01 2.193635748138117736e-01
2.151556156968876810e-01 2.207176709546377902e-01
2.158322056833558988e-01 2.207176709546377902e-01
2.158322056833558988e-01 2.213947190250507846e-01
2.171853856562922791e-01 2.213947190250507846e-01
2.171853856562922791e-01 2.220717670954637790e-01
2.178619756427604970e-01 2.220717670954637790e-01
2.178619756427604970e-01 2.254570074475287789e-01
2.185385656292286871e-01 2.254570074475287789e-01
2.185385656292286871e-01 2.261340555179417733e-01
2.198917456021650951e-01 2.261340555179417733e-01
2.205683355886332853e-01 2.261340555179417733e-01
2.205683355886332853e-01 2.274881516587677621e-01
2.219215155615696933e-01 2.274881516587677621e-01
2.219215155615696933e-01 2.281651997291807843e-01
2.232746955345061013e-01 2.281651997291807843e-01
2.239512855209742914e-01 2.281651997291807843e-01
2.239512855209742914e-01 2.295192958700067731e-01
2.253044654939106994e-01 2.295192958700067731e-01
2.266576454668470797e-01 2.295192958700067731e-01
2.266576454668470797e-01 2.315504400812457564e-01
2.286874154262516778e-01 2.315504400812457564e-01
2.286874154262516778e-01 2.322274881516587786e-01
2.300405953991880859e-01 2.322274881516587786e-01
2.300405953991880859e-01 2.329045362220717730e-01
2.307171853856563037e-01 2.329045362220717730e-01
2.307171853856563037e-01 2.342586323628977618e-01
2.320703653585926840e-01 2.342586323628977618e-01
2.320703653585926840e-01 2.349356804333107562e-01
2.334235453315290920e-01 2.349356804333107562e-01
2.334235453315290920e-01 2.356127285037237507e-01
2.341001353179972821e-01 2.356127285037237507e-01
2.341001353179972821e-01 2.376438727149627617e-01
2.347767253044655000e-01 2.376438727149627617e-01
2.347767253044655000e-01 2.410291130670277615e-01
2.368064952638700982e-01 2.410291130670277615e-01
2.368064952638700982e-01 2.417061611374407559e-01
2.381596752368065062e-01 2.417061611374407559e-01
2.381596752368065062e-01 2.423832092078537503e-01
2.388362652232746963e-01 2.423832092078537503e-01
2.388362652232746963e-01 2.477995937711577612e-01
2.395128552097428865e-01 2.477995937711577612e-01
2.395128552097428865e-01 2.491536899119837500e-01
2.401894451962111043e-01 2.491536899119837500e-01
2.401894451962111043e-01 2.511848341232227333e-01
2.415426251691474846e-01 2.511848341232227333e-01
2.415426251691474846e-01 2.518618821936357555e-01
2.422192151556157025e-01 2.518618821936357555e-01
2.422192151556157025e-01 2.532159783344617443e-01
2.442489851150203006e-01 2.532159783344617443e-01
2.442489851150203006e-01 2.559241706161137220e-01
2.456021650879567086e-01 2.559241706161137220e-01
2.456021650879567086e-01 2.566012186865267442e-01
2.462787550744248988e-01 2.566012186865267442e-01
2.462787550744248988e-01 2.572782667569397663e-01
2.469553450608930889e-01 2.572782667569397663e-01
2.469553450608930889e-01 2.579553148273527330e-01
2.510148849797023130e-01 2.579553148273527330e-01
2.510148849797023130e-01 2.593094109681787218e-01
2.516914749661705031e-01 2.593094109681787218e-01
2.516914749661705031e-01 2.599864590385917440e-01
2.530446549391068833e-01 2.599864590385917440e-01
2.530446549391068833e-01 2.606635071090047662e-01
2.543978349120433191e-01 2.606635071090047662e-01
2.543978349120433191e-01 2.626946513202437217e-01
2.557510148849796994e-01 2.626946513202437217e-01
2.557510148849796994e-01 2.640487474610697105e-01
2.571041948579160796e-01 2.640487474610697105e-01
2.571041948579160796e-01 2.667569397427217437e-01
2.591339648173207055e-01 2.667569397427217437e-01
2.591339648173207055e-01 2.694651320243737214e-01
2.598105548037888957e-01 2.694651320243737214e-01
2.611637347767253314e-01 2.694651320243737214e-01
2.611637347767253314e-01 2.708192281651997102e-01
2.631935047361299018e-01 2.708192281651997102e-01
2.631935047361299018e-01 2.721733243060257545e-01
2.645466847090662821e-01 2.721733243060257545e-01
2.645466847090662821e-01 2.728503723764387212e-01
2.658998646820027179e-01 2.728503723764387212e-01
2.665764546684709080e-01 2.728503723764387212e-01
2.665764546684709080e-01 2.735274204468517434e-01
2.679296346414072882e-01 2.735274204468517434e-01
2.679296346414072882e-01 2.742044685172647100e-01
2.686062246278755339e-01 2.742044685172647100e-01
2.686062246278755339e-01 2.762356127285037211e-01
2.692828146143437240e-01 2.762356127285037211e-01
2.692828146143437240e-01 2.775897088693297099e-01
2.706359945872801043e-01 2.775897088693297099e-01
2.706359945872801043e-01 2.789438050101556987e-01
2.713125845737482944e-01 2.789438050101556987e-01
2.713125845737482944e-01 2.830060934326337208e-01
2.726657645466847302e-01 2.830060934326337208e-01
2.726657645466847302e-01 2.890995260663506983e-01
2.740189445196211104e-01 2.890995260663506983e-01
2.740189445196211104e-01 2.911306702775897093e-01
2.753721244925574907e-01 2.911306702775897093e-01
2.753721244925574907e-01 2.924847664184156981e-01
2.774018944519621166e-01 2.924847664184156981e-01
2.774018944519621166e-01 2.951929587000677313e-01
2.787550744248984969e-01 2.951929587000677313e-01
2.787550744248984969e-01 2.965470548408937201e-01
2.801082543978349326e-01 2.965470548408937201e-01
2.801082543978349326e-01 2.979011509817197090e-01
2.807848443843031228e-01 2.979011509817197090e-01
2.807848443843031228e-01 2.985781990521326756e-01
2.814614343707713129e-01 2.985781990521326756e-01
2.828146143437076931e-01 2.985781990521326756e-01
2.828146143437076931e-01 2.992552471225456978e-01
2.841677943166441289e-01 2.992552471225456978e-01
2.848443843031123190e-01 2.992552471225456978e-01
2.848443843031123190e-01 2.999322951929587200e-01
2.868741542625168894e-01 2.999322951929587200e-01
2.868741542625168894e-01 3.039945836154366865e-01
2.875507442489851351e-01 3.039945836154366865e-01
2.875507442489851351e-01 3.060257278266756975e-01
2.882273342354533252e-01 3.060257278266756975e-01
2.882273342354533252e-01 3.080568720379147085e-01
2.889039242219215153e-01 3.080568720379147085e-01
2.889039242219215153e-01 3.087339201083276752e-01
2.902571041948578956e-01 3.087339201083276752e-01
2.922868741542625215e-01 3.087339201083276752e-01
2.922868741542625215e-01 3.094109681787406974e-01
2.929634641407307116e-01 3.094109681787406974e-01
2.929634641407307116e-01 3.100880162491536640e-01
2.936400541271989018e-01 3.100880162491536640e-01
2.936400541271989018e-01 3.107650643195666862e-01
2.943166441136670919e-01 3.107650643195666862e-01
2.943166441136670919e-01 3.168584969532836637e-01
2.949932341001353375e-01 3.168584969532836637e-01
2.949932341001353375e-01 3.175355450236966859e-01
2.963464140730717178e-01 3.175355450236966859e-01
2.970230040595399079e-01 3.175355450236966859e-01
2.970230040595399079e-01 3.182125930941097081e-01
2.983761840324763437e-01 3.182125930941097081e-01
2.983761840324763437e-01 3.188896411645226747e-01
2.990527740189445338e-01 3.188896411645226747e-01
2.990527740189445338e-01 3.195666892349356969e-01
3.004059539918809141e-01 3.195666892349356969e-01
3.004059539918809141e-01 3.209207853757616857e-01
3.010825439783491042e-01 3.209207853757616857e-01
3.010825439783491042e-01 3.215978334461746524e-01
3.024357239512855400e-01 3.215978334461746524e-01
3.024357239512855400e-01 3.222748815165876746e-01
3.031123139377537301e-01 3.222748815165876746e-01
3.031123139377537301e-01 3.236289776574136634e-01
3.037889039242219202e-01 3.236289776574136634e-01
3.037889039242219202e-01 3.249830737982396522e-01
3.044654939106901104e-01 3.249830737982396522e-01
3.044654939106901104e-01 3.263371699390656966e-01
3.058186738836265461e-01 3.263371699390656966e-01
3.064952638700947363e-01 3.263371699390656966e-01
3.064952638700947363e-01 3.270142180094786633e-01
3.085250338294993067e-01 3.270142180094786633e-01
3.085250338294993067e-01 3.276912660798916854e-01
3.105548037889039326e-01 3.276912660798916854e-01
3.105548037889039326e-01 3.283683141503046521e-01
3.112313937753721227e-01 3.283683141503046521e-01
3.112313937753721227e-01 3.290453622207176743e-01
3.119079837618403128e-01 3.290453622207176743e-01
3.119079837618403128e-01 3.297224102911306964e-01
3.125845737483085029e-01 3.297224102911306964e-01
3.125845737483085029e-01 3.310765064319566853e-01
3.132611637347767486e-01 3.310765064319566853e-01
3.132611637347767486e-01 3.317535545023696519e-01
3.146143437077131289e-01 3.317535545023696519e-01
3.146143437077131289e-01 3.324306025727826741e-01
3.152909336941813190e-01 3.324306025727826741e-01
3.152909336941813190e-01 3.337846987136086629e-01
3.159675236806495091e-01 3.337846987136086629e-01
3.159675236806495091e-01 3.344617467840216851e-01
3.166441136671176992e-01 3.344617467840216851e-01
3.166441136671176992e-01 3.351387948544346518e-01
3.179972936400541350e-01 3.351387948544346518e-01
3.193504736129905153e-01 3.351387948544346518e-01
3.207036535859269510e-01 3.351387948544346518e-01
3.227334235453315214e-01 3.351387948544346518e-01
3.227334235453315214e-01 3.358158429248476740e-01
3.247631935047361473e-01 3.358158429248476740e-01
3.247631935047361473e-01 3.385240352064996516e-01
3.261163734776725276e-01 3.385240352064996516e-01
3.261163734776725276e-01 3.392010832769126738e-01
3.274695534506089079e-01 3.392010832769126738e-01
3.274695534506089079e-01 3.425863236289776736e-01
3.281461434370771535e-01 3.425863236289776736e-01
3.281461434370771535e-01 3.459715639810426735e-01
3.288227334235453436e-01 3.459715639810426735e-01
3.288227334235453436e-01 3.466486120514556402e-01
3.294993234100135338e-01 3.466486120514556402e-01
3.294993234100135338e-01 3.486797562626946512e-01
3.322056833558863498e-01 3.486797562626946512e-01
3.322056833558863498e-01 3.493568043331076733e-01
3.328822733423545399e-01 3.493568043331076733e-01
3.328822733423545399e-01 3.500338524035206400e-01
3.335588633288227300e-01 3.500338524035206400e-01
3.349120433017591103e-01 3.500338524035206400e-01
3.349120433017591103e-01 3.507109004739336622e-01
3.362652232746955461e-01 3.507109004739336622e-01
3.362652232746955461e-01 3.520649966147596510e-01
3.376184032476319263e-01 3.520649966147596510e-01
3.389715832205683621e-01 3.520649966147596510e-01
3.389715832205683621e-01 3.540961408259986620e-01
3.396481732070365522e-01 3.540961408259986620e-01
3.396481732070365522e-01 3.547731888964116287e-01
3.403247631935047424e-01 3.547731888964116287e-01
3.403247631935047424e-01 3.568043331076506397e-01
3.416779431664411226e-01 3.568043331076506397e-01
3.423545331529093128e-01 3.568043331076506397e-01
3.423545331529093128e-01 3.574813811780636619e-01
3.437077131258457485e-01 3.574813811780636619e-01
3.437077131258457485e-01 3.608666215301286617e-01
3.450608930987821288e-01 3.608666215301286617e-01
3.450608930987821288e-01 3.622207176709546506e-01
3.457374830852503189e-01 3.622207176709546506e-01
3.470906630581867547e-01 3.622207176709546506e-01
3.470906630581867547e-01 3.628977657413676172e-01
3.477672530446549448e-01 3.628977657413676172e-01
3.477672530446549448e-01 3.635748138117806394e-01
3.491204330175913251e-01 3.635748138117806394e-01
3.491204330175913251e-01 3.642518618821936616e-01
3.504736129905277608e-01 3.642518618821936616e-01
3.504736129905277608e-01 3.683141503046716281e-01
3.511502029769959510e-01 3.683141503046716281e-01
3.511502029769959510e-01 3.716993906567366279e-01
3.518267929634641411e-01 3.716993906567366279e-01
3.518267929634641411e-01 3.723764387271496501e-01
3.531799729364005214e-01 3.723764387271496501e-01
3.531799729364005214e-01 3.730534867975626168e-01
3.538565629228687670e-01 3.730534867975626168e-01
3.538565629228687670e-01 3.744075829383886056e-01
3.545331529093369571e-01 3.744075829383886056e-01
3.545331529093369571e-01 3.771157752200406388e-01
3.558863328822733374e-01 3.771157752200406388e-01
3.558863328822733374e-01 3.805010155721056386e-01
3.565629228687415275e-01 3.805010155721056386e-01
3.565629228687415275e-01 3.832092078537576163e-01
3.572395128552097177e-01 3.832092078537576163e-01
3.572395128552097177e-01 3.845633039945836051e-01
3.585926928281461534e-01 3.845633039945836051e-01
3.599458728010825337e-01 3.845633039945836051e-01
3.599458728010825337e-01 3.852403520649966273e-01
3.612990527740189695e-01 3.852403520649966273e-01
3.612990527740189695e-01 3.865944482058226161e-01
3.619756427604871596e-01 3.865944482058226161e-01
3.619756427604871596e-01 3.913337846987136048e-01
3.626522327469553497e-01 3.913337846987136048e-01
3.626522327469553497e-01 3.926878808395395937e-01
3.646820027063599201e-01 3.926878808395395937e-01
3.660351826792963559e-01 3.926878808395395937e-01
3.660351826792963559e-01 3.940419769803655825e-01
3.673883626522327361e-01 3.940419769803655825e-01
3.687415426251691719e-01 3.940419769803655825e-01
3.687415426251691719e-01 3.960731211916045935e-01
3.694181326116373620e-01 3.967501692620176157e-01
3.694181326116373620e-01 3.974272173324305824e-01
3.700947225981055522e-01 3.974272173324305824e-01
3.734776725304465583e-01 3.974272173324305824e-01
3.741542625169147485e-01 3.981042654028436045e-01
3.741542625169147485e-01 4.021665538253215710e-01
3.755074424898511287e-01 4.021665538253215710e-01
3.755074424898511287e-01 4.028436018957345932e-01
3.761840324763193744e-01 4.028436018957345932e-01
3.761840324763193744e-01 4.055517941773865709e-01
3.775372124492557546e-01 4.055517941773865709e-01
3.775372124492557546e-01 4.062288422477995931e-01
3.795669824086603250e-01 4.062288422477995931e-01
3.795669824086603250e-01 4.096140825998645929e-01
3.809201623815967608e-01 4.096140825998645929e-01
3.809201623815967608e-01 4.109681787406905817e-01
3.815967523680649509e-01 4.109681787406905817e-01
3.815967523680649509e-01 4.143534190927555816e-01
3.829499323410013312e-01 4.143534190927555816e-01
3.829499323410013312e-01 4.184157075152336036e-01
3.843031123139377669e-01 4.184157075152336036e-01
3.843031123139377669e-01 4.211238997968855813e-01
3.849797023004059571e-01 4.211238997968855813e-01
3.849797023004059571e-01 4.218009478672986035e-01
3.863328822733423373e-01 4.218009478672986035e-01
3.863328822733423373e-01 4.245091401489505811e-01
3.876860622462787731e-01 4.245091401489505811e-01
3.876860622462787731e-01 4.251861882193635478e-01
3.890392422192151534e-01 4.251861882193635478e-01
3.890392422192151534e-01 4.258632362897765700e-01
3.897158322056833435e-01 4.258632362897765700e-01
3.910690121786197793e-01 4.258632362897765700e-01
3.910690121786197793e-01 4.278943805010155810e-01
3.917456021650879694e-01 4.278943805010155810e-01
3.917456021650879694e-01 4.299255247122545920e-01
3.930987821380243497e-01 4.299255247122545920e-01
3.930987821380243497e-01 4.312796208530805808e-01
3.944519621109607854e-01 4.312796208530805808e-01
3.944519621109607854e-01 4.319566689234935475e-01
3.958051420838971657e-01 4.319566689234935475e-01
3.964817320703653558e-01 4.319566689234935475e-01
3.964817320703653558e-01 4.360189573459715695e-01
3.978349120433017361e-01 4.360189573459715695e-01
3.978349120433017361e-01 4.366960054163845362e-01
3.985115020297699817e-01 4.366960054163845362e-01
3.985115020297699817e-01 4.454976303317535469e-01
3.998646820027063620e-01 4.454976303317535469e-01
4.012178619756427422e-01 4.454976303317535469e-01
4.012178619756427422e-01 4.468517264725795357e-01
4.018944519621109879e-01 4.468517264725795357e-01
4.018944519621109879e-01 4.475287745429925579e-01
4.025710419485791780e-01 4.475287745429925579e-01
4.025710419485791780e-01 4.482058226134055245e-01
4.032476319350473681e-01 4.482058226134055245e-01
4.032476319350473681e-01 4.488828706838185467e-01
4.052774018944519385e-01 4.488828706838185467e-01
4.052774018944519385e-01 4.495599187542315689e-01
4.059539918809201842e-01 4.495599187542315689e-01
4.059539918809201842e-01 4.502369668246445356e-01
4.100135317997293805e-01 4.502369668246445356e-01
4.113667117726657607e-01 4.502369668246445356e-01
4.113667117726657607e-01 4.522681110358835466e-01
4.120433017591339508e-01 4.522681110358835466e-01
4.120433017591339508e-01 4.529451591062965687e-01
4.133964817320703866e-01 4.529451591062965687e-01
4.147496617050067669e-01 4.529451591062965687e-01
4.154262516914749570e-01 4.529451591062965687e-01
4.154262516914749570e-01 4.542992552471225576e-01
4.167794316644113928e-01 4.542992552471225576e-01
4.167794316644113928e-01 4.556533513879485464e-01
4.174560216508795829e-01 4.556533513879485464e-01
4.174560216508795829e-01 4.570074475287745353e-01
4.188092016238159632e-01 4.570074475287745353e-01
4.188092016238159632e-01 4.590385917400135463e-01
4.208389715832205891e-01 4.590385917400135463e-01
4.208389715832205891e-01 4.597156398104265129e-01
4.215155615696887792e-01 4.597156398104265129e-01
4.215155615696887792e-01 4.603926878808395351e-01
4.228687415426251595e-01 4.603926878808395351e-01
4.228687415426251595e-01 4.617467840216655239e-01
4.242219215155615952e-01 4.617467840216655239e-01
4.242219215155615952e-01 4.624238320920785461e-01
4.248985115020297854e-01 4.624238320920785461e-01
4.276048714479025459e-01 4.624238320920785461e-01
4.276048714479025459e-01 4.637779282329045349e-01
4.282814614343707915e-01 4.637779282329045349e-01
4.282814614343707915e-01 4.644549763033175571e-01
4.296346414073071718e-01 4.644549763033175571e-01
4.296346414073071718e-01 4.651320243737305238e-01
4.309878213802435520e-01 4.651320243737305238e-01
4.309878213802435520e-01 4.664861205145565126e-01
4.316644113667117977e-01 4.664861205145565126e-01
4.316644113667117977e-01 4.685172647257955236e-01
4.330175913396481779e-01 4.685172647257955236e-01
4.330175913396481779e-01 4.691943127962085458e-01
4.336941813261163681e-01 4.691943127962085458e-01
4.336941813261163681e-01 4.698713608666215125e-01
4.343707713125845582e-01 4.698713608666215125e-01
4.343707713125845582e-01 4.712254570074475013e-01
4.350473612990527483e-01 4.712254570074475013e-01
4.350473612990527483e-01 4.725795531482735456e-01
4.357239512855209940e-01 4.725795531482735456e-01
4.357239512855209940e-01 4.739336492890995345e-01
4.364005412719891841e-01 4.739336492890995345e-01
4.364005412719891841e-01 4.752877454299255233e-01
4.370771312584573742e-01 4.752877454299255233e-01
4.370771312584573742e-01 4.766418415707515122e-01
4.397834912043301903e-01 4.766418415707515122e-01
4.397834912043301903e-01 4.779959377115775010e-01
4.411366711772665705e-01 4.779959377115775010e-01
4.411366711772665705e-01 4.820582261340555230e-01
4.418132611637347607e-01 4.820582261340555230e-01
4.418132611637347607e-01 4.827352742044684897e-01
4.431664411366711964e-01 4.827352742044684897e-01
4.431664411366711964e-01 4.854434664861205229e-01
4.438430311231393866e-01 4.854434664861205229e-01
4.465493910690122026e-01 4.854434664861205229e-01
4.465493910690122026e-01 4.867975626269465117e-01
4.479025710419485828e-01 4.867975626269465117e-01
4.479025710419485828e-01 4.881516587677725005e-01
4.485791610284167730e-01 4.881516587677725005e-01
4.485791610284167730e-01 4.888287068381855227e-01
4.492557510148849631e-01 4.888287068381855227e-01
4.492557510148849631e-01 4.901828029790115115e-01
4.512855209742895890e-01 4.901828029790115115e-01
4.512855209742895890e-01 4.908598510494245337e-01
4.519621109607577791e-01 4.908598510494245337e-01
4.519621109607577791e-01 4.915368991198375004e-01
4.526387009472259693e-01 4.915368991198375004e-01
4.526387009472259693e-01 4.976303317535544779e-01
4.533152909336941594e-01 4.976303317535544779e-01
4.533152909336941594e-01 4.983073798239675001e-01
4.546684709066305952e-01 4.983073798239675001e-01
4.560216508795669754e-01 4.983073798239675001e-01
4.560216508795669754e-01 5.010155721056195333e-01
4.573748308525033557e-01 5.010155721056195333e-01
4.573748308525033557e-01 5.037237643872715109e-01
4.580514208389716013e-01 5.037237643872715109e-01
4.594046008119079816e-01 5.037237643872715109e-01
4.627875507442489877e-01 5.037237643872715109e-01
4.627875507442489877e-01 5.044008124576845331e-01
4.641407307171853680e-01 5.044008124576845331e-01
4.641407307171853680e-01 5.057549085985104664e-01
4.648173207036536136e-01 5.057549085985104664e-01
4.648173207036536136e-01 5.091401489505754663e-01
4.654939106901218038e-01 5.091401489505754663e-01
4.668470906630581840e-01 5.091401489505754663e-01
4.675236806495263742e-01 5.091401489505754663e-01
4.675236806495263742e-01 5.111712931618145328e-01
4.688768606224628099e-01 5.111712931618145328e-01
4.688768606224628099e-01 5.125253893026404661e-01
4.715832205683355705e-01 5.125253893026404661e-01
4.715832205683355705e-01 5.138794854434665105e-01
4.729364005412720062e-01 5.138794854434665105e-01
4.729364005412720062e-01 5.159106296547054660e-01
4.742895805142083865e-01 5.159106296547054660e-01
4.742895805142083865e-01 5.186188219363574436e-01
4.749661705006765766e-01 5.186188219363574436e-01
4.749661705006765766e-01 5.192958700067704658e-01
4.756427604871447667e-01 5.192958700067704658e-01
4.756427604871447667e-01 5.206499661475965102e-01
4.790257104194857729e-01 5.206499661475965102e-01
4.790257104194857729e-01 5.220040622884224435e-01
4.797023004059540185e-01 5.220040622884224435e-01
4.797023004059540185e-01 5.233581584292484878e-01
4.803788903924222087e-01 5.233581584292484878e-01
4.803788903924222087e-01 5.240352064996615100e-01
4.810554803788903988e-01 5.240352064996615100e-01
4.824086603518267791e-01 5.240352064996615100e-01
4.844384303112314050e-01 5.240352064996615100e-01
4.844384303112314050e-01 5.253893026404874433e-01
4.851150202976995951e-01 5.253893026404874433e-01
4.851150202976995951e-01 5.267433987813134877e-01
4.864682002706359754e-01 5.267433987813134877e-01
4.864682002706359754e-01 5.280974949221394210e-01
4.878213802435724111e-01 5.280974949221394210e-01
4.878213802435724111e-01 5.294515910629654654e-01
4.891745602165087914e-01 5.294515910629654654e-01
4.891745602165087914e-01 5.301286391333784875e-01
4.898511502029769815e-01 5.301286391333784875e-01
4.898511502029769815e-01 5.308056872037915097e-01
4.905277401894451716e-01 5.308056872037915097e-01
4.905277401894451716e-01 5.321597833446174430e-01
4.918809201623816074e-01 5.321597833446174430e-01
4.925575101488497975e-01 5.321597833446174430e-01
4.925575101488497975e-01 5.328368314150304652e-01
4.939106901217861778e-01 5.328368314150304652e-01
4.939106901217861778e-01 5.335138794854434874e-01
4.952638700947226136e-01 5.335138794854434874e-01
4.952638700947226136e-01 5.355450236966824429e-01
4.966170500676589938e-01 5.355450236966824429e-01
4.986468200270636197e-01 5.355450236966824429e-01
4.986468200270636197e-01 5.389302640487474427e-01
5.000000000000000000e-01 5.389302640487474427e-01
5.000000000000000000e-01 5.396073121191604649e-01
5.013531799729363803e-01 5.396073121191604649e-01
5.013531799729363803e-01 5.402843601895734871e-01
5.020297699594046259e-01 5.402843601895734871e-01
5.020297699594046259e-01 5.409614082599865093e-01
5.027063599458727605e-01 5.409614082599865093e-01
5.027063599458727605e-01 5.423155044008124426e-01
5.033829499323410062e-01 5.423155044008124426e-01
5.033829499323410062e-01 5.450236966824644202e-01
5.047361299052773864e-01 5.450236966824644202e-01
5.060893098782137667e-01 5.450236966824644202e-01
5.060893098782137667e-01 5.484089370345294201e-01
5.067658998646820123e-01 5.484089370345294201e-01
5.067658998646820123e-01 5.490859851049424423e-01
5.074424898511502580e-01 5.490859851049424423e-01
5.074424898511502580e-01 5.497630331753554644e-01
5.081190798376183926e-01 5.497630331753554644e-01
5.094722598105547728e-01 5.497630331753554644e-01
5.094722598105547728e-01 5.504400812457684866e-01
5.101488497970230185e-01 5.504400812457684866e-01
5.115020297699593987e-01 5.504400812457684866e-01
5.121786197564276444e-01 5.504400812457684866e-01
5.121786197564276444e-01 5.511171293161813978e-01
5.128552097428957790e-01 5.511171293161813978e-01
5.128552097428957790e-01 5.524712254570074421e-01
5.135317997293640246e-01 5.524712254570074421e-01
5.135317997293640246e-01 5.531482735274204643e-01
5.162381596752367852e-01 5.531482735274204643e-01
5.182679296346414111e-01 5.531482735274204643e-01
5.182679296346414111e-01 5.538253215978334865e-01
5.196211096075777913e-01 5.538253215978334865e-01
5.196211096075777913e-01 5.551794177386594198e-01
5.209742895805141716e-01 5.551794177386594198e-01
5.209742895805141716e-01 5.558564658090724420e-01
5.223274695534506629e-01 5.558564658090724420e-01
5.223274695534506629e-01 5.565335138794854641e-01
5.230040595399187975e-01 5.565335138794854641e-01
5.243572395128551777e-01 5.565335138794854641e-01
5.243572395128551777e-01 5.599187542315504640e-01
5.257104194857915580e-01 5.599187542315504640e-01
5.284167794316644295e-01 5.599187542315504640e-01
5.284167794316644295e-01 5.605958023019634862e-01
5.311231393775371901e-01 5.605958023019634862e-01
5.311231393775371901e-01 5.626269465132024417e-01
5.317997293640054357e-01 5.626269465132024417e-01
5.317997293640054357e-01 5.633039945836154638e-01
5.324763193504735703e-01 5.633039945836154638e-01
5.324763193504735703e-01 5.639810426540284860e-01
5.331529093369418160e-01 5.639810426540284860e-01
5.331529093369418160e-01 5.646580907244413972e-01
5.338294993234100616e-01 5.646580907244413972e-01
5.338294993234100616e-01 5.653351387948544193e-01
5.351826792963464419e-01 5.653351387948544193e-01
5.372124492557510678e-01 5.653351387948544193e-01
5.372124492557510678e-01 5.660121868652674415e-01
5.385656292286874480e-01 5.660121868652674415e-01
5.385656292286874480e-01 5.673662830060934859e-01
5.399188092016238283e-01 5.673662830060934859e-01
5.399188092016238283e-01 5.687203791469194192e-01
5.405953991880919629e-01 5.687203791469194192e-01
5.405953991880919629e-01 5.714285714285713969e-01
5.412719891745602085e-01 5.714285714285713969e-01
5.412719891745602085e-01 5.734597156398104634e-01
5.433017591339648344e-01 5.734597156398104634e-01
5.439783491204329691e-01 5.734597156398104634e-01
5.439783491204329691e-01 5.748138117806363967e-01
5.453315290933694603e-01 5.748138117806363967e-01
5.453315290933694603e-01 5.781990521327013965e-01
5.493910690121786011e-01 5.781990521327013965e-01
5.493910690121786011e-01 5.788761002031144187e-01
5.507442489851149814e-01 5.788761002031144187e-01
5.507442489851149814e-01 5.795531482735274409e-01
5.520974289580514727e-01 5.795531482735274409e-01
5.520974289580514727e-01 5.815842924847663964e-01
5.534506089309878529e-01 5.815842924847663964e-01
5.541271989174559875e-01 5.815842924847663964e-01
5.541271989174559875e-01 5.822613405551794186e-01
5.548037889039242332e-01 5.822613405551794186e-01
5.548037889039242332e-01 5.829383886255924407e-01
5.554803788903923678e-01 5.829383886255924407e-01
5.554803788903923678e-01 5.836154366960054629e-01
5.561569688768606134e-01 5.836154366960054629e-01
5.561569688768606134e-01 5.849695328368313962e-01
5.568335588633288591e-01 5.849695328368313962e-01
5.568335588633288591e-01 5.890318212593094183e-01
5.575101488497969937e-01 5.890318212593094183e-01
5.575101488497969937e-01 5.903859174001354626e-01
5.595399188092016196e-01 5.903859174001354626e-01
5.608930987821379999e-01 5.903859174001354626e-01
5.615696887686062455e-01 5.903859174001354626e-01
5.615696887686062455e-01 5.910629654705483738e-01
5.629228687415426258e-01 5.910629654705483738e-01
5.635994587280108714e-01 5.910629654705483738e-01
5.635994587280108714e-01 5.917400135409613959e-01
5.642760487144790060e-01 5.917400135409613959e-01
5.642760487144790060e-01 5.937711577522003514e-01
5.663058186738836319e-01 5.937711577522003514e-01
5.663058186738836319e-01 5.951252538930263958e-01
5.669824086603518776e-01 5.958023019634394180e-01
5.669824086603518776e-01 5.985104942450913956e-01
5.676589986468200122e-01 5.985104942450913956e-01
5.690121786197563925e-01 5.985104942450913956e-01
5.696887686062246381e-01 5.985104942450913956e-01
5.696887686062246381e-01 5.998645903859174400e-01
5.703653585926927727e-01 5.998645903859174400e-01
5.703653585926927727e-01 6.039268788083953510e-01
5.717185385656292640e-01 6.039268788083953510e-01
5.717185385656292640e-01 6.052809749492213953e-01
5.737483085250337789e-01 6.052809749492213953e-01
5.757780784844384048e-01 6.052809749492213953e-01
5.771312584573747850e-01 6.052809749492213953e-01
5.771312584573747850e-01 6.066350710900474397e-01
5.805142083897157912e-01 6.066350710900474397e-01
5.805142083897157912e-01 6.079891672308733730e-01
5.818673883626522825e-01 6.079891672308733730e-01
5.825439783491204171e-01 6.079891672308733730e-01
5.825439783491204171e-01 6.100203114421124395e-01
5.832205683355886627e-01 6.100203114421124395e-01
5.832205683355886627e-01 6.113744075829383728e-01
5.838971583220567974e-01 6.113744075829383728e-01
5.838971583220567974e-01 6.120514556533513950e-01
5.852503382949932886e-01 6.120514556533513950e-01
5.852503382949932886e-01 6.134055517941774394e-01
5.859269282814614233e-01 6.134055517941774394e-01
5.859269282814614233e-01 6.154366960054163949e-01
5.872801082543978035e-01 6.154366960054163949e-01
5.893098782138024294e-01 6.154366960054163949e-01
5.913396481732070553e-01 6.154366960054163949e-01
5.913396481732070553e-01 6.174678402166553504e-01
5.920162381596751899e-01 6.174678402166553504e-01
5.920162381596751899e-01 6.215301286391333724e-01
5.920162381596751899e-01 6.228842247799594167e-01
5.933694181326116812e-01 6.228842247799594167e-01
5.933694181326116812e-01 6.249153689911983722e-01
5.940460081190798158e-01 6.249153689911983722e-01
5.940460081190798158e-01 6.255924170616113944e-01
5.953991880920161961e-01 6.255924170616113944e-01
5.953991880920161961e-01 6.276235612728503499e-01
5.967523680649526874e-01 6.276235612728503499e-01
5.967523680649526874e-01 6.283006093432633721e-01
5.987821380243572023e-01 6.283006093432633721e-01
6.001353179972936935e-01 6.283006093432633721e-01
6.001353179972936935e-01 6.296547054840894164e-01
6.021650879566982084e-01 6.296547054840894164e-01
6.021650879566982084e-01 6.303317535545023276e-01
6.028416779431664541e-01 6.303317535545023276e-01
6.028416779431664541e-01 6.310088016249153497e-01
6.041948579161028343e-01 6.310088016249153497e-01
6.055480378890392146e-01 6.310088016249153497e-01
6.055480378890392146e-01 6.323628977657413941e-01
6.075778078484438405e-01 6.323628977657413941e-01
6.075778078484438405e-01 6.337169939065673274e-01
6.116373477672530923e-01 6.337169939065673274e-01
6.129905277401894725e-01 6.337169939065673274e-01
6.143437077131258528e-01 6.337169939065673274e-01
6.143437077131258528e-01 6.343940419769803496e-01
6.163734776725304787e-01 6.343940419769803496e-01
6.163734776725304787e-01 6.357481381178063939e-01
6.177266576454668590e-01 6.357481381178063939e-01
6.177266576454668590e-01 6.364251861882194161e-01
6.184032476319349936e-01 6.364251861882194161e-01
6.184032476319349936e-01 6.371022342586323273e-01
6.197564276048714849e-01 6.371022342586323273e-01
6.197564276048714849e-01 6.425186188219363936e-01
6.211096075778078651e-01 6.425186188219363936e-01
6.211096075778078651e-01 6.438727149627623270e-01
6.224627875507442454e-01 6.438727149627623270e-01
6.244925575101488713e-01 6.438727149627623270e-01
6.244925575101488713e-01 6.452268111035883713e-01
6.251691474966170059e-01 6.452268111035883713e-01
6.251691474966170059e-01 6.459038591740013935e-01
6.265223274695534972e-01 6.459038591740013935e-01
6.265223274695534972e-01 6.492890995260663933e-01
6.278755074424898774e-01 6.492890995260663933e-01
6.278755074424898774e-01 6.499661475964793045e-01
6.285520974289580121e-01 6.499661475964793045e-01
6.285520974289580121e-01 6.560595802301963930e-01
6.292286874154262577e-01 6.560595802301963930e-01
6.292286874154262577e-01 6.580907244414353485e-01
6.299052774018945033e-01 6.580907244414353485e-01
6.299052774018945033e-01 6.607989167230873262e-01
6.312584573748308836e-01 6.607989167230873262e-01
6.312584573748308836e-01 6.614759647935003484e-01
6.319350473612990182e-01 6.614759647935003484e-01
6.319350473612990182e-01 6.628300609343262817e-01
6.353179972936400244e-01 6.628300609343262817e-01
6.353179972936400244e-01 6.648612051455653482e-01
6.373477672530446503e-01 6.648612051455653482e-01
6.373477672530446503e-01 6.662153012863912815e-01
6.387009472259810305e-01 6.662153012863912815e-01
6.387009472259810305e-01 6.675693974272173259e-01
6.393775372124492762e-01 6.675693974272173259e-01
6.393775372124492762e-01 6.682464454976303481e-01
6.420838971583220367e-01 6.682464454976303481e-01
6.434370771312584170e-01 6.682464454976303481e-01
6.434370771312584170e-01 6.696005416384562814e-01
6.447902571041949082e-01 6.696005416384562814e-01
6.447902571041949082e-01 6.702775897088693036e-01
6.454668470906630429e-01 6.702775897088693036e-01
6.454668470906630429e-01 6.709546377792823257e-01
6.474966170500676688e-01 6.709546377792823257e-01
6.474966170500676688e-01 6.729857819905212812e-01
6.481732070365359144e-01 6.729857819905212812e-01
6.481732070365359144e-01 6.743398781313473256e-01
6.488497970230040490e-01 6.743398781313473256e-01
6.488497970230040490e-01 6.756939742721733699e-01
6.495263870094722947e-01 6.756939742721733699e-01
6.495263870094722947e-01 6.763710223425862811e-01
6.508795669824086749e-01 6.763710223425862811e-01
6.508795669824086749e-01 6.777251184834123254e-01
6.535859269282814354e-01 6.777251184834123254e-01
6.556156968876860613e-01 6.777251184834123254e-01
6.556156968876860613e-01 6.790792146242383698e-01
6.569688768606224416e-01 6.790792146242383698e-01
6.569688768606224416e-01 6.797562626946512809e-01
6.576454668470906872e-01 6.797562626946512809e-01
6.576454668470906872e-01 6.824644549763033696e-01
6.583220568335588219e-01 6.824644549763033696e-01
6.583220568335588219e-01 6.851726472579553473e-01
6.589986468200270675e-01 6.851726472579553473e-01
6.617050067658998280e-01 6.851726472579553473e-01
6.617050067658998280e-01 6.865267433987812806e-01
6.623815967523680737e-01 6.865267433987812806e-01
6.623815967523680737e-01 6.872037914691943028e-01
6.630581867388363193e-01 6.872037914691943028e-01
6.630581867388363193e-01 6.878808395396073250e-01
6.637347767253044539e-01 6.878808395396073250e-01
6.637347767253044539e-01 6.885578876100203471e-01
6.644113667117726996e-01 6.885578876100203471e-01
6.644113667117726996e-01 6.899119837508462805e-01
6.650879566982408342e-01 6.899119837508462805e-01
6.650879566982408342e-01 6.912660798916723248e-01
6.664411366711772144e-01 6.912660798916723248e-01
6.677943166441137057e-01 6.912660798916723248e-01
6.684709066305818403e-01 6.912660798916723248e-01
6.684709066305818403e-01 6.919431279620853470e-01
6.698240866035182206e-01 6.919431279620853470e-01
6.698240866035182206e-01 6.926201760324982581e-01
6.711772665764547119e-01 6.926201760324982581e-01
6.711772665764547119e-01 6.939742721733243025e-01
6.718538565629228465e-01 6.939742721733243025e-01
6.718538565629228465e-01 6.953283683141503468e-01
6.732070365358592268e-01 6.953283683141503468e-01
6.732070365358592268e-01 6.993906567366282578e-01
6.752368064952638527e-01 6.993906567366282578e-01
6.752368064952638527e-01 7.000677048070412800e-01
6.759133964817320983e-01 7.000677048070412800e-01
6.759133964817320983e-01 7.007447528774543022e-01
6.772665764546684786e-01 7.007447528774543022e-01
6.779431664411367242e-01 7.007447528774543022e-01
6.779431664411367242e-01 7.014218009478673244e-01
6.786197564276048588e-01 7.014218009478673244e-01
6.786197564276048588e-01 7.027758970886932577e-01
6.813261163734776193e-01 7.027758970886932577e-01
6.813261163734776193e-01 7.041299932295193020e-01
6.826792963464141106e-01 7.041299932295193020e-01
6.826792963464141106e-01 7.054840893703453464e-01
6.853856562922868711e-01 7.054840893703453464e-01
6.853856562922868711e-01 7.061611374407582575e-01
6.880920162381596317e-01 7.061611374407582575e-01
6.894451962110961230e-01 7.061611374407582575e-01
6.901217861975642576e-01 7.061611374407582575e-01
6.901217861975642576e-01 7.068381855111712797e-01
6.907983761840325032e-01 7.068381855111712797e-01
6.907983761840325032e-01 7.075152335815843019e-01
6.921515561569688835e-01 7.075152335815843019e-01
6.921515561569688835e-01 7.095463777928232574e-01
6.928281461434371291e-01 7.095463777928232574e-01
6.928281461434371291e-01 7.109004739336493017e-01
6.935047361299052637e-01 7.109004739336493017e-01
6.935047361299052637e-01 7.122545700744752351e-01
6.955345060893098896e-01 7.122545700744752351e-01
6.955345060893098896e-01 7.129316181448882572e-01
6.968876860622462699e-01 7.129316181448882572e-01
6.968876860622462699e-01 7.149627623561273237e-01
6.995940460081190304e-01 7.149627623561273237e-01
7.002706359945872761e-01 7.149627623561273237e-01
7.002706359945872761e-01 7.156398104265402349e-01
7.009472259810555217e-01 7.156398104265402349e-01
7.063599458728010427e-01 7.156398104265402349e-01
7.063599458728010427e-01 7.163168584969532571e-01
7.077131258457375340e-01 7.163168584969532571e-01
7.104194857916102945e-01 7.163168584969532571e-01
7.104194857916102945e-01 7.169939065673662792e-01
7.124492557510149204e-01 7.169939065673662792e-01
7.138024357239513007e-01 7.169939065673662792e-01
7.151556156968876810e-01 7.169939065673662792e-01
7.151556156968876810e-01 7.183480027081923236e-01
7.165087956698240612e-01 7.183480027081923236e-01
7.165087956698240612e-01 7.203791469194312791e-01
7.178619756427604415e-01 7.203791469194312791e-01
7.178619756427604415e-01 7.224102911306702346e-01
7.185385656292286871e-01 7.224102911306702346e-01
7.185385656292286871e-01 7.244414353419093011e-01
7.198917456021650674e-01 7.244414353419093011e-01
7.198917456021650674e-01 7.251184834123223233e-01
7.205683355886333130e-01 7.251184834123223233e-01
7.205683355886333130e-01 7.257955314827352344e-01
7.212449255751014476e-01 7.257955314827352344e-01
7.212449255751014476e-01 7.264725795531482566e-01
7.219215155615696933e-01 7.264725795531482566e-01
7.219215155615696933e-01 7.278266756939743010e-01
7.225981055480379389e-01 7.278266756939743010e-01
7.225981055480379389e-01 7.298578199052132565e-01
7.246278755074424538e-01 7.298578199052132565e-01
7.246278755074424538e-01 7.332430602572782563e-01
7.253044654939106994e-01 7.332430602572782563e-01
7.253044654939106994e-01 7.339201083276912785e-01
7.259810554803789451e-01 7.339201083276912785e-01
7.259810554803789451e-01 7.345971563981043007e-01
7.273342354533153253e-01 7.345971563981043007e-01
7.273342354533153253e-01 7.379823967501693005e-01
7.280108254397834600e-01 7.379823967501693005e-01
7.280108254397834600e-01 7.413676371022343004e-01
7.286874154262517056e-01 7.413676371022343004e-01
7.300405953991880859e-01 7.413676371022343004e-01
7.307171853856563315e-01 7.413676371022343004e-01
7.307171853856563315e-01 7.440758293838862780e-01
7.320703653585927118e-01 7.440758293838862780e-01
7.320703653585927118e-01 7.447528774542993002e-01
7.327469553450608464e-01 7.447528774542993002e-01
7.327469553450608464e-01 7.454299255247122113e-01
7.341001353179973377e-01 7.454299255247122113e-01
7.341001353179973377e-01 7.474610697359512779e-01
7.347767253044654723e-01 7.474610697359512779e-01
7.361299052774018525e-01 7.474610697359512779e-01
7.361299052774018525e-01 7.494922139471902334e-01
7.368064952638700982e-01 7.494922139471902334e-01
7.368064952638700982e-01 7.501692620176032555e-01
7.381596752368064784e-01 7.501692620176032555e-01
7.381596752368064784e-01 7.522004062288422110e-01
7.395128552097428587e-01 7.522004062288422110e-01
7.395128552097428587e-01 7.549085985104942997e-01
7.401894451962111043e-01 7.549085985104942997e-01
7.401894451962111043e-01 7.562626946513202331e-01
7.422192151556157302e-01 7.562626946513202331e-01
7.435723951285521105e-01 7.562626946513202331e-01
7.435723951285521105e-01 7.569397427217332552e-01
7.442489851150202451e-01 7.569397427217332552e-01
7.442489851150202451e-01 7.576167907921462774e-01
7.456021650879567364e-01 7.576167907921462774e-01
7.456021650879567364e-01 7.596479350033852329e-01
7.469553450608931167e-01 7.596479350033852329e-01
7.476319350473612513e-01 7.596479350033852329e-01
7.476319350473612513e-01 7.610020311442112773e-01
7.489851150202977426e-01 7.610020311442112773e-01
7.489851150202977426e-01 7.616790792146241884e-01
7.510148849797022574e-01 7.616790792146241884e-01
7.510148849797022574e-01 7.637102234258632549e-01
7.530446549391068833e-01 7.637102234258632549e-01
7.530446549391068833e-01 7.643872714962762771e-01
7.537212449255751290e-01 7.643872714962762771e-01
7.537212449255751290e-01 7.650643195666891883e-01
7.543978349120432636e-01 7.650643195666891883e-01
7.543978349120432636e-01 7.657413676371022104e-01
7.550744248985115092e-01 7.657413676371022104e-01
7.564276048714478895e-01 7.657413676371022104e-01
7.564276048714478895e-01 7.670954637779282548e-01
7.571041948579161351e-01 7.670954637779282548e-01
7.571041948579161351e-01 7.677725118483412770e-01
7.577807848443842698e-01 7.677725118483412770e-01
7.577807848443842698e-01 7.684495599187541881e-01
7.584573748308525154e-01 7.684495599187541881e-01
7.584573748308525154e-01 7.691266079891672103e-01
7.591339648173206500e-01 7.691266079891672103e-01
7.591339648173206500e-01 7.698036560595802325e-01
7.598105548037888957e-01 7.698036560595802325e-01
7.598105548037888957e-01 7.704807041299932546e-01
7.611637347767252759e-01 7.704807041299932546e-01
7.611637347767252759e-01 7.711577522004062768e-01
7.618403247631935216e-01 7.711577522004062768e-01
7.618403247631935216e-01 7.725118483412322101e-01
7.625169147496616562e-01 7.725118483412322101e-01
7.625169147496616562e-01 7.731888964116452323e-01
7.638700947225981475e-01 7.731888964116452323e-01
7.645466847090662821e-01 7.731888964116452323e-01
7.645466847090662821e-01 7.779282329045362765e-01
7.652232746955345277e-01 7.779282329045362765e-01
7.652232746955345277e-01 7.799593771157752320e-01
7.665764546684709080e-01 7.799593771157752320e-01
7.665764546684709080e-01 7.806364251861882542e-01
7.672530446549391536e-01 7.806364251861882542e-01
7.672530446549391536e-01 7.846987136086661652e-01
7.686062246278755339e-01 7.846987136086661652e-01
7.706359945872801598e-01 7.846987136086661652e-01
7.719891745602165400e-01 7.846987136086661652e-01
7.719891745602165400e-01 7.860528097494922095e-01
7.740189445196210549e-01 7.860528097494922095e-01
7.740189445196210549e-01 7.880839539607311650e-01
7.746955345060893006e-01 7.880839539607311650e-01
7.746955345060893006e-01 7.887610020311441872e-01
7.753721244925575462e-01 7.887610020311441872e-01
7.753721244925575462e-01 7.894380501015572094e-01
7.787550744248985524e-01 7.894380501015572094e-01
7.787550744248985524e-01 7.914691943127961649e-01
7.801082543978349326e-01 7.914691943127961649e-01
7.801082543978349326e-01 7.921462423832091870e-01
7.814614343707713129e-01 7.921462423832091870e-01
7.814614343707713129e-01 7.935003385240352314e-01
7.821380243572395585e-01 7.935003385240352314e-01
7.821380243572395585e-01 7.948544346648611647e-01
7.828146143437076931e-01 7.948544346648611647e-01
7.828146143437076931e-01 7.955314827352741869e-01
7.841677943166440734e-01 7.955314827352741869e-01
7.841677943166440734e-01 7.975626269465132534e-01
7.855209742895805647e-01 7.975626269465132534e-01
7.855209742895805647e-01 7.982396750169261646e-01
7.861975642760486993e-01 7.982396750169261646e-01
7.882273342354533252e-01 7.982396750169261646e-01
7.882273342354533252e-01 8.009478672985782532e-01
7.895805142083897055e-01 8.009478672985782532e-01
7.895805142083897055e-01 8.023019634394041866e-01
7.902571041948579511e-01 8.023019634394041866e-01
7.902571041948579511e-01 8.063642518618822086e-01
7.909336941813260857e-01 8.063642518618822086e-01
7.909336941813260857e-01 8.083953960731211641e-01
7.922868741542624660e-01 8.083953960731211641e-01
7.922868741542624660e-01 8.111035883547731418e-01
7.929634641407307116e-01 8.111035883547731418e-01
7.929634641407307116e-01 8.124576844955991861e-01
7.936400541271989573e-01 8.124576844955991861e-01
7.949932341001353375e-01 8.124576844955991861e-01
7.956698240866034721e-01 8.124576844955991861e-01
7.956698240866034721e-01 8.138117806364252305e-01
7.963464140730717178e-01 8.138117806364252305e-01
7.963464140730717178e-01 8.144888287068381416e-01
7.983761840324763437e-01 8.144888287068381416e-01
7.983761840324763437e-01 8.165199729180772081e-01
7.990527740189444783e-01 8.165199729180772081e-01
7.990527740189444783e-01 8.178740690589031415e-01
8.010825439783491042e-01 8.178740690589031415e-01
8.010825439783491042e-01 8.185511171293161636e-01
8.024357239512854845e-01 8.185511171293161636e-01
8.051420838971583560e-01 8.185511171293161636e-01
8.058186738836264906e-01 8.185511171293161636e-01
8.058186738836264906e-01 8.199052132701422080e-01
8.064952638700947363e-01 8.199052132701422080e-01
8.064952638700947363e-01 8.239675016926202300e-01
8.071718538565628709e-01 8.239675016926202300e-01
8.085250338294993622e-01 8.239675016926202300e-01
8.092016238159674968e-01 8.239675016926202300e-01
8.092016238159674968e-01 8.246445497630331412e-01
8.105548037889038770e-01 8.246445497630331412e-01
8.105548037889038770e-01 8.253215978334461633e-01
8.112313937753721227e-01 8.253215978334461633e-01
8.146143437077131289e-01 8.253215978334461633e-01
8.159675236806495091e-01 8.253215978334461633e-01
8.159675236806495091e-01 8.259986459038591855e-01
8.173207036535858894e-01 8.259986459038591855e-01
8.173207036535858894e-01 8.266756939742722077e-01
8.179972936400541350e-01 8.266756939742722077e-01
8.179972936400541350e-01 8.273527420446851188e-01
8.193504736129905153e-01 8.273527420446851188e-01
8.193504736129905153e-01 8.280297901150981410e-01
8.207036535859268955e-01 8.280297901150981410e-01
8.207036535859268955e-01 8.287068381855111632e-01
8.234100135317997671e-01 8.287068381855111632e-01
8.240866035182679017e-01 8.287068381855111632e-01
8.240866035182679017e-01 8.341232227488151185e-01
8.247631935047361473e-01 8.341232227488151185e-01
8.247631935047361473e-01 8.348002708192281407e-01
8.261163734776725276e-01 8.348002708192281407e-01
8.261163734776725276e-01 8.354773188896411629e-01
8.274695534506089079e-01 8.354773188896411629e-01
8.274695534506089079e-01 8.361543669600541850e-01
8.281461434370771535e-01 8.361543669600541850e-01
8.281461434370771535e-01 8.375084631008801184e-01
8.288227334235452881e-01 8.375084631008801184e-01
8.288227334235452881e-01 8.381855111712931405e-01
8.308525033829499140e-01 8.381855111712931405e-01
8.308525033829499140e-01 8.388625592417061627e-01
8.322056833558862943e-01 8.388625592417061627e-01
8.322056833558862943e-01 8.408937034529451182e-01
8.328822733423545399e-01 8.408937034529451182e-01
8.328822733423545399e-01 8.449559918754231402e-01
8.355886332882273004e-01 8.449559918754231402e-01
8.355886332882273004e-01 8.456330399458361624e-01
8.369418132611636807e-01 8.456330399458361624e-01
8.382949932341001720e-01 8.456330399458361624e-01
8.382949932341001720e-01 8.463100880162491846e-01
8.389715832205683066e-01 8.463100880162491846e-01
8.389715832205683066e-01 8.469871360866622068e-01
8.403247631935046869e-01 8.469871360866622068e-01
8.416779431664411781e-01 8.469871360866622068e-01
8.416779431664411781e-01 8.476641841570751179e-01
8.430311231393775584e-01 8.476641841570751179e-01
8.430311231393775584e-01 8.483412322274881401e-01
8.443843031123139387e-01 8.483412322274881401e-01
8.443843031123139387e-01 8.503723764387270956e-01
8.457374830852503189e-01 8.503723764387270956e-01
8.457374830852503189e-01 8.510494245091401178e-01
8.477672530446549448e-01 8.510494245091401178e-01
8.497970230040595707e-01 8.510494245091401178e-01
8.504736129905277053e-01 8.510494245091401178e-01
8.518267929634640856e-01 8.510494245091401178e-01
8.531799729364005769e-01 8.510494245091401178e-01
8.531799729364005769e-01 8.517264725795531399e-01
8.545331529093369571e-01 8.517264725795531399e-01
8.545331529093369571e-01 8.524035206499661621e-01
8.558863328822733374e-01 8.524035206499661621e-01
8.558863328822733374e-01 8.564658090724441841e-01
8.565629228687415830e-01 8.564658090724441841e-01
8.565629228687415830e-01 8.571428571428570953e-01
8.579161028416779633e-01 8.571428571428570953e-01
8.579161028416779633e-01 8.598510494245091840e-01
8.585926928281460979e-01 8.598510494245091840e-01
8.585926928281460979e-01 8.625592417061611616e-01
8.592692828146143436e-01 8.625592417061611616e-01
8.592692828146143436e-01 8.639133378469870950e-01
8.606224627875507238e-01 8.639133378469870950e-01
8.606224627875507238e-01 8.645903859174001171e-01
8.619756427604871041e-01 8.645903859174001171e-01
8.619756427604871041e-01 8.659444820582261615e-01
8.633288227334235954e-01 8.659444820582261615e-01
8.633288227334235954e-01 8.666215301286391837e-01
8.640054127198917300e-01 8.666215301286391837e-01
8.653585926928281102e-01 8.666215301286391837e-01
8.660351826792963559e-01 8.666215301286391837e-01
8.660351826792963559e-01 8.679756262694651170e-01
8.667117726657646015e-01 8.679756262694651170e-01
8.667117726657646015e-01 8.686526743398781392e-01
8.680649526387009818e-01 8.686526743398781392e-01
8.680649526387009818e-01 8.693297224102911613e-01
8.694181326116373620e-01 8.693297224102911613e-01
8.694181326116373620e-01 8.706838185511170947e-01
8.700947225981054967e-01 8.706838185511170947e-01
8.700947225981054967e-01 8.713608666215301168e-01
8.707713125845737423e-01 8.713608666215301168e-01
8.707713125845737423e-01 8.727149627623561612e-01
8.728010825439783682e-01 8.727149627623561612e-01
8.728010825439783682e-01 8.733920108327690723e-01
8.748308525033829941e-01 8.733920108327690723e-01
8.748308525033829941e-01 8.740690589031820945e-01
8.755074424898511287e-01 8.740690589031820945e-01
8.755074424898511287e-01 8.747461069735951167e-01
8.761840324763193744e-01 8.747461069735951167e-01
8.761840324763193744e-01 8.754231550440081389e-01
8.768606224627875090e-01 8.754231550440081389e-01
8.768606224627875090e-01 8.761002031144211610e-01
8.775372124492557546e-01 8.761002031144211610e-01
8.788903924221921349e-01 8.761002031144211610e-01
8.788903924221921349e-01 8.774542992552470944e-01
8.795669824086603805e-01 8.774542992552470944e-01
8.795669824086603805e-01 8.781313473256601165e-01
8.802435723951285151e-01 8.781313473256601165e-01
8.802435723951285151e-01 8.788083953960731387e-01
8.809201623815967608e-01 8.788083953960731387e-01
8.809201623815967608e-01 8.801624915368990720e-01
8.822733423545331410e-01 8.801624915368990720e-01
8.829499323410013867e-01 8.801624915368990720e-01
8.829499323410013867e-01 8.808395396073120942e-01
8.843031123139377669e-01 8.808395396073120942e-01
8.856562922868741472e-01 8.808395396073120942e-01
8.856562922868741472e-01 8.828706838185511607e-01
8.870094722598105275e-01 8.828706838185511607e-01
8.870094722598105275e-01 8.842247799593770941e-01
8.876860622462787731e-01 8.842247799593770941e-01
8.890392422192151534e-01 8.842247799593770941e-01
8.890392422192151534e-01 8.862559241706161606e-01
8.897158322056833990e-01 8.862559241706161606e-01
8.897158322056833990e-01 8.882870683818551161e-01
8.903924221921515336e-01 8.882870683818551161e-01
8.903924221921515336e-01 8.889641164522681382e-01
8.910690121786197793e-01 8.889641164522681382e-01
8.910690121786197793e-01 8.909952606635070937e-01
8.917456021650879139e-01 8.909952606635070937e-01
8.917456021650879139e-01 8.930264048747461603e-01
8.930987821380244052e-01 8.930264048747461603e-01
8.930987821380244052e-01 8.943805010155720936e-01
8.944519621109607854e-01 8.943805010155720936e-01
8.944519621109607854e-01 8.950575490859851158e-01
8.951285520974289200e-01 8.950575490859851158e-01
8.951285520974289200e-01 8.964116452268110491e-01
8.958051420838971657e-01 8.964116452268110491e-01
8.958051420838971657e-01 8.970886932972240713e-01
8.964817320703654113e-01 8.970886932972240713e-01
8.964817320703654113e-01 8.984427894380501156e-01
8.971583220568335459e-01 8.984427894380501156e-01
8.971583220568335459e-01 8.991198375084631378e-01
8.985115020297699262e-01 8.997968855788760489e-01
8.998646820027063065e-01 8.997968855788760489e-01
8.998646820027063065e-01 9.018280297901151155e-01
9.012178619756427977e-01 9.018280297901151155e-01
9.032476319350473126e-01 9.018280297901151155e-01
9.046008119079838039e-01 9.018280297901151155e-01
9.046008119079838039e-01 9.038591740013540710e-01
9.052774018944519385e-01 9.038591740013540710e-01
9.052774018944519385e-01 9.052132701421801153e-01
9.066305818673883188e-01 9.052132701421801153e-01
9.066305818673883188e-01 9.058903182125931375e-01
9.079837618403248101e-01 9.058903182125931375e-01
9.079837618403248101e-01 9.079214624238320930e-01
9.086603518267929447e-01 9.079214624238320930e-01
9.086603518267929447e-01 9.085985104942451152e-01
9.093369418132611903e-01 9.085985104942451152e-01
9.106901217861975706e-01 9.085985104942451152e-01
9.127198917456021965e-01 9.085985104942451152e-01
9.140730717185385767e-01 9.085985104942451152e-01
9.140730717185385767e-01 9.092755585646581373e-01
9.147496617050067114e-01 9.092755585646581373e-01
9.147496617050067114e-01 9.099526066350710485e-01
9.154262516914749570e-01 9.099526066350710485e-01
9.174560216508795829e-01 9.099526066350710485e-01
9.174560216508795829e-01 9.106296547054840707e-01
9.188092016238159632e-01 9.106296547054840707e-01
9.188092016238159632e-01 9.133378469871360483e-01
9.201623815967523434e-01 9.133378469871360483e-01
9.201623815967523434e-01 9.146919431279620927e-01
9.208389715832205891e-01 9.146919431279620927e-01
9.208389715832205891e-01 9.160460392687881370e-01
9.215155615696887237e-01 9.160460392687881370e-01
9.215155615696887237e-01 9.167230873392010482e-01
9.221921515561569693e-01 9.167230873392010482e-01
9.221921515561569693e-01 9.180771834800270925e-01
9.228687415426252150e-01 9.180771834800270925e-01
9.228687415426252150e-01 9.187542315504401147e-01
9.248985115020297298e-01 9.187542315504401147e-01
9.248985115020297298e-01 9.194312796208530258e-01
9.255751014884979755e-01 9.194312796208530258e-01
9.255751014884979755e-01 9.207853757616790702e-01
9.262516914749662211e-01 9.207853757616790702e-01
9.262516914749662211e-01 9.214624238320920924e-01
9.282814614343707360e-01 9.214624238320920924e-01
9.282814614343707360e-01 9.221394719025051145e-01
9.303112313937753619e-01 9.221394719025051145e-01
9.303112313937753619e-01 9.228165199729180257e-01
9.316644113667117422e-01 9.228165199729180257e-01
9.316644113667117422e-01 9.255247122545701144e-01
9.323410013531799878e-01 9.255247122545701144e-01
9.336941813261163681e-01 9.255247122545701144e-01
9.336941813261163681e-01 9.275558564658090699e-01
9.350473612990527483e-01 9.275558564658090699e-01
9.364005412719891286e-01 9.275558564658090699e-01
9.370771312584573742e-01 9.275558564658090699e-01
9.370771312584573742e-01 9.295870006770480254e-01
9.384303112313937545e-01 9.295870006770480254e-01
9.384303112313937545e-01 9.302640487474610476e-01
9.391069012178620001e-01 9.302640487474610476e-01
9.391069012178620001e-01 9.309410968178740697e-01
9.397834912043301347e-01 9.309410968178740697e-01
9.397834912043301347e-01 9.316181448882870919e-01
9.404600811907983804e-01 9.316181448882870919e-01
9.404600811907983804e-01 9.322951929587001141e-01
9.411366711772666260e-01 9.322951929587001141e-01
9.411366711772666260e-01 9.329722410291130252e-01
9.418132611637347607e-01 9.329722410291130252e-01
9.418132611637347607e-01 9.343263371699390696e-01
9.424898511502030063e-01 9.343263371699390696e-01
9.424898511502030063e-01 9.356804333107651139e-01
9.431664411366711409e-01 9.356804333107651139e-01
9.431664411366711409e-01 9.424509140148950026e-01
9.445196211096076322e-01 9.424509140148950026e-01
9.445196211096076322e-01 9.431279620853080248e-01
9.465493910690121471e-01 9.431279620853080248e-01
9.465493910690121471e-01 9.438050101557210469e-01
9.485791610284167730e-01 9.438050101557210469e-01
9.506089309878213989e-01 9.438050101557210469e-01
9.506089309878213989e-01 9.451591062965470913e-01
9.519621109607577791e-01 9.451591062965470913e-01
9.539918809201624050e-01 9.451591062965470913e-01
9.553450608930987853e-01 9.451591062965470913e-01
9.553450608930987853e-01 9.458361543669600024e-01
9.573748308525034112e-01 9.458361543669600024e-01
9.573748308525034112e-01 9.465132024373730246e-01
9.580514208389715458e-01 9.465132024373730246e-01
9.580514208389715458e-01 9.485443466486120911e-01
9.587280108254397915e-01 9.485443466486120911e-01
9.587280108254397915e-01 9.498984427894380245e-01
9.607577807848444174e-01 9.498984427894380245e-01
9.607577807848444174e-01 9.505754908598510466e-01
9.614343707713125520e-01 9.505754908598510466e-01
9.614343707713125520e-01 9.526066350710900021e-01
9.621109607577807976e-01 9.526066350710900021e-01
9.621109607577807976e-01 9.539607312119160465e-01
9.634641407307171779e-01 9.539607312119160465e-01
9.634641407307171779e-01 9.546377792823290687e-01
9.648173207036535581e-01 9.546377792823290687e-01
9.648173207036535581e-01 9.553148273527420908e-01
9.654939106901218038e-01 9.553148273527420908e-01
9.654939106901218038e-01 9.573459715639810463e-01
9.661705006765899384e-01 9.573459715639810463e-01
9.661705006765899384e-01 9.580230196343940685e-01
9.675236806495264297e-01 9.580230196343940685e-01
9.675236806495264297e-01 9.587000677048070907e-01
9.688768606224628099e-01 9.587000677048070907e-01
9.688768606224628099e-01 9.593771157752200018e-01
9.702300405953991902e-01 9.593771157752200018e-01
9.702300405953991902e-01 9.607312119160460462e-01
9.715832205683355705e-01 9.607312119160460462e-01
9.715832205683355705e-01 9.614082599864590684e-01
9.736129905277401964e-01 9.614082599864590684e-01
9.749661705006765766e-01 9.614082599864590684e-01
9.749661705006765766e-01 9.620853080568720905e-01
9.756427604871448223e-01 9.620853080568720905e-01
9.756427604871448223e-01 9.661475964793500015e-01
9.763193504736129569e-01 9.661475964793500015e-01
9.763193504736129569e-01 9.675016926201760459e-01
9.769959404600812025e-01 9.675016926201760459e-01
9.769959404600812025e-01 9.681787406905890681e-01
9.776725304465493371e-01 9.681787406905890681e-01
9.776725304465493371e-01 9.688557887610019792e-01
9.790257104194858284e-01 9.688557887610019792e-01
9.790257104194858284e-01 9.695328368314150014e-01
9.803788903924222087e-01 9.695328368314150014e-01
9.810554803788903433e-01 9.695328368314150014e-01
9.810554803788903433e-01 9.702098849018280236e-01
9.817320703653585889e-01 9.702098849018280236e-01
9.817320703653585889e-01 9.708869329722410457e-01
9.824086603518268346e-01 9.708869329722410457e-01
9.824086603518268346e-01 9.722410291130669791e-01
9.837618403247632148e-01 9.722410291130669791e-01
9.844384303112313495e-01 9.722410291130669791e-01
9.844384303112313495e-01 9.729180771834800012e-01
9.851150202976995951e-01 9.729180771834800012e-01
9.851150202976995951e-01 9.735951252538930234e-01
9.857916102841678407e-01 9.735951252538930234e-01
9.857916102841678407e-01 9.742721733243060456e-01
9.864682002706359754e-01 9.742721733243060456e-01
9.878213802435723556e-01 9.742721733243060456e-01
9.884979702300406013e-01 9.742721733243060456e-01
9.884979702300406013e-01 9.756262694651319789e-01
9.891745602165088469e-01 9.756262694651319789e-01
9.891745602165088469e-01 9.769803656059580232e-01
9.898511502029769815e-01 9.769803656059580232e-01
9.898511502029769815e-01 9.803656059580230231e-01
9.912043301759133618e-01 9.803656059580230231e-01
9.912043301759133618e-01 9.817197020988490674e-01
9.918809201623816074e-01 9.817197020988490674e-01
9.918809201623816074e-01 9.830737982396750008e-01
9.925575101488497420e-01 9.830737982396750008e-01
9.925575101488497420e-01 9.837508463100880229e-01
9.932341001353179877e-01 9.837508463100880229e-01
9.932341001353179877e-01 9.925524712254569781e-01
9.945872801082543679e-01 9.925524712254569781e-01
9.945872801082543679e-01 9.932295192958700003e-01
9.966170500676589938e-01 9.932295192958700003e-01
9.966170500676589938e-01 9.959377115775219780e-01
9.972936400541272395e-01 9.959377115775219780e-01
9.972936400541272395e-01 9.972918077183480223e-01
9.993234100135317544e-01 9.972918077183480223e-01
9.993234100135317544e-01 9.979688557887610445e-01
1.000000000000000000e+00 9.979688557887610445e-01
1.000000000000000000e+00 1.000000000000000000e+00
