# auc=0.673
# acc=0.576
0.000000000000000000e+00 0.000000000000000000e+00
0.000000000000000000e+00 8.123476848090982558e-04
0.000000000000000000e+00 1.868399675060926010e-02
8.123476848090982558e-04 1.868399675060926010e-02
8.123476848090982558e-04 6.498781478472785700e-02
1.624695369618196512e-03 6.498781478472785700e-02
1.624695369618196512e-03 6.661251015434606348e-02
2.437043054427294984e-03 6.661251015434606348e-02
2.437043054427294984e-03 1.072298943948009758e-01
4.061738424045491062e-03 1.072298943948009758e-01
4.061738424045491062e-03 1.088545897644191685e-01
4.874086108854589969e-03 1.088545897644191685e-01
4.874086108854589969e-03 1.104792851340373611e-01
5.686433793663688008e-03 1.104792851340373611e-01
5.686433793663688008e-03 1.242891957757920329e-01
7.311129163281884953e-03 1.242891957757920329e-01
7.311129163281884953e-03 1.364744110479285122e-01
8.123476848090982125e-03 1.364744110479285122e-01
8.123476848090982125e-03 1.413484971567831039e-01
8.935824532900081899e-03 1.413484971567831039e-01
8.935824532900081899e-03 1.421608448415921933e-01
1.056051990251827798e-02 1.421608448415921933e-01
1.056051990251827798e-02 1.510966693744922873e-01
1.137286758732737602e-02 1.510966693744922873e-01
1.137286758732737602e-02 1.527213647441104660e-01
1.218521527213647405e-02 1.527213647441104660e-01
1.218521527213647405e-02 1.584077985377741749e-01
1.299756295694557209e-02 1.584077985377741749e-01
1.299756295694557209e-02 1.616571892770105601e-01
1.462225832656376991e-02 1.616571892770105601e-01
1.462225832656376991e-02 1.649065800162469453e-01
1.543460601137286795e-02 1.649065800162469453e-01
1.543460601137286795e-02 1.665312753858651518e-01
1.624695369618196425e-02 1.665312753858651518e-01
1.624695369618196425e-02 1.673436230706742411e-01
1.705930138099106402e-02 1.673436230706742411e-01
1.705930138099106402e-02 1.689683184402924476e-01
1.787164906580016380e-02 1.689683184402924476e-01
1.787164906580016380e-02 1.697806661251015370e-01
1.868399675060926010e-02 1.697806661251015370e-01
1.868399675060926010e-02 1.705930138099106541e-01
1.949634443541835988e-02 1.705930138099106541e-01
1.949634443541835988e-02 1.730300568643379500e-01
2.112103980503655595e-02 1.730300568643379500e-01
2.112103980503655595e-02 1.738424045491470393e-01
2.274573517465475203e-02 1.738424045491470393e-01
2.274573517465475203e-02 1.762794476035743352e-01
2.355808285946385180e-02 1.762794476035743352e-01
2.355808285946385180e-02 1.811535337124289269e-01
2.437043054427294811e-02 1.811535337124289269e-01
2.437043054427294811e-02 1.835905767668562227e-01
2.518277822908204788e-02 1.835905767668562227e-01
2.518277822908204788e-02 1.844029244516653121e-01
2.599512591389114419e-02 1.844029244516653121e-01
2.599512591389114419e-02 1.860276198212835186e-01
2.761982128350934027e-02 1.860276198212835186e-01
2.761982128350934027e-02 1.884646628757108144e-01
2.843216896831844004e-02 1.884646628757108144e-01
2.843216896831844004e-02 1.909017059301381103e-01
2.924451665312753981e-02 1.909017059301381103e-01
2.924451665312753981e-02 1.925264012997562890e-01
3.005686433793663612e-02 1.925264012997562890e-01
3.005686433793663612e-02 1.933387489845654061e-01
3.168155970755483219e-02 1.933387489845654061e-01
3.168155970755483219e-02 1.941510966693744955e-01
3.249390739236392850e-02 1.941510966693744955e-01
3.249390739236392850e-02 1.949634443541835849e-01
3.330625507717303174e-02 1.949634443541835849e-01
3.330625507717303174e-02 1.957757920389927020e-01
3.411860276198212805e-02 1.957757920389927020e-01
3.411860276198212805e-02 1.998375304630381766e-01
3.493095044679122435e-02 1.998375304630381766e-01
3.493095044679122435e-02 2.006498781478472659e-01
3.574329813160032759e-02 2.006498781478472659e-01
3.574329813160032759e-02 2.071486596263200641e-01
3.655564581640942390e-02 2.071486596263200641e-01
3.655564581640942390e-02 2.087733549959382706e-01
3.736799350121852020e-02 2.087733549959382706e-01
3.736799350121852020e-02 2.103980503655564493e-01
3.818034118602761651e-02 2.103980503655564493e-01
3.818034118602761651e-02 2.160844841592201582e-01
3.899268887083671975e-02 2.160844841592201582e-01
3.899268887083671975e-02 2.168968318440292475e-01
4.061738424045491236e-02 2.168968318440292475e-01
4.061738424045491236e-02 2.209585702680747221e-01
4.224207961007311191e-02 2.209585702680747221e-01
4.224207961007311191e-02 2.242079610073111351e-01
4.467912266450040776e-02 2.242079610073111351e-01
4.467912266450040776e-02 2.298943948009748162e-01
4.549147034930950406e-02 2.298943948009748162e-01
4.549147034930950406e-02 2.315190901705930226e-01
4.630381803411860037e-02 2.315190901705930226e-01
4.630381803411860037e-02 2.347684809098294079e-01
4.711616571892770361e-02 2.347684809098294079e-01
4.711616571892770361e-02 2.380178716490657931e-01
4.792851340373679991e-02 2.380178716490657931e-01
4.792851340373679991e-02 2.388302193338749102e-01
4.874086108854589622e-02 2.388302193338749102e-01
4.874086108854589622e-02 2.396425670186839996e-01
4.955320877335499252e-02 2.396425670186839996e-01
4.955320877335499252e-02 2.420796100731112954e-01
5.036555645816409577e-02 2.420796100731112954e-01
5.036555645816409577e-02 2.461413484971567700e-01
5.117790414297319207e-02 2.461413484971567700e-01
5.117790414297319207e-02 2.469536961819658871e-01
5.199025182778228837e-02 2.469536961819658871e-01
5.199025182778228837e-02 2.477660438667749765e-01
5.361494719740048792e-02 2.477660438667749765e-01
5.361494719740048792e-02 2.567018683996750705e-01
5.442729488220958423e-02 2.567018683996750705e-01
5.442729488220958423e-02 2.615759545085296622e-01
5.523964256701868053e-02 2.615759545085296622e-01
5.523964256701868053e-02 2.632006498781478410e-01
5.686433793663688008e-02 2.632006498781478410e-01
5.686433793663688008e-02 2.656376929325751646e-01
5.767668562144597638e-02 2.656376929325751646e-01
5.767668562144597638e-02 2.664500406173842539e-01
5.848903330625507963e-02 2.664500406173842539e-01
5.848903330625507963e-02 2.672623883021933433e-01
5.930138099106417593e-02 2.672623883021933433e-01
5.930138099106417593e-02 2.705117790414297563e-01
6.011372867587327223e-02 2.705117790414297563e-01
6.011372867587327223e-02 2.713241267262388456e-01
6.092607636068237548e-02 2.713241267262388456e-01
6.092607636068237548e-02 2.745735174654752031e-01
6.173842404549147178e-02 2.745735174654752031e-01
6.173842404549147178e-02 2.818846466287571184e-01
6.417546709991876763e-02 2.818846466287571184e-01
6.417546709991876763e-02 2.826969943135662078e-01
6.498781478472785700e-02 2.826969943135662078e-01
6.498781478472785700e-02 2.859463850528026208e-01
6.661251015434606348e-02 2.859463850528026208e-01
6.661251015434606348e-02 2.867587327376117101e-01
6.742485783915515285e-02 2.867587327376117101e-01
6.742485783915515285e-02 2.875710804224207995e-01
7.067424857839155194e-02 2.875710804224207995e-01
7.067424857839155194e-02 2.883834281072298888e-01
7.229894394800974455e-02 2.883834281072298888e-01
7.229894394800974455e-02 2.940698619008935699e-01
7.473598700243704041e-02 2.940698619008935699e-01
7.473598700243704041e-02 2.948822095857026593e-01
7.636068237205523301e-02 2.948822095857026593e-01
7.636068237205523301e-02 2.965069049553208935e-01
7.717303005686433626e-02 2.965069049553208935e-01
7.717303005686433626e-02 2.973192526401299829e-01
7.798537774167343950e-02 2.973192526401299829e-01
7.798537774167343950e-02 2.997562956945572510e-01
7.961007311129163211e-02 2.997562956945572510e-01
7.961007311129163211e-02 3.005686433793663959e-01
8.042242079610073535e-02 3.005686433793663959e-01
8.042242079610073535e-02 3.021933387489845746e-01
8.123476848090982472e-02 3.021933387489845746e-01
8.123476848090982472e-02 3.030056864337936640e-01
8.204711616571892796e-02 3.030056864337936640e-01
8.204711616571892796e-02 3.062550771730300769e-01
8.285946385052803120e-02 3.062550771730300769e-01
8.285946385052803120e-02 3.078797725426482557e-01
8.367181153533712057e-02 3.078797725426482557e-01
8.367181153533712057e-02 3.086921202274573450e-01
8.448415922014622381e-02 3.086921202274573450e-01
8.448415922014622381e-02 3.095044679122664344e-01
8.529650690495532706e-02 3.095044679122664344e-01
8.529650690495532706e-02 3.103168155970755238e-01
8.610885458976441642e-02 3.103168155970755238e-01
8.610885458976441642e-02 3.119415109666937580e-01
8.773354995938260903e-02 3.119415109666937580e-01
8.773354995938260903e-02 3.127538586515028474e-01
8.854589764419171227e-02 3.127538586515028474e-01
8.854589764419171227e-02 3.143785540211210261e-01
9.017059301380990488e-02 3.143785540211210261e-01
9.017059301380990488e-02 3.184402924451665284e-01
9.179528838342811137e-02 3.184402924451665284e-01
9.179528838342811137e-02 3.216896831844029414e-01
9.260763606823720073e-02 3.216896831844029414e-01
9.260763606823720073e-02 3.225020308692120308e-01
9.341998375304630398e-02 3.225020308692120308e-01
9.341998375304630398e-02 3.233143785540211201e-01
9.504467912266449658e-02 3.233143785540211201e-01
9.504467912266449658e-02 3.241267262388302095e-01
9.829406986190089568e-02 3.241267262388302095e-01
9.829406986190089568e-02 3.249390739236392989e-01
9.991876523151908829e-02 3.249390739236392989e-01
9.991876523151908829e-02 3.257514216084483882e-01
1.007311129163281915e-01 3.257514216084483882e-01
1.007311129163281915e-01 3.281884646628757118e-01
1.015434606011372809e-01 3.281884646628757118e-01
1.015434606011372809e-01 3.290008123476848012e-01
1.023558082859463841e-01 3.290008123476848012e-01
1.023558082859463841e-01 3.322502030869212142e-01
1.031681559707554874e-01 3.322502030869212142e-01
1.031681559707554874e-01 3.338748984565393929e-01
1.039805036555645767e-01 3.338748984565393929e-01
1.039805036555645767e-01 3.354995938261575716e-01
1.064175467099918726e-01 3.354995938261575716e-01
1.064175467099918726e-01 3.403736799350121633e-01
1.080422420796100791e-01 3.403736799350121633e-01
1.080422420796100791e-01 3.444354183590576657e-01
1.088545897644191685e-01 3.444354183590576657e-01
1.088545897644191685e-01 3.452477660438667550e-01
1.104792851340373611e-01 3.452477660438667550e-01
1.104792851340373611e-01 3.468724614134849893e-01
1.137286758732737602e-01 3.468724614134849893e-01
1.137286758732737602e-01 3.476848090982940787e-01
1.145410235580828634e-01 3.476848090982940787e-01
1.145410235580828634e-01 3.484971567831031680e-01
1.153533712428919528e-01 3.484971567831031680e-01
1.153533712428919528e-01 3.493095044679122574e-01
1.169780666125101593e-01 3.493095044679122574e-01
1.169780666125101593e-01 3.517465475223395810e-01
1.177904142973192486e-01 3.517465475223395810e-01
1.177904142973192486e-01 3.525588952071486704e-01
1.186027619821283519e-01 3.525588952071486704e-01
1.186027619821283519e-01 3.549959382615759385e-01
1.194151096669374551e-01 3.549959382615759385e-01
1.194151096669374551e-01 3.558082859463850278e-01
1.202274573517465445e-01 3.558082859463850278e-01
1.202274573517465445e-01 3.590576766856214408e-01
1.218521527213647510e-01 3.590576766856214408e-01
1.218521527213647510e-01 3.598700243704305302e-01
1.242891957757920329e-01 3.598700243704305302e-01
1.242891957757920329e-01 3.606823720552396195e-01
1.251015434606011500e-01 3.606823720552396195e-01
1.251015434606011500e-01 3.623070674248578538e-01
1.259138911454102394e-01 3.623070674248578538e-01
1.259138911454102394e-01 3.631194151096669431e-01
1.267262388302193288e-01 3.631194151096669431e-01
1.267262388302193288e-01 3.655564581640942112e-01
1.291632818846466246e-01 3.655564581640942112e-01
1.291632818846466246e-01 3.663688058489033561e-01
1.307879772542648311e-01 3.663688058489033561e-01
1.307879772542648311e-01 3.679935012185215348e-01
1.340373679935012163e-01 3.679935012185215348e-01
1.340373679935012163e-01 3.744922826969943053e-01
1.356620633631194228e-01 3.744922826969943053e-01
1.356620633631194228e-01 3.753046303818033946e-01
1.364744110479285122e-01 3.753046303818033946e-01
1.364744110479285122e-01 3.761169780666124840e-01
1.372867587327376016e-01 3.761169780666124840e-01
1.372867587327376016e-01 3.777416734362307182e-01
1.380991064175467187e-01 3.777416734362307182e-01
1.380991064175467187e-01 3.785540211210398076e-01
1.397238017871648974e-01 3.785540211210398076e-01
1.397238017871648974e-01 3.793663688058488970e-01
1.405361494719740145e-01 3.793663688058488970e-01
1.405361494719740145e-01 3.801787164906579863e-01
1.413484971567831039e-01 3.801787164906579863e-01
1.413484971567831039e-01 3.809910641754670757e-01
1.421608448415921933e-01 3.809910641754670757e-01
1.421608448415921933e-01 3.818034118602762206e-01
1.445978878960194891e-01 3.818034118602762206e-01
1.445978878960194891e-01 3.826157595450853099e-01
1.454102355808286062e-01 3.826157595450853099e-01
1.454102355808286062e-01 3.874898456539399016e-01
1.462225832656376956e-01 3.874898456539399016e-01
1.462225832656376956e-01 3.891145410235580804e-01
1.478472786352559021e-01 3.891145410235580804e-01
1.478472786352559021e-01 3.899268887083671697e-01
1.494719740048740808e-01 3.899268887083671697e-01
1.494719740048740808e-01 3.931762794476035827e-01
1.502843216896831979e-01 3.931762794476035827e-01
1.502843216896831979e-01 3.956133225020308508e-01
1.510966693744922873e-01 3.956133225020308508e-01
1.510966693744922873e-01 3.964256701868399402e-01
1.519090170593013767e-01 3.964256701868399402e-01
1.519090170593013767e-01 3.972380178716490851e-01
1.567831031681559684e-01 3.972380178716490851e-01
1.567831031681559684e-01 3.980503655564581744e-01
1.575954508529650577e-01 3.980503655564581744e-01
1.575954508529650577e-01 3.996750609260763532e-01
1.592201462225832642e-01 3.996750609260763532e-01
1.592201462225832642e-01 4.021121039805036768e-01
1.600324939073923536e-01 4.021121039805036768e-01
1.600324939073923536e-01 4.029244516653127661e-01
1.624695369618196494e-01 4.029244516653127661e-01
1.624695369618196494e-01 4.045491470349309449e-01
1.640942323314378559e-01 4.045491470349309449e-01
1.640942323314378559e-01 4.069861900893582685e-01
1.649065800162469453e-01 4.069861900893582685e-01
1.649065800162469453e-01 4.077985377741673578e-01
1.657189277010560624e-01 4.077985377741673578e-01
1.657189277010560624e-01 4.086108854589764472e-01
1.665312753858651518e-01 4.086108854589764472e-01
1.665312753858651518e-01 4.126726238830219495e-01
1.673436230706742411e-01 4.126726238830219495e-01
1.673436230706742411e-01 4.134849715678310389e-01
1.681559707554833583e-01 4.134849715678310389e-01
1.681559707554833583e-01 4.151096669374492176e-01
1.689683184402924476e-01 4.151096669374492176e-01
1.689683184402924476e-01 4.167343623070674519e-01
1.697806661251015370e-01 4.167343623070674519e-01
1.697806661251015370e-01 4.183590576766856306e-01
1.705930138099106541e-01 4.183590576766856306e-01
1.705930138099106541e-01 4.199837530463038093e-01
1.714053614947197435e-01 4.199837530463038093e-01
1.714053614947197435e-01 4.232331437855402223e-01
1.722177091795288328e-01 4.232331437855402223e-01
1.722177091795288328e-01 4.240454914703493117e-01
1.730300568643379500e-01 4.240454914703493117e-01
1.730300568643379500e-01 4.248578391551584010e-01
1.754670999187652181e-01 4.248578391551584010e-01
1.754670999187652181e-01 4.264825345247765798e-01
1.762794476035743352e-01 4.264825345247765798e-01
1.762794476035743352e-01 4.272948822095857246e-01
1.770917952883834245e-01 4.272948822095857246e-01
1.770917952883834245e-01 4.281072298943948140e-01
1.787164906580016310e-01 4.281072298943948140e-01
1.787164906580016310e-01 4.297319252640129927e-01
1.795288383428107204e-01 4.297319252640129927e-01
1.795288383428107204e-01 4.305442729488220821e-01
1.811535337124289269e-01 4.305442729488220821e-01
1.811535337124289269e-01 4.313566206336311715e-01
1.819658813972380162e-01 4.313566206336311715e-01
1.819658813972380162e-01 4.337936636880584951e-01
1.852152721364744015e-01 4.337936636880584951e-01
1.852152721364744015e-01 4.386677497969130868e-01
1.876523151909016973e-01 4.386677497969130868e-01
1.876523151909016973e-01 4.411047928513403549e-01
1.917140536149471997e-01 4.411047928513403549e-01
1.917140536149471997e-01 4.419171405361494442e-01
1.949634443541835849e-01 4.419171405361494442e-01
1.949634443541835849e-01 4.451665312753858572e-01
1.982128350934199701e-01 4.451665312753858572e-01
1.982128350934199701e-01 4.459788789601949466e-01
1.998375304630381766e-01 4.459788789601949466e-01
1.998375304630381766e-01 4.467912266450040359e-01
2.006498781478472659e-01 4.467912266450040359e-01
2.006498781478472659e-01 4.492282696994313596e-01
2.014622258326563831e-01 4.492282696994313596e-01
2.014622258326563831e-01 4.516653127538586276e-01
2.030869212022745618e-01 4.516653127538586276e-01
2.030869212022745618e-01 4.524776604386677725e-01
2.038992688870836789e-01 4.524776604386677725e-01
2.038992688870836789e-01 4.549147034930950406e-01
2.055239642567018576e-01 4.549147034930950406e-01
2.055239642567018576e-01 4.557270511779041300e-01
2.063363119415109748e-01 4.557270511779041300e-01
2.063363119415109748e-01 4.565393988627132194e-01
2.071486596263200641e-01 4.565393988627132194e-01
2.071486596263200641e-01 4.606011372867587217e-01
2.087733549959382706e-01 4.606011372867587217e-01
2.087733549959382706e-01 4.614134849715678111e-01
2.103980503655564493e-01 4.614134849715678111e-01
2.103980503655564493e-01 4.622258326563769559e-01
2.112103980503655665e-01 4.622258326563769559e-01
2.112103980503655665e-01 4.630381803411860453e-01
2.120227457351746558e-01 4.630381803411860453e-01
2.120227457351746558e-01 4.646628757108042240e-01
2.144597887896019517e-01 4.646628757108042240e-01
2.144597887896019517e-01 4.654752233956133134e-01
2.168968318440292475e-01 4.654752233956133134e-01
2.168968318440292475e-01 4.670999187652314921e-01
2.177091795288383369e-01 4.670999187652314921e-01
2.177091795288383369e-01 4.679122664500406370e-01
2.185215272136474540e-01 4.679122664500406370e-01
2.185215272136474540e-01 4.727863525588952287e-01
2.201462225832656328e-01 4.727863525588952287e-01
2.201462225832656328e-01 4.744110479285134074e-01
2.209585702680747221e-01 4.744110479285134074e-01
2.209585702680747221e-01 4.752233956133224968e-01
2.225832656376929286e-01 4.752233956133224968e-01
2.225832656376929286e-01 4.760357432981315862e-01
2.258326563769293138e-01 4.760357432981315862e-01
2.258326563769293138e-01 4.776604386677498204e-01
2.266450040617384309e-01 4.776604386677498204e-01
2.266450040617384309e-01 4.833468724614135015e-01
2.274573517465475203e-01 4.833468724614135015e-01
2.274573517465475203e-01 4.849715678310316802e-01
2.290820471161657268e-01 4.849715678310316802e-01
2.290820471161657268e-01 4.857839155158407696e-01
2.307067424857839055e-01 4.857839155158407696e-01
2.307067424857839055e-01 4.882209585702680932e-01
2.347684809098294079e-01 4.882209585702680932e-01
2.347684809098294079e-01 4.898456539398862719e-01
2.355808285946384972e-01 4.898456539398862719e-01
2.355808285946384972e-01 4.947197400487408636e-01
2.363931762794476144e-01 4.947197400487408636e-01
2.363931762794476144e-01 4.971567831031681317e-01
2.380178716490657931e-01 4.971567831031681317e-01
2.380178716490657931e-01 4.987814784727863660e-01
2.412672623883022061e-01 4.987814784727863660e-01
2.412672623883022061e-01 4.995938261575954553e-01
2.420796100731112954e-01 4.995938261575954553e-01
2.420796100731112954e-01 5.004061738424046002e-01
2.469536961819658871e-01 5.004061738424046002e-01
2.469536961819658871e-01 5.020308692120227789e-01
2.485783915515840659e-01 5.020308692120227789e-01
2.485783915515840659e-01 5.036555645816409577e-01
2.493907392363931830e-01 5.036555645816409577e-01
2.493907392363931830e-01 5.044679122664500470e-01
2.510154346060113895e-01 5.044679122664500470e-01
2.510154346060113895e-01 5.077173030056864045e-01
2.567018683996750705e-01 5.077173030056864045e-01
2.567018683996750705e-01 5.085296506904954938e-01
2.615759545085296622e-01 5.085296506904954938e-01
2.615759545085296622e-01 5.101543460601137836e-01
2.623883021933387516e-01 5.101543460601137836e-01
2.623883021933387516e-01 5.134037367993501411e-01
2.648253452477660197e-01 5.134037367993501411e-01
2.648253452477660197e-01 5.142160844841592304e-01
2.656376929325751646e-01 5.142160844841592304e-01
2.656376929325751646e-01 5.166531275385864985e-01
2.705117790414297563e-01 5.166531275385864985e-01
2.705117790414297563e-01 5.215272136474411457e-01
2.713241267262388456e-01 5.215272136474411457e-01
2.713241267262388456e-01 5.247766043866775032e-01
2.729488220958570244e-01 5.247766043866775032e-01
2.729488220958570244e-01 5.288383428107229500e-01
2.737611697806661137e-01 5.288383428107229500e-01
2.737611697806661137e-01 5.296506904955320394e-01
2.753858651502843480e-01 5.296506904955320394e-01
2.753858651502843480e-01 5.312753858651503291e-01
2.761982128350934373e-01 5.312753858651503291e-01
2.761982128350934373e-01 5.320877335499594185e-01
2.778229082047116161e-01 5.320877335499594185e-01
2.778229082047116161e-01 5.329000812347685079e-01
2.786352558895207054e-01 5.329000812347685079e-01
2.786352558895207054e-01 5.337124289195775972e-01
2.802599512591388842e-01 5.337124289195775972e-01
2.802599512591388842e-01 5.377741673436230441e-01
2.810722989439480290e-01 5.377741673436230441e-01
2.810722989439480290e-01 5.385865150284321334e-01
2.818846466287571184e-01 5.385865150284321334e-01
2.818846466287571184e-01 5.410235580828595126e-01
2.826969943135662078e-01 5.410235580828595126e-01
2.826969943135662078e-01 5.418359057676686019e-01
2.851340373679934759e-01 5.418359057676686019e-01
2.851340373679934759e-01 5.434606011372867806e-01
2.867587327376117101e-01 5.434606011372867806e-01
2.867587327376117101e-01 5.450852965069049594e-01
2.883834281072298888e-01 5.450852965069049594e-01
2.883834281072298888e-01 5.458976441917140487e-01
2.891957757920389782e-01 5.458976441917140487e-01
2.891957757920389782e-01 5.475223395613322275e-01
2.932575142160844806e-01 5.475223395613322275e-01
2.932575142160844806e-01 5.491470349309504062e-01
2.940698619008935699e-01 5.491470349309504062e-01
2.940698619008935699e-01 5.499593826157594956e-01
2.948822095857026593e-01 5.499593826157594956e-01
2.948822095857026593e-01 5.507717303005686960e-01
2.956945572705118042e-01 5.507717303005686960e-01
2.956945572705118042e-01 5.515840779853777853e-01
2.973192526401299829e-01 5.515840779853777853e-01
2.973192526401299829e-01 5.523964256701868747e-01
2.997562956945572510e-01 5.523964256701868747e-01
2.997562956945572510e-01 5.532087733549959641e-01
3.005686433793663959e-01 5.532087733549959641e-01
3.005686433793663959e-01 5.556458164094232322e-01
3.013809910641754852e-01 5.556458164094232322e-01
3.013809910641754852e-01 5.564581640942323215e-01
3.038180341186027533e-01 5.564581640942323215e-01
3.038180341186027533e-01 5.588952071486595896e-01
3.046303818034118427e-01 5.588952071486595896e-01
3.046303818034118427e-01 5.597075548334686790e-01
3.095044679122664344e-01 5.597075548334686790e-01
3.095044679122664344e-01 5.605199025182777683e-01
3.151909017059301155e-01 5.605199025182777683e-01
3.151909017059301155e-01 5.621445978878960581e-01
3.168155970755483497e-01 5.621445978878960581e-01
3.168155970755483497e-01 5.637692932575142368e-01
3.176279447603574391e-01 5.637692932575142368e-01
3.176279447603574391e-01 5.645816409423233262e-01
3.192526401299756178e-01 5.645816409423233262e-01
3.192526401299756178e-01 5.662063363119415049e-01
3.216896831844029414e-01 5.662063363119415049e-01
3.216896831844029414e-01 5.678310316815596837e-01
3.225020308692120308e-01 5.678310316815596837e-01
3.225020308692120308e-01 5.694557270511778624e-01
3.241267262388302095e-01 5.694557270511778624e-01
3.241267262388302095e-01 5.702680747359869518e-01
3.281884646628757118e-01 5.702680747359869518e-01
3.281884646628757118e-01 5.710804224207961521e-01
3.290008123476848012e-01 5.710804224207961521e-01
3.290008123476848012e-01 5.718927701056052415e-01
3.314378554021121248e-01 5.718927701056052415e-01
3.314378554021121248e-01 5.743298131600325096e-01
3.346872461413484823e-01 5.743298131600325096e-01
3.346872461413484823e-01 5.759545085296506883e-01
3.354995938261575716e-01 5.759545085296506883e-01
3.354995938261575716e-01 5.767668562144597777e-01
3.371242891957758059e-01 5.767668562144597777e-01
3.371242891957758059e-01 5.783915515840779564e-01
3.379366368805848952e-01 5.783915515840779564e-01
3.379366368805848952e-01 5.792038992688870458e-01
3.411860276198213082e-01 5.792038992688870458e-01
3.411860276198213082e-01 5.832656376929326036e-01
3.419983753046303976e-01 5.832656376929326036e-01
3.419983753046303976e-01 5.840779853777416930e-01
3.444354183590576657e-01 5.840779853777416930e-01
3.444354183590576657e-01 5.857026807473598717e-01
3.452477660438667550e-01 5.857026807473598717e-01
3.452477660438667550e-01 5.865150284321689611e-01
3.460601137286758999e-01 5.865150284321689611e-01
3.460601137286758999e-01 5.905767668562144079e-01
3.476848090982940787e-01 5.905767668562144079e-01
3.476848090982940787e-01 5.922014622258326977e-01
3.493095044679122574e-01 5.922014622258326977e-01
3.493095044679122574e-01 5.946385052802599658e-01
3.501218521527213468e-01 5.946385052802599658e-01
3.501218521527213468e-01 5.970755483346872339e-01
3.517465475223395810e-01 5.970755483346872339e-01
3.517465475223395810e-01 5.987002437043054126e-01
3.533712428919577597e-01 5.987002437043054126e-01
3.533712428919577597e-01 5.995125913891145020e-01
3.549959382615759385e-01 5.995125913891145020e-01
3.549959382615759385e-01 6.003249390739235913e-01
3.574329813160032621e-01 6.003249390739235913e-01
3.574329813160032621e-01 6.011372867587327917e-01
3.582453290008123514e-01 6.011372867587327917e-01
3.582453290008123514e-01 6.019496344435418811e-01
3.590576766856214408e-01 6.019496344435418811e-01
3.590576766856214408e-01 6.035743298131600598e-01
3.598700243704305302e-01 6.035743298131600598e-01
3.598700243704305302e-01 6.051990251827782386e-01
3.647441104792851219e-01 6.051990251827782386e-01
3.647441104792851219e-01 6.068237205523964173e-01
3.663688058489033561e-01 6.068237205523964173e-01
3.663688058489033561e-01 6.076360682372055066e-01
3.671811535337124455e-01 6.076360682372055066e-01
3.671811535337124455e-01 6.100731112916327747e-01
3.696181965881397136e-01 6.100731112916327747e-01
3.696181965881397136e-01 6.108854589764418641e-01
3.704305442729488029e-01 6.108854589764418641e-01
3.704305442729488029e-01 6.133225020308692432e-01
3.720552396425670372e-01 6.133225020308692432e-01
3.720552396425670372e-01 6.141348497156783326e-01
3.728675873273761265e-01 6.141348497156783326e-01
3.728675873273761265e-01 6.157595450852965113e-01
3.736799350121852159e-01 6.157595450852965113e-01
3.736799350121852159e-01 6.165718927701056007e-01
3.753046303818033946e-01 6.165718927701056007e-01
3.753046303818033946e-01 6.173842404549146901e-01
3.769293257514216289e-01 6.173842404549146901e-01
3.769293257514216289e-01 6.190089358245328688e-01
3.793663688058488970e-01 6.190089358245328688e-01
3.793663688058488970e-01 6.198212835093419582e-01
3.801787164906579863e-01 6.198212835093419582e-01
3.801787164906579863e-01 6.230706742485784266e-01
3.809910641754670757e-01 6.230706742485784266e-01
3.809910641754670757e-01 6.238830219333875160e-01
3.818034118602762206e-01 6.238830219333875160e-01
3.818034118602762206e-01 6.246953696181966054e-01
3.826157595450853099e-01 6.246953696181966054e-01
3.826157595450853099e-01 6.263200649878147841e-01
3.834281072298943993e-01 6.263200649878147841e-01
3.834281072298943993e-01 6.271324126726238735e-01
3.842404549147034887e-01 6.271324126726238735e-01
3.842404549147034887e-01 6.287571080422420522e-01
3.874898456539399016e-01 6.287571080422420522e-01
3.874898456539399016e-01 6.311941510966693203e-01
3.891145410235580804e-01 6.311941510966693203e-01
3.891145410235580804e-01 6.320064987814785207e-01
3.899268887083671697e-01 6.320064987814785207e-01
3.899268887083671697e-01 6.328188464662876100e-01
3.907392363931762591e-01 6.328188464662876100e-01
3.907392363931762591e-01 6.344435418359057888e-01
3.915515840779854040e-01 6.344435418359057888e-01
3.915515840779854040e-01 6.376929325751421462e-01
3.939886271324126721e-01 6.376929325751421462e-01
3.939886271324126721e-01 6.393176279447603250e-01
3.964256701868399402e-01 6.393176279447603250e-01
3.964256701868399402e-01 6.401299756295694143e-01
3.996750609260763532e-01 6.401299756295694143e-01
3.996750609260763532e-01 6.433793663688058828e-01
4.021121039805036768e-01 6.433793663688058828e-01
4.021121039805036768e-01 6.441917140536149722e-01
4.037367993501218555e-01 6.441917140536149722e-01
4.037367993501218555e-01 6.450040617384240615e-01
4.053614947197400342e-01 6.450040617384240615e-01
4.053614947197400342e-01 6.458164094232331509e-01
4.069861900893582685e-01 6.458164094232331509e-01
4.069861900893582685e-01 6.466287571080422403e-01
4.086108854589764472e-01 6.466287571080422403e-01
4.086108854589764472e-01 6.474411047928513296e-01
4.094232331437855366e-01 6.474411047928513296e-01
4.094232331437855366e-01 6.482534524776604190e-01
4.102355808285946259e-01 6.482534524776604190e-01
4.102355808285946259e-01 6.490658001624695084e-01
4.110479285134037153e-01 6.490658001624695084e-01
4.110479285134037153e-01 6.515028432168967765e-01
4.126726238830219495e-01 6.515028432168967765e-01
4.126726238830219495e-01 6.523151909017059769e-01
4.134849715678310389e-01 6.523151909017059769e-01
4.134849715678310389e-01 6.531275385865150662e-01
4.142973192526401283e-01 6.531275385865150662e-01
4.142973192526401283e-01 6.555645816409423343e-01
4.175467099918765412e-01 6.555645816409423343e-01
4.175467099918765412e-01 6.563769293257514237e-01
4.183590576766856306e-01 6.563769293257514237e-01
4.183590576766856306e-01 6.580016246953696024e-01
4.199837530463038093e-01 6.580016246953696024e-01
4.199837530463038093e-01 6.596263200649877811e-01
4.305442729488220821e-01 6.596263200649877811e-01
4.305442729488220821e-01 6.604386677497968705e-01
4.321689683184403163e-01 6.604386677497968705e-01
4.321689683184403163e-01 6.620633631194151603e-01
4.337936636880584951e-01 6.620633631194151603e-01
4.337936636880584951e-01 6.653127538586515177e-01
4.362307067424857632e-01 6.653127538586515177e-01
4.362307067424857632e-01 6.677497969130787858e-01
4.419171405361494442e-01 6.677497969130787858e-01
4.419171405361494442e-01 6.701868399675060539e-01
4.435418359057676785e-01 6.701868399675060539e-01
4.435418359057676785e-01 6.709991876523151433e-01
4.451665312753858572e-01 6.709991876523151433e-01
4.451665312753858572e-01 6.718115353371243437e-01
4.467912266450040359e-01 6.718115353371243437e-01
4.467912266450040359e-01 6.726238830219334330e-01
4.484159220146222702e-01 6.726238830219334330e-01
4.484159220146222702e-01 6.734362307067425224e-01
4.492282696994313596e-01 6.734362307067425224e-01
4.492282696994313596e-01 6.758732737611697905e-01
4.532900081234768619e-01 6.758732737611697905e-01
4.532900081234768619e-01 6.766856214459788799e-01
4.541023558082859513e-01 6.766856214459788799e-01
4.541023558082859513e-01 6.774979691307879692e-01
4.557270511779041300e-01 6.774979691307879692e-01
4.557270511779041300e-01 6.791226645004061480e-01
4.565393988627132194e-01 6.791226645004061480e-01
4.565393988627132194e-01 6.823720552396426164e-01
4.573517465475223642e-01 6.823720552396426164e-01
4.573517465475223642e-01 6.831844029244517058e-01
4.597887896019496323e-01 6.831844029244517058e-01
4.597887896019496323e-01 6.839967506092607952e-01
4.622258326563769559e-01 6.839967506092607952e-01
4.622258326563769559e-01 6.848090982940698845e-01
4.638505280259951347e-01 6.848090982940698845e-01
4.638505280259951347e-01 6.856214459788789739e-01
4.662875710804224028e-01 6.856214459788789739e-01
4.662875710804224028e-01 6.872461413484971526e-01
4.670999187652314921e-01 6.872461413484971526e-01
4.670999187652314921e-01 6.880584890333062420e-01
4.687246141348497264e-01 6.880584890333062420e-01
4.687246141348497264e-01 6.896831844029244207e-01
4.727863525588952287e-01 6.896831844029244207e-01
4.727863525588952287e-01 6.913078797725425995e-01
4.735987002437043181e-01 6.913078797725425995e-01
4.735987002437043181e-01 6.921202274573517998e-01
4.744110479285134074e-01 6.921202274573517998e-01
4.744110479285134074e-01 6.937449228269699786e-01
4.752233956133224968e-01 6.937449228269699786e-01
4.752233956133224968e-01 6.945572705117790679e-01
4.784727863525589098e-01 6.945572705117790679e-01
4.784727863525589098e-01 6.961819658813972467e-01
4.817221770917952672e-01 6.961819658813972467e-01
4.817221770917952672e-01 6.978066612510154254e-01
4.874086108854590038e-01 6.978066612510154254e-01
4.874086108854590038e-01 6.994313566206336041e-01
4.930950446791226849e-01 6.994313566206336041e-01
4.930950446791226849e-01 7.002437043054426935e-01
4.947197400487408636e-01 7.002437043054426935e-01
4.947197400487408636e-01 7.010560519902517829e-01
4.979691307879772766e-01 7.010560519902517829e-01
4.979691307879772766e-01 7.018683996750608722e-01
4.995938261575954553e-01 7.018683996750608722e-01
4.995938261575954553e-01 7.026807473598700726e-01
5.044679122664500470e-01 7.026807473598700726e-01
5.044679122664500470e-01 7.043054427294882514e-01
5.052802599512591364e-01 7.043054427294882514e-01
5.052802599512591364e-01 7.051177904142973407e-01
5.060926076360682258e-01 7.051177904142973407e-01
5.060926076360682258e-01 7.059301380991064301e-01
5.077173030056864045e-01 7.059301380991064301e-01
5.077173030056864045e-01 7.067424857839155194e-01
5.093419983753045832e-01 7.067424857839155194e-01
5.093419983753045832e-01 7.075548334687246088e-01
5.109666937449228730e-01 7.075548334687246088e-01
5.109666937449228730e-01 7.083671811535336982e-01
5.166531275385864985e-01 7.083671811535336982e-01
5.166531275385864985e-01 7.116165718927700556e-01
5.174654752233955879e-01 7.116165718927700556e-01
5.174654752233955879e-01 7.124289195775792560e-01
5.182778229082046773e-01 7.124289195775792560e-01
5.182778229082046773e-01 7.132412672623883454e-01
5.199025182778228560e-01 7.132412672623883454e-01
5.199025182778228560e-01 7.148659626320065241e-01
5.207148659626320564e-01 7.148659626320065241e-01
5.207148659626320564e-01 7.197400487408610603e-01
5.215272136474411457e-01 7.197400487408610603e-01
5.215272136474411457e-01 7.205523964256701497e-01
5.231519090170593245e-01 7.205523964256701497e-01
5.231519090170593245e-01 7.229894394800975288e-01
5.247766043866775032e-01 7.229894394800975288e-01
5.247766043866775032e-01 7.246141348497157075e-01
5.264012997562956819e-01 7.246141348497157075e-01
5.264012997562956819e-01 7.294882209585702437e-01
5.272136474411047713e-01 7.294882209585702437e-01
5.272136474411047713e-01 7.311129163281884225e-01
5.280259951259138607e-01 7.311129163281884225e-01
5.280259951259138607e-01 7.319252640129975118e-01
5.353371242891957760e-01 7.319252640129975118e-01
5.353371242891957760e-01 7.335499593826158016e-01
5.369618196588139547e-01 7.335499593826158016e-01
5.369618196588139547e-01 7.343623070674248909e-01
5.377741673436230441e-01 7.343623070674248909e-01
5.377741673436230441e-01 7.351746547522339803e-01
5.393988627132412228e-01 7.351746547522339803e-01
5.393988627132412228e-01 7.384240454914703378e-01
5.410235580828595126e-01 7.384240454914703378e-01
5.410235580828595126e-01 7.400487408610885165e-01
5.418359057676686019e-01 7.400487408610885165e-01
5.418359057676686019e-01 7.408610885458976059e-01
5.426482534524776913e-01 7.408610885458976059e-01
5.426482534524776913e-01 7.432981316003249850e-01
5.434606011372867806e-01 7.432981316003249850e-01
5.434606011372867806e-01 7.441104792851340743e-01
5.458976441917140487e-01 7.441104792851340743e-01
5.458976441917140487e-01 7.457351746547522531e-01
5.483346872461413168e-01 7.457351746547522531e-01
5.483346872461413168e-01 7.465475223395613424e-01
5.491470349309504062e-01 7.465475223395613424e-01
5.491470349309504062e-01 7.473598700243704318e-01
5.499593826157594956e-01 7.473598700243704318e-01
5.499593826157594956e-01 7.481722177091795212e-01
5.572705117790414109e-01 7.481722177091795212e-01
5.572705117790414109e-01 7.489845653939886105e-01
5.597075548334686790e-01 7.489845653939886105e-01
5.597075548334686790e-01 7.497969130787976999e-01
5.605199025182777683e-01 7.497969130787976999e-01
5.605199025182777683e-01 7.530463038180341684e-01
5.613322502030869687e-01 7.530463038180341684e-01
5.613322502030869687e-01 7.538586515028432578e-01
5.621445978878960581e-01 7.538586515028432578e-01
5.621445978878960581e-01 7.546709991876523471e-01
5.645816409423233262e-01 7.546709991876523471e-01
5.645816409423233262e-01 7.554833468724614365e-01
5.686433793663687730e-01 7.554833468724614365e-01
5.686433793663687730e-01 7.562956945572705258e-01
5.718927701056052415e-01 7.562956945572705258e-01
5.718927701056052415e-01 7.571080422420796152e-01
5.743298131600325096e-01 7.571080422420796152e-01
5.743298131600325096e-01 7.587327376116977939e-01
5.767668562144597777e-01 7.587327376116977939e-01
5.767668562144597777e-01 7.611697806661250620e-01
5.824532900081235143e-01 7.611697806661250620e-01
5.824532900081235143e-01 7.627944760357433518e-01
5.848903330625507824e-01 7.627944760357433518e-01
5.848903330625507824e-01 7.636068237205524412e-01
5.857026807473598717e-01 7.636068237205524412e-01
5.857026807473598717e-01 7.644191714053615305e-01
5.873273761169780505e-01 7.644191714053615305e-01
5.873273761169780505e-01 7.652315190901706199e-01
5.881397238017871398e-01 7.652315190901706199e-01
5.881397238017871398e-01 7.660438667749797093e-01
5.889520714865962292e-01 7.660438667749797093e-01
5.889520714865962292e-01 7.668562144597887986e-01
5.930138099106417870e-01 7.668562144597887986e-01
5.930138099106417870e-01 7.676685621445978880e-01
5.938261575954508764e-01 7.676685621445978880e-01
5.938261575954508764e-01 7.684809098294069774e-01
5.954508529650690551e-01 7.684809098294069774e-01
5.954508529650690551e-01 7.692932575142160667e-01
5.987002437043054126e-01 7.692932575142160667e-01
5.987002437043054126e-01 7.701056051990251561e-01
5.995125913891145020e-01 7.701056051990251561e-01
5.995125913891145020e-01 7.709179528838342454e-01
6.027619821283509705e-01 7.709179528838342454e-01
6.027619821283509705e-01 7.717303005686433348e-01
6.035743298131600598e-01 7.717303005686433348e-01
6.035743298131600598e-01 7.733549959382616246e-01
6.060113728675873279e-01 7.733549959382616246e-01
6.060113728675873279e-01 7.741673436230707139e-01
6.084484159220145960e-01 7.741673436230707139e-01
6.084484159220145960e-01 7.757920389926888927e-01
6.092607636068236854e-01 7.757920389926888927e-01
6.092607636068236854e-01 7.766043866774979820e-01
6.141348497156783326e-01 7.766043866774979820e-01
6.141348497156783326e-01 7.774167343623070714e-01
6.181965881397237794e-01 7.774167343623070714e-01
6.181965881397237794e-01 7.782290820471161608e-01
6.198212835093419582e-01 7.782290820471161608e-01
6.198212835093419582e-01 7.798537774167343395e-01
6.206336311941510475e-01 7.798537774167343395e-01
6.206336311941510475e-01 7.831031681559708080e-01
6.214459788789602479e-01 7.831031681559708080e-01
6.214459788789602479e-01 7.839155158407798973e-01
6.222583265637693373e-01 7.839155158407798973e-01
6.222583265637693373e-01 7.855402112103980761e-01
6.238830219333875160e-01 7.855402112103980761e-01
6.238830219333875160e-01 7.871649065800162548e-01
6.263200649878147841e-01 7.871649065800162548e-01
6.263200649878147841e-01 7.896019496344435229e-01
6.271324126726238735e-01 7.896019496344435229e-01
6.271324126726238735e-01 7.944760357432981701e-01
6.311941510966693203e-01 7.944760357432981701e-01
6.311941510966693203e-01 7.985377741673436169e-01
6.344435418359057888e-01 7.985377741673436169e-01
6.344435418359057888e-01 8.001624695369617957e-01
6.352558895207148781e-01 8.001624695369617957e-01
6.352558895207148781e-01 8.025995125913890638e-01
6.360682372055239675e-01 8.025995125913890638e-01
6.360682372055239675e-01 8.034118602761982642e-01
6.368805848903330569e-01 8.034118602761982642e-01
6.368805848903330569e-01 8.050365556458164429e-01
6.376929325751421462e-01 8.050365556458164429e-01
6.376929325751421462e-01 8.058489033306255322e-01
6.401299756295694143e-01 8.058489033306255322e-01
6.401299756295694143e-01 8.074735987002437110e-01
6.409423233143785037e-01 8.074735987002437110e-01
6.409423233143785037e-01 8.082859463850528003e-01
6.441917140536149722e-01 8.082859463850528003e-01
6.441917140536149722e-01 8.090982940698618897e-01
6.458164094232331509e-01 8.090982940698618897e-01
6.458164094232331509e-01 8.107229894394800684e-01
6.498781478472785977e-01 8.107229894394800684e-01
6.498781478472785977e-01 8.123476848090982472e-01
6.531275385865150662e-01 8.123476848090982472e-01
6.531275385865150662e-01 8.131600324939074476e-01
6.555645816409423343e-01 8.131600324939074476e-01
6.555645816409423343e-01 8.139723801787165369e-01
6.571892770105605130e-01 8.139723801787165369e-01
6.571892770105605130e-01 8.172217709179528944e-01
6.580016246953696024e-01 8.172217709179528944e-01
6.580016246953696024e-01 8.180341186027619838e-01
6.596263200649877811e-01 8.180341186027619838e-01
6.596263200649877811e-01 8.204711616571892518e-01
6.612510154346059599e-01 8.204711616571892518e-01
6.612510154346059599e-01 8.220958570268074306e-01
6.628757108042242496e-01 8.220958570268074306e-01
6.628757108042242496e-01 8.237205523964257203e-01
6.636880584890333390e-01 8.237205523964257203e-01
6.636880584890333390e-01 8.245329000812348097e-01
6.653127538586515177e-01 8.245329000812348097e-01
6.653127538586515177e-01 8.285946385052802565e-01
6.685621445978878752e-01 8.285946385052802565e-01
6.685621445978878752e-01 8.294069861900893459e-01
6.693744922826969646e-01 8.294069861900893459e-01
6.693744922826969646e-01 8.302193338748984353e-01
6.701868399675060539e-01 8.302193338748984353e-01
6.701868399675060539e-01 8.318440292445166140e-01
6.709991876523151433e-01 8.318440292445166140e-01
6.709991876523151433e-01 8.326563769293257034e-01
6.718115353371243437e-01 8.326563769293257034e-01
6.718115353371243437e-01 8.334687246141349037e-01
6.726238830219334330e-01 8.334687246141349037e-01
6.726238830219334330e-01 8.350934199837530825e-01
6.742485783915516118e-01 8.350934199837530825e-01
6.742485783915516118e-01 8.359057676685621718e-01
6.766856214459788799e-01 8.359057676685621718e-01
6.766856214459788799e-01 8.367181153533712612e-01
6.783103168155970586e-01 8.367181153533712612e-01
6.783103168155970586e-01 8.375304630381803506e-01
6.791226645004061480e-01 8.375304630381803506e-01
6.791226645004061480e-01 8.383428107229894399e-01
6.839967506092607952e-01 8.383428107229894399e-01
6.839967506092607952e-01 8.391551584077985293e-01
6.880584890333062420e-01 8.391551584077985293e-01
6.880584890333062420e-01 8.399675060926076187e-01
6.896831844029244207e-01 8.399675060926076187e-01
6.896831844029244207e-01 8.415922014622257974e-01
6.961819658813972467e-01 8.415922014622257974e-01
6.961819658813972467e-01 8.432168968318439761e-01
7.116165718927700556e-01 8.432168968318439761e-01
7.116165718927700556e-01 8.440292445166531765e-01
7.124289195775792560e-01 8.440292445166531765e-01
7.124289195775792560e-01 8.448415922014622659e-01
7.148659626320065241e-01 8.448415922014622659e-01
7.148659626320065241e-01 8.456539398862713552e-01
7.156783103168156135e-01 8.456539398862713552e-01
7.156783103168156135e-01 8.472786352558895340e-01
7.181153533712428816e-01 8.472786352558895340e-01
7.181153533712428816e-01 8.480909829406986233e-01
7.197400487408610603e-01 8.480909829406986233e-01
7.197400487408610603e-01 8.497156783103168021e-01
7.205523964256701497e-01 8.497156783103168021e-01
7.205523964256701497e-01 8.513403736799349808e-01
7.238017871649066182e-01 8.513403736799349808e-01
7.238017871649066182e-01 8.521527213647440702e-01
7.246141348497157075e-01 8.521527213647440702e-01
7.246141348497157075e-01 8.537774167343623599e-01
7.254264825345247969e-01 8.537774167343623599e-01
7.254264825345247969e-01 8.545897644191714493e-01
7.270511779041429756e-01 8.545897644191714493e-01
7.270511779041429756e-01 8.554021121039805386e-01
7.335499593826158016e-01 8.554021121039805386e-01
7.335499593826158016e-01 8.562144597887896280e-01
7.359870024370430697e-01 8.562144597887896280e-01
7.359870024370430697e-01 8.570268074735987174e-01
7.384240454914703378e-01 8.570268074735987174e-01
7.384240454914703378e-01 8.586515028432168961e-01
7.408610885458976059e-01 8.586515028432168961e-01
7.408610885458976059e-01 8.602761982128350748e-01
7.424857839155158956e-01 8.602761982128350748e-01
7.424857839155158956e-01 8.627132412672623429e-01
7.441104792851340743e-01 8.627132412672623429e-01
7.441104792851340743e-01 8.635255889520714323e-01
7.449228269699431637e-01 8.635255889520714323e-01
7.449228269699431637e-01 8.643379366368806327e-01
7.473598700243704318e-01 8.643379366368806327e-01
7.473598700243704318e-01 8.659626320064988114e-01
7.489845653939886105e-01 8.659626320064988114e-01
7.489845653939886105e-01 8.667749796913079008e-01
7.530463038180341684e-01 8.667749796913079008e-01
7.530463038180341684e-01 8.692120227457351689e-01
7.611697806661250620e-01 8.692120227457351689e-01
7.611697806661250620e-01 8.700243704305442582e-01
7.619821283509341514e-01 8.700243704305442582e-01
7.619821283509341514e-01 8.708367181153533476e-01
7.644191714053615305e-01 8.708367181153533476e-01
7.644191714053615305e-01 8.732737611697806157e-01
7.660438667749797093e-01 8.732737611697806157e-01
7.660438667749797093e-01 8.740861088545898161e-01
7.676685621445978880e-01 8.740861088545898161e-01
7.676685621445978880e-01 8.748984565393989055e-01
7.701056051990251561e-01 8.748984565393989055e-01
7.701056051990251561e-01 8.781478472786352629e-01
7.725426482534524242e-01 8.781478472786352629e-01
7.725426482534524242e-01 8.805848903330625310e-01
7.757920389926888927e-01 8.805848903330625310e-01
7.757920389926888927e-01 8.813972380178716204e-01
7.766043866774979820e-01 8.813972380178716204e-01
7.766043866774979820e-01 8.822095857026807098e-01
7.774167343623070714e-01 8.822095857026807098e-01
7.774167343623070714e-01 8.830219333874897991e-01
7.806661251015434289e-01 8.830219333874897991e-01
7.806661251015434289e-01 8.838342810722988885e-01
7.814784727863525182e-01 8.838342810722988885e-01
7.814784727863525182e-01 8.854589764419171782e-01
7.831031681559708080e-01 8.854589764419171782e-01
7.831031681559708080e-01 8.862713241267262676e-01
7.855402112103980761e-01 8.862713241267262676e-01
7.855402112103980761e-01 8.870836718115353570e-01
7.879772542648253442e-01 8.870836718115353570e-01
7.879772542648253442e-01 8.878960194963444463e-01
7.887896019496344335e-01 8.878960194963444463e-01
7.887896019496344335e-01 8.895207148659626251e-01
7.928513403736798804e-01 8.895207148659626251e-01
7.928513403736798804e-01 8.903330625507717144e-01
7.944760357432981701e-01 8.903330625507717144e-01
7.944760357432981701e-01 8.911454102355808038e-01
7.961007311129163488e-01 8.911454102355808038e-01
7.961007311129163488e-01 8.927701056051989825e-01
7.977254264825345276e-01 8.927701056051989825e-01
7.977254264825345276e-01 8.935824532900080719e-01
7.985377741673436169e-01 8.935824532900080719e-01
7.985377741673436169e-01 8.952071486596263616e-01
8.034118602761982642e-01 8.952071486596263616e-01
8.034118602761982642e-01 8.960194963444354510e-01
8.066612510154346216e-01 8.960194963444354510e-01
8.066612510154346216e-01 8.976441917140536297e-01
8.123476848090982472e-01 8.976441917140536297e-01
8.123476848090982472e-01 9.008935824532899872e-01
8.131600324939074476e-01 9.008935824532899872e-01
8.131600324939074476e-01 9.033306255077172553e-01
8.139723801787165369e-01 9.033306255077172553e-01
8.139723801787165369e-01 9.065800162469537238e-01
8.147847278635256263e-01 9.065800162469537238e-01
8.147847278635256263e-01 9.073923639317628131e-01
8.155970755483347157e-01 9.073923639317628131e-01
8.155970755483347157e-01 9.082047116165719025e-01
8.172217709179528944e-01 9.082047116165719025e-01
8.172217709179528944e-01 9.090170593013809919e-01
8.188464662875710731e-01 9.090170593013809919e-01
8.188464662875710731e-01 9.098294069861900812e-01
8.196588139723801625e-01 9.098294069861900812e-01
8.196588139723801625e-01 9.114541023558082600e-01
8.212835093419983412e-01 9.114541023558082600e-01
8.212835093419983412e-01 9.130787977254264387e-01
8.237205523964257203e-01 9.130787977254264387e-01
8.237205523964257203e-01 9.138911454102355281e-01
8.245329000812348097e-01 9.138911454102355281e-01
8.245329000812348097e-01 9.147034930950447285e-01
8.261575954508529884e-01 9.147034930950447285e-01
8.261575954508529884e-01 9.171405361494719966e-01
8.294069861900893459e-01 9.171405361494719966e-01
8.294069861900893459e-01 9.187652315190901753e-01
8.326563769293257034e-01 9.187652315190901753e-01
8.326563769293257034e-01 9.220146222583265327e-01
8.334687246141349037e-01 9.220146222583265327e-01
8.334687246141349037e-01 9.236393176279447115e-01
8.342810722989439931e-01 9.236393176279447115e-01
8.342810722989439931e-01 9.268887083671811800e-01
8.359057676685621718e-01 9.268887083671811800e-01
8.359057676685621718e-01 9.277010560519902693e-01
8.375304630381803506e-01 9.277010560519902693e-01
8.375304630381803506e-01 9.285134037367993587e-01
8.407798537774167080e-01 9.285134037367993587e-01
8.407798537774167080e-01 9.293257514216084481e-01
8.489033306255077127e-01 9.293257514216084481e-01
8.489033306255077127e-01 9.309504467912266268e-01
8.529650690495531595e-01 9.309504467912266268e-01
8.529650690495531595e-01 9.325751421608448055e-01
8.537774167343623599e-01 9.325751421608448055e-01
8.537774167343623599e-01 9.333874898456538949e-01
8.554021121039805386e-01 9.333874898456538949e-01
8.554021121039805386e-01 9.341998375304629842e-01
8.562144597887896280e-01 9.341998375304629842e-01
8.562144597887896280e-01 9.350121852152721846e-01
8.643379366368806327e-01 9.350121852152721846e-01
8.643379366368806327e-01 9.358245329000812740e-01
8.651502843216897221e-01 9.358245329000812740e-01
8.651502843216897221e-01 9.374492282696994527e-01
8.667749796913079008e-01 9.374492282696994527e-01
8.667749796913079008e-01 9.398862713241267208e-01
8.675873273761169902e-01 9.398862713241267208e-01
8.675873273761169902e-01 9.415109666937448996e-01
8.692120227457351689e-01 9.415109666937448996e-01
8.692120227457351689e-01 9.423233143785539889e-01
8.700243704305442582e-01 9.423233143785539889e-01
8.700243704305442582e-01 9.431356620633630783e-01
8.716490658001624370e-01 9.431356620633630783e-01
8.716490658001624370e-01 9.471974004874086361e-01
8.732737611697806157e-01 9.471974004874086361e-01
8.732737611697806157e-01 9.488220958570268149e-01
8.765231519090170842e-01 9.488220958570268149e-01
8.765231519090170842e-01 9.496344435418359042e-01
8.781478472786352629e-01 9.496344435418359042e-01
8.781478472786352629e-01 9.504467912266449936e-01
8.789601949634443523e-01 9.504467912266449936e-01
8.789601949634443523e-01 9.512591389114540830e-01
8.797725426482534417e-01 9.512591389114540830e-01
8.797725426482534417e-01 9.536961819658813511e-01
8.830219333874897991e-01 9.536961819658813511e-01
8.830219333874897991e-01 9.545085296506904404e-01
8.838342810722988885e-01 9.545085296506904404e-01
8.838342810722988885e-01 9.553208773354996408e-01
8.870836718115353570e-01 9.553208773354996408e-01
8.870836718115353570e-01 9.577579203899269089e-01
8.895207148659626251e-01 9.577579203899269089e-01
8.895207148659626251e-01 9.593826157595450876e-01
8.927701056051989825e-01 9.593826157595450876e-01
8.927701056051989825e-01 9.601949634443541770e-01
8.943948009748172723e-01 9.601949634443541770e-01
8.943948009748172723e-01 9.610073111291632664e-01
8.968318440292445404e-01 9.610073111291632664e-01
8.968318440292445404e-01 9.642567018683996238e-01
8.976441917140536297e-01 9.642567018683996238e-01
8.976441917140536297e-01 9.650690495532088242e-01
8.984565393988627191e-01 9.650690495532088242e-01
8.984565393988627191e-01 9.658813972380179136e-01
9.008935824532899872e-01 9.658813972380179136e-01
9.008935824532899872e-01 9.666937449228270030e-01
9.025182778229081659e-01 9.666937449228270030e-01
9.025182778229081659e-01 9.675060926076360923e-01
9.057676685621446344e-01 9.675060926076360923e-01
9.057676685621446344e-01 9.683184402924451817e-01
9.082047116165719025e-01 9.683184402924451817e-01
9.082047116165719025e-01 9.691307879772542710e-01
9.090170593013809919e-01 9.691307879772542710e-01
9.090170593013809919e-01 9.699431356620633604e-01
9.138911454102355281e-01 9.699431356620633604e-01
9.138911454102355281e-01 9.707554833468724498e-01
9.147034930950447285e-01 9.707554833468724498e-01
9.147034930950447285e-01 9.715678310316815391e-01
9.155158407798538178e-01 9.715678310316815391e-01
9.155158407798538178e-01 9.723801787164906285e-01
9.163281884646629072e-01 9.723801787164906285e-01
9.163281884646629072e-01 9.731925264012997179e-01
9.179528838342810859e-01 9.731925264012997179e-01
9.179528838342810859e-01 9.740048740861088072e-01
9.187652315190901753e-01 9.740048740861088072e-01
9.187652315190901753e-01 9.748172217709180076e-01
9.195775792038992646e-01 9.748172217709180076e-01
9.195775792038992646e-01 9.780666125101543651e-01
9.203899268887083540e-01 9.780666125101543651e-01
9.203899268887083540e-01 9.788789601949634545e-01
9.212022745735174434e-01 9.788789601949634545e-01
9.212022745735174434e-01 9.805036555645816332e-01
9.220146222583265327e-01 9.805036555645816332e-01
9.220146222583265327e-01 9.813160032493907226e-01
9.236393176279447115e-01 9.813160032493907226e-01
9.236393176279447115e-01 9.821283509341998119e-01
9.268887083671811800e-01 9.821283509341998119e-01
9.268887083671811800e-01 9.837530463038179906e-01
9.277010560519902693e-01 9.837530463038179906e-01
9.277010560519902693e-01 9.845653939886270800e-01
9.293257514216084481e-01 9.845653939886270800e-01
9.293257514216084481e-01 9.853777416734362804e-01
9.317627944760357162e-01 9.853777416734362804e-01
9.317627944760357162e-01 9.861900893582453698e-01
9.333874898456538949e-01 9.861900893582453698e-01
9.350121852152721846e-01 9.861900893582453698e-01
9.366368805848903634e-01 9.861900893582453698e-01
9.366368805848903634e-01 9.870024370430544591e-01
9.423233143785539889e-01 9.870024370430544591e-01
9.423233143785539889e-01 9.878147847278635485e-01
9.463850528025995468e-01 9.878147847278635485e-01
9.463850528025995468e-01 9.886271324126726379e-01
9.471974004874086361e-01 9.886271324126726379e-01
9.471974004874086361e-01 9.894394800974817272e-01
9.569455727051178195e-01 9.894394800974817272e-01
9.569455727051178195e-01 9.918765231519089953e-01
9.610073111291632664e-01 9.918765231519089953e-01
9.610073111291632664e-01 9.926888708367180847e-01
9.691307879772542710e-01 9.926888708367180847e-01
9.691307879772542710e-01 9.935012185215271741e-01
9.699431356620633604e-01 9.935012185215271741e-01
9.699431356620633604e-01 9.943135662063362634e-01
9.756295694557270970e-01 9.943135662063362634e-01
9.756295694557270970e-01 9.951259138911454638e-01
9.788789601949634545e-01 9.951259138911454638e-01
9.788789601949634545e-01 9.959382615759545532e-01
9.902518277822908166e-01 9.959382615759545532e-01
9.902518277822908166e-01 9.967506092607636425e-01
9.926888708367180847e-01 9.967506092607636425e-01
9.926888708367180847e-01 9.983753046303818213e-01
9.967506092607636425e-01 9.983753046303818213e-01
9.967506092607636425e-01 9.991876523151909106e-01
9.975629569455727319e-01 9.991876523151909106e-01
9.975629569455727319e-01 1.000000000000000000e+00
1.000000000000000000e+00 1.000000000000000000e+00
