# auc=0.499
# acc=0.490
0.000000000000000000e+00 0.000000000000000000e+00
0.000000000000000000e+00 6.770480704129992972e-04
0.000000000000000000e+00 4.062288422477996000e-03
6.765899864682003214e-04 4.062288422477996000e-03
6.765899864682003214e-04 4.739336492890995622e-03
1.353179972936400643e-03 4.739336492890995622e-03
2.706359945872801286e-03 4.739336492890995622e-03
2.706359945872801286e-03 6.770480704129993622e-03
3.382949932341001390e-03 6.770480704129993622e-03
4.736129905277402033e-03 6.770480704129993622e-03
4.736129905277402033e-03 8.124576844955992000e-03
5.412719891745602571e-03 8.124576844955992000e-03
5.412719891745602571e-03 8.801624915368991622e-03
6.765899864682002780e-03 8.801624915368991622e-03
6.765899864682002780e-03 9.478672985781991245e-03
7.442489851150203319e-03 9.478672985781991245e-03
7.442489851150203319e-03 1.083276912660798875e-02
1.014884979702300460e-02 1.083276912660798875e-02
1.014884979702300460e-02 1.354096140825998724e-02
1.285520974289580502e-02 1.354096140825998724e-02
1.285520974289580502e-02 1.421800947867298513e-02
1.420838971583220610e-02 1.421800947867298513e-02
1.420838971583220610e-02 1.489505754908598475e-02
1.556156968876860544e-02 1.489505754908598475e-02
1.556156968876860544e-02 1.692620176032498189e-02
1.623815967523680598e-02 1.692620176032498189e-02
1.623815967523680598e-02 2.098849018280297962e-02
1.691474966170500652e-02 2.098849018280297962e-02
1.691474966170500652e-02 2.369668246445497464e-02
1.826792963464140759e-02 2.369668246445497464e-02
1.826792963464140759e-02 2.437373053486797600e-02
2.029769959404600921e-02 2.437373053486797600e-02
2.029769959404600921e-02 2.708192281651997449e-02
2.165087956698241028e-02 2.708192281651997449e-02
2.165087956698241028e-02 2.911306702775897162e-02
2.232746955345060735e-02 2.911306702775897162e-02
2.232746955345060735e-02 2.979011509817196951e-02
2.368064952638700843e-02 2.979011509817196951e-02
2.368064952638700843e-02 3.182125930941096664e-02
2.435723951285520897e-02 3.182125930941096664e-02
2.638700947225981058e-02 3.182125930941096664e-02
2.638700947225981058e-02 3.385240352064996378e-02
2.706359945872801112e-02 3.385240352064996378e-02
2.706359945872801112e-02 3.452945159106296513e-02
2.909336941813261274e-02 3.452945159106296513e-02
2.909336941813261274e-02 3.588354773188896091e-02
3.044654939106901381e-02 3.588354773188896091e-02
3.044654939106901381e-02 3.723764387271496362e-02
3.112313937753721088e-02 3.723764387271496362e-02
3.112313937753721088e-02 3.791469194312796498e-02
3.247631935047361196e-02 3.791469194312796498e-02
3.247631935047361196e-02 4.468517264725795773e-02
3.315290933694181597e-02 4.468517264725795773e-02
3.315290933694181597e-02 4.536222071767095215e-02
3.585926928281461118e-02 4.536222071767095215e-02
3.721244925575101226e-02 4.536222071767095215e-02
3.856562922868741333e-02 4.536222071767095215e-02
3.856562922868741333e-02 4.671631685849695487e-02
3.991880920162381441e-02 4.671631685849695487e-02
3.991880920162381441e-02 4.807041299932295064e-02
4.127198917456021549e-02 4.807041299932295064e-02
4.127198917456021549e-02 4.874746106973595200e-02
4.194857916102841949e-02 4.874746106973595200e-02
4.194857916102841949e-02 4.942450914014895336e-02
4.397834912043301764e-02 4.942450914014895336e-02
4.533152909336941871e-02 4.942450914014895336e-02
4.533152909336941871e-02 5.010155721056194777e-02
4.668470906630581979e-02 5.010155721056194777e-02
4.939106901217862194e-02 5.010155721056194777e-02
4.939106901217862194e-02 5.077860528097494913e-02
5.074424898511502302e-02 5.077860528097494913e-02
5.074424898511502302e-02 5.145565335138795049e-02
5.209742895805142410e-02 5.145565335138795049e-02
5.209742895805142410e-02 5.416384563303994898e-02
5.277401894451962117e-02 5.416384563303994898e-02
5.277401894451962117e-02 5.551794177386594475e-02
5.412719891745602224e-02 5.551794177386594475e-02
5.412719891745602224e-02 5.619498984427894611e-02
5.480378890392421931e-02 5.619498984427894611e-02
5.480378890392421931e-02 5.687203791469194053e-02
5.615696887686062039e-02 5.687203791469194053e-02
5.615696887686062039e-02 5.754908598510494189e-02
5.683355886332882440e-02 5.754908598510494189e-02
5.683355886332882440e-02 5.822613405551794324e-02
5.751014884979702146e-02 5.822613405551794324e-02
5.751014884979702146e-02 5.890318212593093766e-02
5.886332882273342254e-02 5.890318212593093766e-02
5.953991880920162655e-02 5.890318212593093766e-02
6.089309878213802762e-02 5.890318212593093766e-02
6.089309878213802762e-02 6.228842247799593751e-02
6.156968876860622469e-02 6.228842247799593751e-02
6.156968876860622469e-02 6.431956668923494158e-02
6.224627875507442176e-02 6.431956668923494158e-02
6.224627875507442176e-02 6.838185511171293585e-02
6.359945872801082978e-02 6.838185511171293585e-02
6.427604871447901991e-02 6.838185511171293585e-02
6.427604871447901991e-02 7.176709546377792182e-02
6.495263870094722392e-02 7.176709546377792182e-02
6.495263870094722392e-02 7.244414353419093011e-02
6.765899864682002607e-02 7.244414353419093011e-02
6.765899864682002607e-02 7.786052809749492709e-02
6.901217861975643408e-02 7.786052809749492709e-02
6.901217861975643408e-02 7.921462423832091593e-02
7.036535859269282822e-02 7.921462423832091593e-02
7.036535859269282822e-02 8.124576844955991306e-02
7.104194857916103223e-02 8.124576844955991306e-02
7.104194857916103223e-02 8.192281651997292136e-02
7.239512855209742637e-02 8.192281651997292136e-02
7.239512855209742637e-02 8.259986459038591577e-02
7.374830852503383438e-02 8.259986459038591577e-02
7.374830852503383438e-02 8.530805687203792120e-02
7.442489851150202451e-02 8.530805687203792120e-02
7.442489851150202451e-02 8.598510494245091562e-02
7.510148849797022852e-02 8.598510494245091562e-02
7.645466847090663653e-02 8.598510494245091562e-02
7.645466847090663653e-02 8.733920108327691834e-02
7.780784844384303067e-02 8.733920108327691834e-02
7.780784844384303067e-02 8.869329722410290717e-02
7.848443843031123468e-02 8.869329722410290717e-02
7.848443843031123468e-02 8.937034529451591547e-02
7.916102841677942481e-02 8.937034529451591547e-02
8.051420838971583283e-02 8.937034529451591547e-02
8.051420838971583283e-02 9.004739336492890989e-02
8.186738836265222696e-02 9.004739336492890989e-02
8.186738836265222696e-02 9.072444143534190431e-02
8.254397834912043097e-02 9.072444143534190431e-02
8.254397834912043097e-02 9.343263371699390973e-02
8.322056833558863498e-02 9.343263371699390973e-02
8.322056833558863498e-02 9.749492213947190400e-02
8.389715832205683899e-02 9.749492213947190400e-02
8.389715832205683899e-02 1.002031144211238955e-01
8.389715832205683899e-02 1.015572105619498983e-01
8.389715832205683899e-02 1.022342586323628927e-01
8.457374830852502912e-02 1.022342586323628927e-01
8.457374830852502912e-02 1.029113067027759010e-01
8.525033829499323312e-02 1.029113067027759010e-01
8.525033829499323312e-02 1.042654028436018898e-01
8.592692828146143713e-02 1.042654028436018898e-01
8.592692828146143713e-02 1.069735951252538952e-01
8.660351826792964114e-02 1.069735951252538952e-01
8.660351826792964114e-02 1.076506431956668897e-01
8.728010825439783127e-02 1.076506431956668897e-01
8.863328822733423928e-02 1.076506431956668897e-01
9.066305818673883743e-02 1.076506431956668897e-01
9.066305818673883743e-02 1.083276912660798980e-01
9.269282814614343557e-02 1.083276912660798980e-01
9.269282814614343557e-02 1.090047393364928924e-01
9.472259810554803372e-02 1.090047393364928924e-01
9.472259810554803372e-02 1.096817874069058868e-01
9.607577807848444174e-02 1.096817874069058868e-01
9.607577807848444174e-02 1.110358835477318895e-01
9.810554803788903988e-02 1.110358835477318895e-01
9.945872801082543402e-02 1.110358835477318895e-01
9.945872801082543402e-02 1.123899796885578922e-01
1.014884979702300460e-01 1.123899796885578922e-01
1.028416779431664402e-01 1.123899796885578922e-01
1.028416779431664402e-01 1.130670277589708866e-01
1.035182679296346442e-01 1.130670277589708866e-01
1.035182679296346442e-01 1.137440758293838811e-01
1.041948579161028482e-01 1.137440758293838811e-01
1.041948579161028482e-01 1.205145565335138808e-01
1.069012178619756365e-01 1.205145565335138808e-01
1.075778078484438405e-01 1.205145565335138808e-01
1.075778078484438405e-01 1.218686526743398835e-01
1.089309878213802485e-01 1.218686526743398835e-01
1.109607577807848466e-01 1.218686526743398835e-01
1.109607577807848466e-01 1.225457007447528779e-01
1.123139377537212408e-01 1.225457007447528779e-01
1.123139377537212408e-01 1.232227488151658723e-01
1.129905277401894448e-01 1.232227488151658723e-01
1.129905277401894448e-01 1.238997968855788806e-01
1.136671177266576488e-01 1.238997968855788806e-01
1.136671177266576488e-01 1.279620853080568610e-01
1.143437077131258389e-01 1.279620853080568610e-01
1.143437077131258389e-01 1.320243737305348553e-01
1.156968876860622469e-01 1.320243737305348553e-01
1.156968876860622469e-01 1.327014218009478774e-01
1.170500676589986411e-01 1.327014218009478774e-01
1.170500676589986411e-01 1.347325660121868607e-01
1.177266576454668451e-01 1.347325660121868607e-01
1.177266576454668451e-01 1.360866621530128773e-01
1.197564276048714432e-01 1.360866621530128773e-01
1.204330175913396472e-01 1.360866621530128773e-01
1.204330175913396472e-01 1.367637102234258717e-01
1.211096075778078512e-01 1.367637102234258717e-01
1.224627875507442454e-01 1.367637102234258717e-01
1.244925575101488435e-01 1.367637102234258717e-01
1.244925575101488435e-01 1.381178063642518605e-01
1.265223274695534417e-01 1.381178063642518605e-01
1.265223274695534417e-01 1.387948544346648549e-01
1.285520974289580398e-01 1.387948544346648549e-01
1.285520974289580398e-01 1.394719025050778494e-01
1.292286874154262577e-01 1.394719025050778494e-01
1.292286874154262577e-01 1.415030467163168604e-01
1.305818673883626657e-01 1.415030467163168604e-01
1.305818673883626657e-01 1.428571428571428492e-01
1.312584573748308558e-01 1.428571428571428492e-01
1.312584573748308558e-01 1.435341909275558436e-01
1.326116373477672639e-01 1.435341909275558436e-01
1.326116373477672639e-01 1.442112389979688658e-01
1.339648173207036441e-01 1.442112389979688658e-01
1.339648173207036441e-01 1.448882870683818602e-01
1.353179972936400521e-01 1.448882870683818602e-01
1.353179972936400521e-01 1.455653351387948546e-01
1.359945872801082423e-01 1.455653351387948546e-01
1.359945872801082423e-01 1.462423832092078491e-01
1.366711772665764602e-01 1.462423832092078491e-01
1.366711772665764602e-01 1.475964793500338657e-01
1.373477672530446503e-01 1.475964793500338657e-01
1.373477672530446503e-01 1.516587677725118599e-01
1.380243572395128682e-01 1.516587677725118599e-01
1.380243572395128682e-01 1.523358158429248543e-01
1.387009472259810583e-01 1.523358158429248543e-01
1.387009472259810583e-01 1.530128639133378488e-01
1.400541271989174663e-01 1.530128639133378488e-01
1.400541271989174663e-01 1.543669600541638376e-01
1.414073071718538466e-01 1.543669600541638376e-01
1.414073071718538466e-01 1.550440081245768320e-01
1.420838971583220645e-01 1.550440081245768320e-01
1.420838971583220645e-01 1.577522004062288374e-01
1.427604871447902546e-01 1.577522004062288374e-01
1.427604871447902546e-01 1.584292484766418319e-01
1.461434370771312607e-01 1.584292484766418319e-01
1.461434370771312607e-01 1.591062965470548540e-01
1.468200270635994509e-01 1.591062965470548540e-01
1.468200270635994509e-01 1.597833446174678484e-01
1.481732070365358589e-01 1.597833446174678484e-01
1.481732070365358589e-01 1.611374407582938373e-01
1.488497970230040490e-01 1.611374407582938373e-01
1.488497970230040490e-01 1.631685849695328483e-01
1.502029769959404570e-01 1.631685849695328483e-01
1.502029769959404570e-01 1.638456330399458427e-01
1.508795669824086472e-01 1.638456330399458427e-01
1.508795669824086472e-01 1.645226811103588371e-01
1.522327469553450552e-01 1.645226811103588371e-01
1.529093369418132731e-01 1.645226811103588371e-01
1.529093369418132731e-01 1.658767772511848260e-01
1.535859269282814632e-01 1.658767772511848260e-01
1.562922868741542515e-01 1.658767772511848260e-01
1.569688768606224694e-01 1.658767772511848260e-01
1.583220568335588496e-01 1.658767772511848260e-01
1.583220568335588496e-01 1.665538253215978204e-01
1.596752368064952576e-01 1.665538253215978204e-01
1.596752368064952576e-01 1.706161137440758424e-01
1.610284167794316657e-01 1.706161137440758424e-01
1.617050067658998558e-01 1.706161137440758424e-01
1.617050067658998558e-01 1.719702098849018312e-01
1.617050067658998558e-01 1.726472579553148257e-01
1.623815967523680737e-01 1.726472579553148257e-01
1.623815967523680737e-01 1.733243060257278201e-01
1.630581867388362638e-01 1.733243060257278201e-01
1.630581867388362638e-01 1.746784021665538367e-01
1.637347767253044539e-01 1.746784021665538367e-01
1.637347767253044539e-01 1.767095463777928199e-01
1.637347767253044539e-01 1.780636425186188088e-01
1.637347767253044539e-01 1.787406905890318309e-01
1.650879566982408619e-01 1.787406905890318309e-01
1.650879566982408619e-01 1.800947867298578198e-01
1.664411366711772700e-01 1.800947867298578198e-01
1.664411366711772700e-01 1.807718348002708142e-01
1.677943166441136780e-01 1.807718348002708142e-01
1.677943166441136780e-01 1.828029790115098252e-01
1.691474966170500582e-01 1.828029790115098252e-01
1.705006765899864662e-01 1.828029790115098252e-01
1.711772665764546564e-01 1.828029790115098252e-01
1.711772665764546564e-01 1.834800270819228196e-01
1.718538565629228743e-01 1.834800270819228196e-01
1.718538565629228743e-01 1.875423155044008139e-01
1.725304465493910644e-01 1.875423155044008139e-01
1.725304465493910644e-01 1.882193635748138083e-01
1.738836265223274724e-01 1.882193635748138083e-01
1.759133964817320706e-01 1.882193635748138083e-01
1.759133964817320706e-01 1.895734597156397971e-01
1.765899864682002607e-01 1.895734597156397971e-01
1.779431664411366687e-01 1.895734597156397971e-01
1.779431664411366687e-01 1.909275558564658137e-01
1.792963464140730767e-01 1.909275558564658137e-01
1.799729364005412668e-01 1.909275558564658137e-01
1.799729364005412668e-01 1.916046039268788082e-01
1.806495263870094847e-01 1.916046039268788082e-01
1.806495263870094847e-01 1.922816519972918026e-01
1.813261163734776749e-01 1.922816519972918026e-01
1.813261163734776749e-01 1.936357481381178192e-01
1.826792963464140829e-01 1.936357481381178192e-01
1.826792963464140829e-01 1.949898442789438080e-01
1.840324763193504631e-01 1.949898442789438080e-01
1.840324763193504631e-01 1.956668923493568024e-01
1.847090663058186810e-01 1.956668923493568024e-01
1.847090663058186810e-01 1.970209884901827913e-01
1.853856562922868711e-01 1.970209884901827913e-01
1.853856562922868711e-01 1.976980365605958134e-01
1.867388362652232792e-01 1.976980365605958134e-01
1.867388362652232792e-01 1.983750846310088078e-01
1.874154262516914693e-01 1.983750846310088078e-01
1.874154262516914693e-01 1.990521327014218023e-01
1.887686062246278773e-01 1.990521327014218023e-01
1.887686062246278773e-01 1.997291807718347967e-01
1.907983761840324755e-01 1.997291807718347967e-01
1.907983761840324755e-01 2.004062288422477911e-01
1.921515561569688835e-01 2.004062288422477911e-01
1.928281461434370736e-01 2.004062288422477911e-01
1.928281461434370736e-01 2.024373730534868021e-01
1.941813261163734816e-01 2.024373730534868021e-01
1.948579161028416717e-01 2.024373730534868021e-01
1.948579161028416717e-01 2.044685172647257854e-01
1.955345060893098896e-01 2.044685172647257854e-01
1.955345060893098896e-01 2.058226134055518020e-01
1.968876860622462699e-01 2.058226134055518020e-01
1.989174560216508680e-01 2.058226134055518020e-01
2.002706359945872761e-01 2.058226134055518020e-01
2.002706359945872761e-01 2.071767095463777908e-01
2.009472259810554939e-01 2.071767095463777908e-01
2.009472259810554939e-01 2.092078537576168018e-01
2.029769959404600921e-01 2.092078537576168018e-01
2.029769959404600921e-01 2.112389979688557851e-01
2.050067658998646902e-01 2.112389979688557851e-01
2.050067658998646902e-01 2.125930941096817739e-01
2.063599458728010705e-01 2.125930941096817739e-01
2.070365358592692884e-01 2.125930941096817739e-01
2.070365358592692884e-01 2.139471902505077905e-01
2.083897158322056964e-01 2.139471902505077905e-01
2.110960757780784847e-01 2.139471902505077905e-01
2.124492557510148927e-01 2.139471902505077905e-01
2.131258457374830828e-01 2.139471902505077905e-01
2.131258457374830828e-01 2.146242383209207849e-01
2.144790257104194908e-01 2.146242383209207849e-01
2.144790257104194908e-01 2.153012863913337793e-01
2.171853856562922791e-01 2.153012863913337793e-01
2.171853856562922791e-01 2.159783344617467737e-01
2.192151556156968772e-01 2.159783344617467737e-01
2.205683355886332853e-01 2.159783344617467737e-01
2.205683355886332853e-01 2.166553825321597959e-01
2.225981055480378834e-01 2.166553825321597959e-01
2.225981055480378834e-01 2.173324306025727903e-01
2.239512855209742914e-01 2.173324306025727903e-01
2.259810554803788896e-01 2.173324306025727903e-01
2.266576454668470797e-01 2.173324306025727903e-01
2.266576454668470797e-01 2.186865267433987792e-01
2.266576454668470797e-01 2.220717670954637790e-01
2.280108254397834877e-01 2.220717670954637790e-01
2.286874154262516778e-01 2.220717670954637790e-01
2.286874154262516778e-01 2.261340555179417733e-01
2.300405953991880859e-01 2.261340555179417733e-01
2.300405953991880859e-01 2.268111035883547677e-01
2.307171853856563037e-01 2.268111035883547677e-01
2.307171853856563037e-01 2.274881516587677621e-01
2.313937753721244939e-01 2.274881516587677621e-01
2.313937753721244939e-01 2.281651997291807843e-01
2.320703653585926840e-01 2.281651997291807843e-01
2.320703653585926840e-01 2.301963439404197675e-01
2.327469553450609019e-01 2.301963439404197675e-01
2.327469553450609019e-01 2.315504400812457564e-01
2.334235453315290920e-01 2.315504400812457564e-01
2.334235453315290920e-01 2.329045362220717730e-01
2.334235453315290920e-01 2.335815842924847674e-01
2.341001353179972821e-01 2.335815842924847674e-01
2.341001353179972821e-01 2.356127285037237507e-01
2.354533152909336902e-01 2.362897765741367728e-01
2.354533152909336902e-01 2.369668246445497672e-01
2.368064952638700982e-01 2.369668246445497672e-01
2.381596752368065062e-01 2.369668246445497672e-01
2.381596752368065062e-01 2.376438727149627617e-01
2.395128552097428865e-01 2.376438727149627617e-01
2.395128552097428865e-01 2.383209207853757561e-01
2.408660351826792945e-01 2.383209207853757561e-01
2.408660351826792945e-01 2.396750169262017727e-01
2.415426251691474846e-01 2.396750169262017727e-01
2.415426251691474846e-01 2.410291130670277615e-01
2.415426251691474846e-01 2.417061611374407559e-01
2.422192151556157025e-01 2.417061611374407559e-01
2.422192151556157025e-01 2.423832092078537503e-01
2.428958051420838926e-01 2.423832092078537503e-01
2.456021650879567086e-01 2.423832092078537503e-01
2.456021650879567086e-01 2.430602572782667448e-01
2.469553450608930889e-01 2.430602572782667448e-01
2.483085250338294969e-01 2.430602572782667448e-01
2.503382949932341228e-01 2.430602572782667448e-01
2.510148849797023130e-01 2.437373053486797669e-01
2.510148849797023130e-01 2.457684495599187502e-01
2.516914749661705031e-01 2.457684495599187502e-01
2.516914749661705031e-01 2.464454976303317446e-01
2.530446549391068833e-01 2.464454976303317446e-01
2.543978349120433191e-01 2.464454976303317446e-01
2.543978349120433191e-01 2.471225457007447390e-01
2.557510148849796994e-01 2.471225457007447390e-01
2.557510148849796994e-01 2.484766418415707556e-01
2.564276048714478895e-01 2.484766418415707556e-01
2.584573748308525154e-01 2.484766418415707556e-01
2.591339648173207055e-01 2.484766418415707556e-01
2.591339648173207055e-01 2.491536899119837500e-01
2.598105548037888957e-01 2.491536899119837500e-01
2.598105548037888957e-01 2.505077860528097666e-01
2.611637347767253314e-01 2.505077860528097666e-01
2.618403247631935216e-01 2.505077860528097666e-01
2.618403247631935216e-01 2.518618821936357555e-01
2.631935047361299018e-01 2.518618821936357555e-01
2.631935047361299018e-01 2.532159783344617443e-01
2.638700947225980920e-01 2.538930264048747665e-01
2.638700947225980920e-01 2.559241706161137220e-01
2.645466847090662821e-01 2.559241706161137220e-01
2.645466847090662821e-01 2.566012186865267442e-01
2.652232746955345277e-01 2.566012186865267442e-01
2.665764546684709080e-01 2.566012186865267442e-01
2.665764546684709080e-01 2.579553148273527330e-01
2.672530446549390981e-01 2.579553148273527330e-01
2.672530446549390981e-01 2.586323628977657552e-01
2.672530446549390981e-01 2.599864590385917440e-01
2.679296346414072882e-01 2.599864590385917440e-01
2.679296346414072882e-01 2.613405551794177328e-01
2.692828146143437240e-01 2.613405551794177328e-01
2.692828146143437240e-01 2.626946513202437217e-01
2.692828146143437240e-01 2.660798916723087215e-01
2.733423545331529203e-01 2.660798916723087215e-01
2.733423545331529203e-01 2.667569397427217437e-01
2.740189445196211104e-01 2.674339878131347104e-01
2.740189445196211104e-01 2.708192281651997102e-01
2.746955345060893006e-01 2.714962762356127324e-01
2.753721244925574907e-01 2.714962762356127324e-01
2.760487144790257363e-01 2.721733243060257545e-01
2.760487144790257363e-01 2.728503723764387212e-01
2.767253044654939265e-01 2.728503723764387212e-01
2.767253044654939265e-01 2.735274204468517434e-01
2.794316644113666870e-01 2.735274204468517434e-01
2.794316644113666870e-01 2.742044685172647100e-01
2.807848443843031228e-01 2.742044685172647100e-01
2.821380243572395030e-01 2.742044685172647100e-01
2.821380243572395030e-01 2.769126607989167432e-01
2.848443843031123190e-01 2.769126607989167432e-01
2.848443843031123190e-01 2.775897088693297099e-01
2.855209742895805092e-01 2.782667569397427321e-01
2.861975642760486993e-01 2.782667569397427321e-01
2.875507442489851351e-01 2.782667569397427321e-01
2.895805142083897055e-01 2.782667569397427321e-01
2.895805142083897055e-01 2.789438050101556987e-01
2.909336941813261412e-01 2.789438050101556987e-01
2.909336941813261412e-01 2.796208530805687209e-01
2.916102841677943314e-01 2.796208530805687209e-01
2.916102841677943314e-01 2.802979011509817431e-01
2.936400541271989018e-01 2.802979011509817431e-01
2.936400541271989018e-01 2.816519972918077319e-01
2.943166441136670919e-01 2.816519972918077319e-01
2.943166441136670919e-01 2.830060934326337208e-01
2.949932341001353375e-01 2.830060934326337208e-01
2.949932341001353375e-01 2.836831415030467429e-01
2.956698240866035277e-01 2.843601895734597096e-01
2.956698240866035277e-01 2.850372376438727318e-01
2.983761840324763437e-01 2.850372376438727318e-01
2.983761840324763437e-01 2.857142857142856984e-01
2.997293640054127239e-01 2.857142857142856984e-01
2.997293640054127239e-01 2.863913337846987206e-01
2.997293640054127239e-01 2.877454299255247094e-01
2.997293640054127239e-01 2.890995260663506983e-01
3.004059539918809141e-01 2.890995260663506983e-01
3.004059539918809141e-01 2.911306702775897093e-01
3.031123139377537301e-01 2.911306702775897093e-01
3.037889039242219202e-01 2.911306702775897093e-01
3.037889039242219202e-01 2.924847664184156981e-01
3.037889039242219202e-01 2.938388625592416870e-01
3.037889039242219202e-01 2.945159106296547091e-01
3.051420838971583005e-01 2.945159106296547091e-01
3.051420838971583005e-01 2.965470548408937201e-01
3.051420838971583005e-01 2.979011509817197090e-01
3.058186738836265461e-01 2.979011509817197090e-01
3.064952638700947363e-01 2.985781990521326756e-01
3.064952638700947363e-01 2.999322951929587200e-01
3.071718538565629264e-01 2.999322951929587200e-01
3.085250338294993067e-01 2.999322951929587200e-01
3.085250338294993067e-01 3.006093432633716866e-01
3.092016238159674968e-01 3.006093432633716866e-01
3.092016238159674968e-01 3.012863913337847088e-01
3.105548037889039326e-01 3.012863913337847088e-01
3.105548037889039326e-01 3.026404874746106977e-01
3.112313937753721227e-01 3.033175355450237198e-01
3.112313937753721227e-01 3.039945836154366865e-01
3.119079837618403128e-01 3.039945836154366865e-01
3.125845737483085029e-01 3.046716316858497087e-01
3.125845737483085029e-01 3.080568720379147085e-01
3.146143437077131289e-01 3.080568720379147085e-01
3.159675236806495091e-01 3.087339201083276752e-01
3.159675236806495091e-01 3.100880162491536640e-01
3.166441136671176992e-01 3.100880162491536640e-01
3.166441136671176992e-01 3.107650643195666862e-01
3.173207036535859449e-01 3.121191604603926750e-01
3.173207036535859449e-01 3.127962085308056972e-01
3.186738836265223251e-01 3.127962085308056972e-01
3.186738836265223251e-01 3.134732566012186639e-01
3.193504736129905153e-01 3.134732566012186639e-01
3.193504736129905153e-01 3.141503046716316860e-01
3.207036535859269510e-01 3.141503046716316860e-01
3.207036535859269510e-01 3.148273527420447082e-01
3.207036535859269510e-01 3.161814488828706970e-01
3.220568335588633313e-01 3.161814488828706970e-01
3.240866035182679572e-01 3.161814488828706970e-01
3.240866035182679572e-01 3.168584969532836637e-01
3.254397834912043375e-01 3.168584969532836637e-01
3.254397834912043375e-01 3.175355450236966859e-01
3.274695534506089079e-01 3.175355450236966859e-01
3.274695534506089079e-01 3.182125930941097081e-01
3.281461434370771535e-01 3.182125930941097081e-01
3.281461434370771535e-01 3.215978334461746524e-01
3.288227334235453436e-01 3.222748815165876746e-01
3.288227334235453436e-01 3.236289776574136634e-01
3.294993234100135338e-01 3.236289776574136634e-01
3.308525033829499140e-01 3.236289776574136634e-01
3.308525033829499140e-01 3.270142180094786633e-01
3.315290933694181597e-01 3.270142180094786633e-01
3.342354533152909202e-01 3.310765064319566853e-01
3.342354533152909202e-01 3.331076506431956408e-01
3.349120433017591103e-01 3.331076506431956408e-01
3.349120433017591103e-01 3.351387948544346518e-01
3.355886332882273559e-01 3.351387948544346518e-01
3.355886332882273559e-01 3.358158429248476740e-01
3.389715832205683621e-01 3.358158429248476740e-01
3.389715832205683621e-01 3.371699390656736628e-01
3.396481732070365522e-01 3.378469871360866850e-01
3.416779431664411226e-01 3.378469871360866850e-01
3.416779431664411226e-01 3.385240352064996516e-01
3.423545331529093128e-01 3.385240352064996516e-01
3.423545331529093128e-01 3.392010832769126738e-01
3.430311231393775584e-01 3.392010832769126738e-01
3.443843031123139387e-01 3.392010832769126738e-01
3.443843031123139387e-01 3.398781313473256405e-01
3.457374830852503189e-01 3.398781313473256405e-01
3.457374830852503189e-01 3.405551794177386626e-01
3.477672530446549448e-01 3.405551794177386626e-01
3.477672530446549448e-01 3.412322274881516848e-01
3.491204330175913251e-01 3.412322274881516848e-01
3.497970230040595152e-01 3.412322274881516848e-01
3.511502029769959510e-01 3.412322274881516848e-01
3.511502029769959510e-01 3.419092755585646515e-01
3.525033829499323312e-01 3.419092755585646515e-01
3.525033829499323312e-01 3.432633716993906403e-01
3.552097428958051473e-01 3.432633716993906403e-01
3.552097428958051473e-01 3.439404197698036625e-01
3.585926928281461534e-01 3.439404197698036625e-01
3.599458728010825337e-01 3.439404197698036625e-01
3.599458728010825337e-01 3.459715639810426735e-01
3.612990527740189695e-01 3.459715639810426735e-01
3.612990527740189695e-01 3.466486120514556402e-01
3.619756427604871596e-01 3.466486120514556402e-01
3.633288227334235398e-01 3.466486120514556402e-01
3.633288227334235398e-01 3.480027081922816290e-01
3.640054127198917300e-01 3.480027081922816290e-01
3.640054127198917300e-01 3.507109004739336622e-01
3.646820027063599201e-01 3.507109004739336622e-01
3.646820027063599201e-01 3.534190927555856399e-01
3.660351826792963559e-01 3.534190927555856399e-01
3.660351826792963559e-01 3.547731888964116287e-01
3.673883626522327361e-01 3.547731888964116287e-01
3.673883626522327361e-01 3.561272850372376175e-01
3.680649526387009263e-01 3.561272850372376175e-01
3.680649526387009263e-01 3.574813811780636619e-01
3.694181326116373620e-01 3.574813811780636619e-01
3.707713125845737423e-01 3.574813811780636619e-01
3.707713125845737423e-01 3.581584292484766285e-01
3.721244925575101226e-01 3.581584292484766285e-01
3.721244925575101226e-01 3.588354773188896507e-01
3.741542625169147485e-01 3.588354773188896507e-01
3.741542625169147485e-01 3.601895734597156395e-01
3.755074424898511287e-01 3.601895734597156395e-01
3.755074424898511287e-01 3.608666215301286617e-01
3.761840324763193744e-01 3.608666215301286617e-01
3.761840324763193744e-01 3.622207176709546506e-01
3.768606224627875645e-01 3.622207176709546506e-01
3.782138024357239448e-01 3.622207176709546506e-01
3.782138024357239448e-01 3.628977657413676172e-01
3.788903924221921349e-01 3.628977657413676172e-01
3.788903924221921349e-01 3.642518618821936616e-01
3.795669824086603250e-01 3.642518618821936616e-01
3.795669824086603250e-01 3.649289099526066282e-01
3.809201623815967608e-01 3.649289099526066282e-01
3.809201623815967608e-01 3.676371022342586059e-01
3.815967523680649509e-01 3.676371022342586059e-01
3.815967523680649509e-01 3.683141503046716281e-01
3.829499323410013312e-01 3.683141503046716281e-01
3.836265223274695768e-01 3.683141503046716281e-01
3.836265223274695768e-01 3.689911983750846503e-01
3.849797023004059571e-01 3.689911983750846503e-01
3.863328822733423373e-01 3.689911983750846503e-01
3.863328822733423373e-01 3.696682464454976169e-01
3.870094722598105275e-01 3.696682464454976169e-01
3.870094722598105275e-01 3.703452945159106391e-01
3.876860622462787731e-01 3.703452945159106391e-01
3.876860622462787731e-01 3.710223425863236058e-01
3.883626522327469632e-01 3.710223425863236058e-01
3.883626522327469632e-01 3.716993906567366279e-01
3.903924221921515336e-01 3.716993906567366279e-01
3.903924221921515336e-01 3.723764387271496501e-01
3.903924221921515336e-01 3.737305348679756389e-01
3.903924221921515336e-01 3.750846310088016278e-01
3.910690121786197793e-01 3.757616790792146499e-01
3.937753721244925398e-01 3.757616790792146499e-01
3.937753721244925398e-01 3.784698713608666276e-01
3.958051420838971657e-01 3.784698713608666276e-01
3.958051420838971657e-01 3.805010155721056386e-01
3.964817320703653558e-01 3.805010155721056386e-01
3.964817320703653558e-01 3.818551117129316275e-01
3.971583220568335459e-01 3.818551117129316275e-01
3.971583220568335459e-01 3.859174001354095940e-01
3.978349120433017361e-01 3.859174001354095940e-01
3.978349120433017361e-01 3.872714962762356383e-01
3.985115020297699817e-01 3.872714962762356383e-01
3.998646820027063620e-01 3.872714962762356383e-01
4.005412719891745521e-01 3.872714962762356383e-01
4.025710419485791780e-01 3.872714962762356383e-01
4.032476319350473681e-01 3.872714962762356383e-01
4.032476319350473681e-01 3.879485443466486050e-01
4.039242219215155583e-01 3.886255924170616272e-01
4.059539918809201842e-01 3.886255924170616272e-01
4.059539918809201842e-01 3.899796885578876160e-01
4.066305818673883743e-01 3.899796885578876160e-01
4.066305818673883743e-01 3.913337846987136048e-01
4.073071718538565644e-01 3.913337846987136048e-01
4.073071718538565644e-01 3.926878808395395937e-01
4.086603518267929447e-01 3.926878808395395937e-01
4.086603518267929447e-01 3.933649289099526158e-01
4.093369418132611903e-01 3.933649289099526158e-01
4.093369418132611903e-01 3.940419769803655825e-01
4.100135317997293805e-01 3.940419769803655825e-01
4.113667117726657607e-01 3.947190250507786047e-01
4.113667117726657607e-01 3.953960731211916269e-01
4.120433017591339508e-01 3.953960731211916269e-01
4.120433017591339508e-01 3.967501692620176157e-01
4.133964817320703866e-01 3.967501692620176157e-01
4.133964817320703866e-01 3.981042654028436045e-01
4.154262516914749570e-01 3.981042654028436045e-01
4.154262516914749570e-01 3.994583615436695934e-01
4.161028416779431471e-01 3.994583615436695934e-01
4.161028416779431471e-01 4.001354096140826155e-01
4.174560216508795829e-01 4.001354096140826155e-01
4.174560216508795829e-01 4.008124576844955822e-01
4.188092016238159632e-01 4.008124576844955822e-01
4.194857916102841533e-01 4.014895057549086044e-01
4.201623815967523434e-01 4.014895057549086044e-01
4.201623815967523434e-01 4.035206499661476154e-01
4.215155615696887792e-01 4.035206499661476154e-01
4.228687415426251595e-01 4.035206499661476154e-01
4.228687415426251595e-01 4.048747461069736042e-01
4.235453315290933496e-01 4.048747461069736042e-01
4.235453315290933496e-01 4.062288422477995931e-01
4.242219215155615952e-01 4.062288422477995931e-01
4.242219215155615952e-01 4.069058903182126152e-01
4.248985115020297854e-01 4.069058903182126152e-01
4.255751014884979755e-01 4.075829383886255819e-01
4.303112313937753619e-01 4.075829383886255819e-01
4.303112313937753619e-01 4.089370345294515707e-01
4.309878213802435520e-01 4.089370345294515707e-01
4.309878213802435520e-01 4.102911306702776151e-01
4.323410013531799878e-01 4.102911306702776151e-01
4.336941813261163681e-01 4.102911306702776151e-01
4.336941813261163681e-01 4.129993229519295928e-01
4.350473612990527483e-01 4.129993229519295928e-01
4.370771312584573742e-01 4.129993229519295928e-01
4.377537212449255644e-01 4.129993229519295928e-01
4.377537212449255644e-01 4.136763710223425594e-01
4.391069012178620001e-01 4.136763710223425594e-01
4.391069012178620001e-01 4.143534190927555816e-01
4.397834912043301903e-01 4.143534190927555816e-01
4.397834912043301903e-01 4.170616113744075593e-01
4.404600811907983804e-01 4.170616113744075593e-01
4.404600811907983804e-01 4.184157075152336036e-01
4.411366711772665705e-01 4.184157075152336036e-01
4.411366711772665705e-01 4.190927555856465703e-01
4.424898511502029508e-01 4.197698036560595924e-01
4.424898511502029508e-01 4.204468517264725591e-01
4.438430311231393866e-01 4.204468517264725591e-01
4.438430311231393866e-01 4.231550440081245923e-01
4.445196211096075767e-01 4.231550440081245923e-01
4.445196211096075767e-01 4.238320920785375590e-01
4.465493910690122026e-01 4.238320920785375590e-01
4.465493910690122026e-01 4.251861882193635478e-01
4.472259810554803927e-01 4.251861882193635478e-01
4.472259810554803927e-01 4.278943805010155810e-01
4.479025710419485828e-01 4.278943805010155810e-01
4.479025710419485828e-01 4.292484766418415698e-01
4.506089309878213989e-01 4.292484766418415698e-01
4.506089309878213989e-01 4.299255247122545920e-01
4.512855209742895890e-01 4.299255247122545920e-01
4.512855209742895890e-01 4.306025727826675586e-01
4.526387009472259693e-01 4.306025727826675586e-01
4.526387009472259693e-01 4.312796208530805808e-01
4.539918809201624050e-01 4.312796208530805808e-01
4.539918809201624050e-01 4.346648612051455807e-01
4.546684709066305952e-01 4.346648612051455807e-01
4.546684709066305952e-01 4.366960054163845362e-01
4.553450608930987853e-01 4.366960054163845362e-01
4.553450608930987853e-01 4.380501015572105805e-01
4.560216508795669754e-01 4.380501015572105805e-01
4.560216508795669754e-01 4.400812457684495360e-01
4.566982408660351656e-01 4.400812457684495360e-01
4.566982408660351656e-01 4.414353419092755804e-01
4.573748308525033557e-01 4.414353419092755804e-01
4.573748308525033557e-01 4.421123899796885470e-01
4.580514208389716013e-01 4.427894380501015692e-01
4.607577807848443618e-01 4.427894380501015692e-01
4.621109607577807976e-01 4.427894380501015692e-01
4.621109607577807976e-01 4.434664861205145359e-01
4.627875507442489877e-01 4.434664861205145359e-01
4.641407307171853680e-01 4.434664861205145359e-01
4.648173207036536136e-01 4.434664861205145359e-01
4.648173207036536136e-01 4.454976303317535469e-01
4.654939106901218038e-01 4.454976303317535469e-01
4.654939106901218038e-01 4.468517264725795357e-01
4.661705006765899939e-01 4.468517264725795357e-01
4.675236806495263742e-01 4.468517264725795357e-01
4.675236806495263742e-01 4.475287745429925579e-01
4.688768606224628099e-01 4.475287745429925579e-01
4.688768606224628099e-01 4.482058226134055245e-01
4.695534506089310001e-01 4.482058226134055245e-01
4.695534506089310001e-01 4.509140148950575577e-01
4.702300405953991902e-01 4.509140148950575577e-01
4.702300405953991902e-01 4.522681110358835466e-01
4.709066305818673803e-01 4.522681110358835466e-01
4.709066305818673803e-01 4.529451591062965687e-01
4.715832205683355705e-01 4.529451591062965687e-01
4.715832205683355705e-01 4.536222071767095354e-01
4.742895805142083865e-01 4.536222071767095354e-01
4.742895805142083865e-01 4.556533513879485464e-01
4.749661705006765766e-01 4.556533513879485464e-01
4.749661705006765766e-01 4.576844955991875574e-01
4.769959404600812025e-01 4.576844955991875574e-01
4.769959404600812025e-01 4.583615436696005241e-01
4.783491204330175828e-01 4.583615436696005241e-01
4.783491204330175828e-01 4.590385917400135463e-01
4.797023004059540185e-01 4.590385917400135463e-01
4.797023004059540185e-01 4.617467840216655239e-01
4.810554803788903988e-01 4.617467840216655239e-01
4.810554803788903988e-01 4.624238320920785461e-01
4.830852503382949692e-01 4.624238320920785461e-01
4.837618403247632148e-01 4.631008801624915128e-01
4.837618403247632148e-01 4.637779282329045349e-01
4.844384303112314050e-01 4.637779282329045349e-01
4.844384303112314050e-01 4.651320243737305238e-01
4.851150202976995951e-01 4.651320243737305238e-01
4.871447902571042210e-01 4.651320243737305238e-01
4.871447902571042210e-01 4.664861205145565126e-01
4.884979702300406013e-01 4.664861205145565126e-01
4.884979702300406013e-01 4.671631685849695348e-01
4.891745602165087914e-01 4.671631685849695348e-01
4.891745602165087914e-01 4.685172647257955236e-01
4.905277401894451716e-01 4.691943127962085458e-01
4.912043301759134173e-01 4.691943127962085458e-01
4.912043301759134173e-01 4.698713608666215125e-01
4.932341001353179877e-01 4.698713608666215125e-01
4.932341001353179877e-01 4.746106973595125011e-01
4.939106901217861778e-01 4.746106973595125011e-01
4.939106901217861778e-01 4.773188896411645343e-01
4.966170500676589938e-01 4.773188896411645343e-01
4.966170500676589938e-01 4.786729857819905232e-01
4.972936400541271840e-01 4.786729857819905232e-01
4.972936400541271840e-01 4.793500338524035453e-01
4.979702300405953741e-01 4.793500338524035453e-01
4.979702300405953741e-01 4.800270819228165120e-01
4.986468200270636197e-01 4.800270819228165120e-01
4.986468200270636197e-01 4.807041299932295342e-01
4.993234100135318099e-01 4.807041299932295342e-01
4.993234100135318099e-01 4.813811780636425008e-01
5.000000000000000000e-01 4.813811780636425008e-01
5.000000000000000000e-01 4.820582261340555230e-01
5.013531799729363803e-01 4.820582261340555230e-01
5.013531799729363803e-01 4.827352742044684897e-01
5.027063599458727605e-01 4.827352742044684897e-01
5.027063599458727605e-01 4.834123222748815119e-01
5.033829499323410062e-01 4.834123222748815119e-01
5.033829499323410062e-01 4.847664184157075007e-01
5.074424898511502580e-01 4.847664184157075007e-01
5.081190798376183926e-01 4.847664184157075007e-01
5.081190798376183926e-01 4.854434664861205229e-01
5.101488497970230185e-01 4.854434664861205229e-01
5.101488497970230185e-01 4.895057549085984894e-01
5.115020297699593987e-01 4.895057549085984894e-01
5.142083897158321593e-01 4.895057549085984894e-01
5.142083897158321593e-01 4.922139471902505226e-01
5.155615696887686505e-01 4.922139471902505226e-01
5.175913396481731654e-01 4.922139471902505226e-01
5.202976995940460370e-01 4.922139471902505226e-01
5.202976995940460370e-01 4.928909952606634892e-01
5.216508795669824172e-01 4.928909952606634892e-01
5.223274695534506629e-01 4.928909952606634892e-01
5.223274695534506629e-01 4.949221394719025002e-01
5.236806495263870431e-01 4.949221394719025002e-01
5.236806495263870431e-01 4.969532836831415112e-01
5.250338294993234234e-01 4.969532836831415112e-01
5.257104194857915580e-01 4.969532836831415112e-01
5.257104194857915580e-01 4.983073798239675001e-01
5.263870094722598036e-01 4.983073798239675001e-01
5.263870094722598036e-01 4.989844278943805223e-01
5.277401894451961839e-01 4.989844278943805223e-01
5.284167794316644295e-01 4.989844278943805223e-01
5.284167794316644295e-01 5.010155721056195333e-01
5.290933694181325642e-01 5.010155721056195333e-01
5.304465493910690554e-01 5.010155721056195333e-01
5.304465493910690554e-01 5.016926201760324444e-01
5.317997293640054357e-01 5.016926201760324444e-01
5.331529093369418160e-01 5.016926201760324444e-01
5.331529093369418160e-01 5.023696682464454666e-01
5.338294993234100616e-01 5.023696682464454666e-01
5.338294993234100616e-01 5.037237643872715109e-01
5.345060893098781962e-01 5.037237643872715109e-01
5.345060893098781962e-01 5.044008124576845331e-01
5.358592692828145765e-01 5.044008124576845331e-01
5.358592692828145765e-01 5.057549085985104664e-01
5.372124492557510678e-01 5.057549085985104664e-01
5.372124492557510678e-01 5.071090047393365108e-01
5.385656292286874480e-01 5.071090047393365108e-01
5.385656292286874480e-01 5.111712931618145328e-01
5.392422192151555826e-01 5.111712931618145328e-01
5.392422192151555826e-01 5.125253893026404661e-01
5.399188092016238283e-01 5.125253893026404661e-01
5.399188092016238283e-01 5.138794854434665105e-01
5.405953991880919629e-01 5.138794854434665105e-01
5.405953991880919629e-01 5.152335815842924438e-01
5.405953991880919629e-01 5.165876777251184881e-01
5.412719891745602085e-01 5.165876777251184881e-01
5.412719891745602085e-01 5.179417738659445325e-01
5.426251691474965888e-01 5.179417738659445325e-01
5.426251691474965888e-01 5.192958700067704658e-01
5.426251691474965888e-01 5.206499661475965102e-01
5.439783491204329691e-01 5.206499661475965102e-01
5.446549391069012147e-01 5.206499661475965102e-01
5.446549391069012147e-01 5.226811103588354657e-01
5.460081190798375950e-01 5.226811103588354657e-01
5.460081190798375950e-01 5.267433987813134877e-01
5.466847090663058406e-01 5.267433987813134877e-01
5.466847090663058406e-01 5.294515910629654654e-01
5.493910690121786011e-01 5.294515910629654654e-01
5.493910690121786011e-01 5.328368314150304652e-01
5.534506089309878529e-01 5.328368314150304652e-01
5.534506089309878529e-01 5.341909275558565096e-01
5.548037889039242332e-01 5.341909275558565096e-01
5.554803788903923678e-01 5.341909275558565096e-01
5.554803788903923678e-01 5.348679756262694207e-01
5.568335588633288591e-01 5.348679756262694207e-01
5.581867388362652393e-01 5.348679756262694207e-01
5.581867388362652393e-01 5.355450236966824429e-01
5.588633288227333740e-01 5.355450236966824429e-01
5.588633288227333740e-01 5.396073121191604649e-01
5.595399188092016196e-01 5.396073121191604649e-01
5.608930987821379999e-01 5.396073121191604649e-01
5.615696887686062455e-01 5.396073121191604649e-01
5.615696887686062455e-01 5.409614082599865093e-01
5.635994587280108714e-01 5.409614082599865093e-01
5.642760487144790060e-01 5.409614082599865093e-01
5.642760487144790060e-01 5.429925524712254647e-01
5.649526387009472517e-01 5.429925524712254647e-01
5.649526387009472517e-01 5.436696005416384869e-01
5.676589986468200122e-01 5.436696005416384869e-01
5.690121786197563925e-01 5.436696005416384869e-01
5.690121786197563925e-01 5.463777928232904646e-01
5.703653585926927727e-01 5.463777928232904646e-01
5.710419485791610184e-01 5.463777928232904646e-01
5.710419485791610184e-01 5.490859851049424423e-01
5.717185385656292640e-01 5.490859851049424423e-01
5.717185385656292640e-01 5.497630331753554644e-01
5.723951285520973986e-01 5.497630331753554644e-01
5.723951285520973986e-01 5.511171293161813978e-01
5.730717185385656443e-01 5.511171293161813978e-01
5.744248985115020245e-01 5.511171293161813978e-01
5.764546684709066504e-01 5.511171293161813978e-01
5.778078484438430307e-01 5.511171293161813978e-01
5.778078484438430307e-01 5.517941773865944199e-01
5.798376184032476566e-01 5.517941773865944199e-01
5.818673883626522825e-01 5.517941773865944199e-01
5.818673883626522825e-01 5.524712254570074421e-01
5.825439783491204171e-01 5.524712254570074421e-01
5.825439783491204171e-01 5.531482735274204643e-01
5.845737483085250430e-01 5.531482735274204643e-01
5.845737483085250430e-01 5.545023696682463976e-01
5.852503382949932886e-01 5.545023696682463976e-01
5.852503382949932886e-01 5.585646580907244196e-01
5.866035182679296689e-01 5.585646580907244196e-01
5.866035182679296689e-01 5.592417061611374418e-01
5.872801082543978035e-01 5.592417061611374418e-01
5.872801082543978035e-01 5.605958023019634862e-01
5.886332882273341838e-01 5.605958023019634862e-01
5.886332882273341838e-01 5.612728503723763973e-01
5.899864682002706751e-01 5.612728503723763973e-01
5.899864682002706751e-01 5.619498984427894195e-01
5.913396481732070553e-01 5.619498984427894195e-01
5.913396481732070553e-01 5.646580907244413972e-01
5.920162381596751899e-01 5.646580907244413972e-01
5.920162381596751899e-01 5.653351387948544193e-01
5.933694181326116812e-01 5.653351387948544193e-01
5.933694181326116812e-01 5.660121868652674415e-01
5.947225981055480615e-01 5.660121868652674415e-01
5.947225981055480615e-01 5.680433310765063970e-01
5.953991880920161961e-01 5.680433310765063970e-01
5.953991880920161961e-01 5.687203791469194192e-01
5.960757780784844417e-01 5.687203791469194192e-01
5.960757780784844417e-01 5.693974272173324414e-01
5.967523680649526874e-01 5.693974272173324414e-01
5.967523680649526874e-01 5.707515233581583747e-01
5.974289580514208220e-01 5.707515233581583747e-01
5.974289580514208220e-01 5.748138117806363967e-01
5.987821380243572023e-01 5.748138117806363967e-01
5.987821380243572023e-01 5.781990521327013965e-01
5.994587280108254479e-01 5.781990521327013965e-01
6.008119079837618282e-01 5.781990521327013965e-01
6.008119079837618282e-01 5.788761002031144187e-01
6.014884979702300738e-01 5.788761002031144187e-01
6.014884979702300738e-01 5.795531482735274409e-01
6.028416779431664541e-01 5.795531482735274409e-01
6.035182679296345887e-01 5.795531482735274409e-01
6.035182679296345887e-01 5.802301963439404631e-01
6.048714479025710800e-01 5.802301963439404631e-01
6.048714479025710800e-01 5.829383886255924407e-01
6.062246278755074602e-01 5.829383886255924407e-01
6.062246278755074602e-01 5.856465809072444184e-01
6.075778078484438405e-01 5.856465809072444184e-01
6.089309878213802207e-01 5.856465809072444184e-01
6.123139377537212269e-01 5.856465809072444184e-01
6.123139377537212269e-01 5.870006770480704628e-01
6.136671177266576072e-01 5.870006770480704628e-01
6.136671177266576072e-01 5.883547731888963961e-01
6.143437077131258528e-01 5.883547731888963961e-01
6.143437077131258528e-01 5.897088693297224404e-01
6.163734776725304787e-01 5.897088693297224404e-01
6.177266576454668590e-01 5.897088693297224404e-01
6.177266576454668590e-01 5.917400135409613959e-01
6.184032476319349936e-01 5.917400135409613959e-01
6.184032476319349936e-01 5.930941096817874403e-01
6.190798376184032392e-01 5.930941096817874403e-01
6.190798376184032392e-01 5.937711577522003514e-01
6.204330175913396195e-01 5.937711577522003514e-01
6.204330175913396195e-01 5.944482058226133736e-01
6.224627875507442454e-01 5.944482058226133736e-01
6.224627875507442454e-01 5.951252538930263958e-01
6.231393775372124910e-01 5.951252538930263958e-01
6.231393775372124910e-01 5.964793500338524401e-01
6.238159675236806256e-01 5.964793500338524401e-01
6.258457374830852515e-01 5.964793500338524401e-01
6.265223274695534972e-01 5.964793500338524401e-01
6.265223274695534972e-01 5.978334461746783735e-01
6.278755074424898774e-01 5.978334461746783735e-01
6.278755074424898774e-01 5.985104942450913956e-01
6.285520974289580121e-01 5.985104942450913956e-01
6.285520974289580121e-01 6.012186865267433733e-01
6.299052774018945033e-01 6.012186865267433733e-01
6.299052774018945033e-01 6.018957345971563955e-01
6.312584573748308836e-01 6.018957345971563955e-01
6.319350473612990182e-01 6.018957345971563955e-01
6.319350473612990182e-01 6.025727826675694176e-01
6.326116373477672639e-01 6.025727826675694176e-01
6.326116373477672639e-01 6.032498307379824398e-01
6.339648173207036441e-01 6.032498307379824398e-01
6.346414073071718898e-01 6.032498307379824398e-01
6.346414073071718898e-01 6.052809749492213953e-01
6.353179972936400244e-01 6.052809749492213953e-01
6.353179972936400244e-01 6.059580230196344175e-01
6.359945872801082700e-01 6.059580230196344175e-01
6.359945872801082700e-01 6.073121191604603508e-01
6.366711772665764046e-01 6.073121191604603508e-01
6.366711772665764046e-01 6.079891672308733730e-01
6.380243572395128959e-01 6.079891672308733730e-01
6.387009472259810305e-01 6.079891672308733730e-01
6.387009472259810305e-01 6.086662153012863952e-01
6.400541271989174108e-01 6.086662153012863952e-01
6.400541271989174108e-01 6.106973595125253507e-01
6.407307171853856564e-01 6.106973595125253507e-01
6.407307171853856564e-01 6.120514556533513950e-01
6.420838971583220367e-01 6.120514556533513950e-01
6.420838971583220367e-01 6.127285037237644172e-01
6.427604871447902823e-01 6.127285037237644172e-01
6.441136671177266626e-01 6.127285037237644172e-01
6.447902571041949082e-01 6.127285037237644172e-01
6.447902571041949082e-01 6.161137440758294170e-01
6.468200270635994231e-01 6.161137440758294170e-01
6.468200270635994231e-01 6.174678402166553504e-01
6.474966170500676688e-01 6.174678402166553504e-01
6.474966170500676688e-01 6.181448882870683725e-01
6.481732070365359144e-01 6.181448882870683725e-01
6.481732070365359144e-01 6.194989844278944169e-01
6.495263870094722947e-01 6.194989844278944169e-01
6.495263870094722947e-01 6.222071767095463946e-01
6.508795669824086749e-01 6.222071767095463946e-01
6.508795669824086749e-01 6.235612728503723279e-01
6.522327469553450552e-01 6.235612728503723279e-01
6.522327469553450552e-01 6.255924170616113944e-01
6.529093369418133008e-01 6.255924170616113944e-01
6.529093369418133008e-01 6.262694651320244166e-01
6.535859269282814354e-01 6.262694651320244166e-01
6.535859269282814354e-01 6.296547054840894164e-01
6.542625169147496811e-01 6.296547054840894164e-01
6.542625169147496811e-01 6.310088016249153497e-01
6.549391069012178157e-01 6.310088016249153497e-01
6.549391069012178157e-01 6.316858496953283719e-01
6.562922868741543070e-01 6.316858496953283719e-01
6.562922868741543070e-01 6.323628977657413941e-01
6.569688768606224416e-01 6.323628977657413941e-01
6.569688768606224416e-01 6.330399458361544163e-01
6.583220568335588219e-01 6.330399458361544163e-01
6.589986468200270675e-01 6.330399458361544163e-01
6.589986468200270675e-01 6.371022342586323273e-01
6.596752368064953131e-01 6.371022342586323273e-01
6.596752368064953131e-01 6.377792823290453494e-01
6.603518267929634478e-01 6.377792823290453494e-01
6.603518267929634478e-01 6.411645226811103493e-01
6.623815967523680737e-01 6.411645226811103493e-01
6.623815967523680737e-01 6.425186188219363936e-01
6.630581867388363193e-01 6.425186188219363936e-01
6.644113667117726996e-01 6.425186188219363936e-01
6.650879566982408342e-01 6.425186188219363936e-01
6.650879566982408342e-01 6.445497630331753491e-01
6.657645466847090798e-01 6.445497630331753491e-01
6.657645466847090798e-01 6.465809072444143046e-01
6.684709066305818403e-01 6.465809072444143046e-01
6.684709066305818403e-01 6.472579553148273268e-01
6.691474966170500860e-01 6.472579553148273268e-01
6.691474966170500860e-01 6.479350033852403490e-01
6.711772665764547119e-01 6.479350033852403490e-01
6.711772665764547119e-01 6.486120514556533712e-01
6.725304465493910921e-01 6.486120514556533712e-01
6.732070365358592268e-01 6.486120514556533712e-01
6.732070365358592268e-01 6.499661475964793045e-01
6.745602165087957180e-01 6.499661475964793045e-01
6.745602165087957180e-01 6.513202437373053488e-01
6.759133964817320983e-01 6.513202437373053488e-01
6.759133964817320983e-01 6.526743398781313932e-01
6.765899864682002329e-01 6.526743398781313932e-01
6.765899864682002329e-01 6.553825321597833709e-01
6.772665764546684786e-01 6.553825321597833709e-01
6.772665764546684786e-01 6.567366283006093042e-01
6.779431664411367242e-01 6.567366283006093042e-01
6.779431664411367242e-01 6.580907244414353485e-01
6.779431664411367242e-01 6.594448205822613929e-01
6.786197564276048588e-01 6.594448205822613929e-01
6.786197564276048588e-01 6.601218686526743040e-01
6.792963464140731045e-01 6.601218686526743040e-01
6.792963464140731045e-01 6.621530128639133705e-01
6.799729364005412391e-01 6.621530128639133705e-01
6.799729364005412391e-01 6.641841570751523260e-01
6.826792963464141106e-01 6.641841570751523260e-01
6.826792963464141106e-01 6.648612051455653482e-01
6.833558863328822452e-01 6.648612051455653482e-01
6.847090663058186255e-01 6.648612051455653482e-01
6.853856562922868711e-01 6.648612051455653482e-01
6.867388362652232514e-01 6.648612051455653482e-01
6.874154262516914971e-01 6.648612051455653482e-01
6.874154262516914971e-01 6.655382532159783704e-01
6.880920162381596317e-01 6.655382532159783704e-01
6.880920162381596317e-01 6.668923493568043037e-01
6.887686062246278773e-01 6.668923493568043037e-01
6.887686062246278773e-01 6.675693974272173259e-01
6.894451962110961230e-01 6.675693974272173259e-01
6.894451962110961230e-01 6.682464454976303481e-01
6.901217861975642576e-01 6.682464454976303481e-01
6.901217861975642576e-01 6.702775897088693036e-01
6.907983761840325032e-01 6.702775897088693036e-01
6.907983761840325032e-01 6.716316858496953479e-01
6.921515561569688835e-01 6.716316858496953479e-01
6.921515561569688835e-01 6.723087339201083701e-01
6.935047361299052637e-01 6.723087339201083701e-01
6.935047361299052637e-01 6.756939742721733699e-01
6.948579161028416440e-01 6.756939742721733699e-01
6.948579161028416440e-01 6.770480704129993033e-01
6.955345060893098896e-01 6.770480704129993033e-01
6.955345060893098896e-01 6.777251184834123254e-01
6.968876860622462699e-01 6.777251184834123254e-01
6.968876860622462699e-01 6.811103588354773253e-01
6.982408660351826502e-01 6.811103588354773253e-01
6.982408660351826502e-01 6.838185511171293030e-01
7.002706359945872761e-01 6.838185511171293030e-01
7.002706359945872761e-01 6.865267433987812806e-01
7.009472259810555217e-01 6.865267433987812806e-01
7.009472259810555217e-01 6.878808395396073250e-01
7.016238159675236563e-01 6.878808395396073250e-01
7.016238159675236563e-01 6.885578876100203471e-01
7.029769959404600366e-01 6.885578876100203471e-01
7.029769959404600366e-01 6.899119837508462805e-01
7.043301759133965279e-01 6.899119837508462805e-01
7.056833558863329081e-01 6.899119837508462805e-01
7.063599458728010427e-01 6.899119837508462805e-01
7.077131258457375340e-01 6.899119837508462805e-01
7.083897158322056686e-01 6.899119837508462805e-01
7.104194857916102945e-01 6.899119837508462805e-01
7.110960757780784292e-01 6.899119837508462805e-01
7.110960757780784292e-01 6.905890318212593026e-01
7.131258457374830551e-01 6.905890318212593026e-01
7.131258457374830551e-01 6.919431279620853470e-01
7.151556156968876810e-01 6.919431279620853470e-01
7.151556156968876810e-01 6.932972241029112803e-01
7.158322056833559266e-01 6.932972241029112803e-01
7.158322056833559266e-01 6.939742721733243025e-01
7.165087956698240612e-01 6.939742721733243025e-01
7.165087956698240612e-01 6.946513202437373247e-01
7.178619756427604415e-01 6.946513202437373247e-01
7.178619756427604415e-01 6.953283683141503468e-01
7.185385656292286871e-01 6.953283683141503468e-01
7.185385656292286871e-01 6.960054163845632580e-01
7.205683355886333130e-01 6.960054163845632580e-01
7.205683355886333130e-01 6.973595125253893023e-01
7.232746955345060735e-01 6.973595125253893023e-01
7.232746955345060735e-01 6.980365605958023245e-01
7.239512855209743192e-01 6.980365605958023245e-01
7.253044654939106994e-01 6.980365605958023245e-01
7.253044654939106994e-01 7.007447528774543022e-01
7.259810554803789451e-01 7.007447528774543022e-01
7.259810554803789451e-01 7.041299932295193020e-01
7.266576454668470797e-01 7.041299932295193020e-01
7.266576454668470797e-01 7.075152335815843019e-01
7.280108254397834600e-01 7.075152335815843019e-01
7.280108254397834600e-01 7.102234258632362796e-01
7.286874154262517056e-01 7.102234258632362796e-01
7.286874154262517056e-01 7.169939065673662792e-01
7.293640054127198402e-01 7.169939065673662792e-01
7.293640054127198402e-01 7.190250507786052347e-01
7.307171853856563315e-01 7.190250507786052347e-01
7.307171853856563315e-01 7.197020988490182569e-01
7.327469553450608464e-01 7.197020988490182569e-01
7.327469553450608464e-01 7.217332430602573234e-01
7.334235453315290920e-01 7.217332430602573234e-01
7.334235453315290920e-01 7.224102911306702346e-01
7.341001353179973377e-01 7.224102911306702346e-01
7.341001353179973377e-01 7.230873392010832568e-01
7.354533152909337179e-01 7.230873392010832568e-01
7.368064952638700982e-01 7.230873392010832568e-01
7.368064952638700982e-01 7.237643872714962789e-01
7.374830852503383438e-01 7.237643872714962789e-01
7.374830852503383438e-01 7.251184834123223233e-01
7.388362652232747241e-01 7.251184834123223233e-01
7.388362652232747241e-01 7.257955314827352344e-01
7.395128552097428587e-01 7.257955314827352344e-01
7.395128552097428587e-01 7.278266756939743010e-01
7.415426251691474846e-01 7.278266756939743010e-01
7.422192151556157302e-01 7.278266756939743010e-01
7.422192151556157302e-01 7.285037237643873231e-01
7.442489851150202451e-01 7.285037237643873231e-01
7.442489851150202451e-01 7.291807718348002343e-01
7.462787550744248710e-01 7.291807718348002343e-01
7.476319350473612513e-01 7.291807718348002343e-01
7.483085250338294969e-01 7.291807718348002343e-01
7.483085250338294969e-01 7.305348679756262786e-01
7.496617050067658772e-01 7.305348679756262786e-01
7.496617050067658772e-01 7.312119160460393008e-01
7.503382949932341228e-01 7.312119160460393008e-01
7.503382949932341228e-01 7.318889641164523230e-01
7.510148849797022574e-01 7.318889641164523230e-01
7.510148849797022574e-01 7.325660121868652341e-01
7.523680649526387487e-01 7.325660121868652341e-01
7.523680649526387487e-01 7.339201083276912785e-01
7.537212449255751290e-01 7.339201083276912785e-01
7.537212449255751290e-01 7.366283006093432562e-01
7.550744248985115092e-01 7.366283006093432562e-01
7.557510148849797549e-01 7.366283006093432562e-01
7.557510148849797549e-01 7.373053486797562783e-01
7.564276048714478895e-01 7.373053486797562783e-01
7.564276048714478895e-01 7.379823967501693005e-01
7.571041948579161351e-01 7.379823967501693005e-01
7.571041948579161351e-01 7.406905890318212782e-01
7.577807848443842698e-01 7.406905890318212782e-01
7.577807848443842698e-01 7.427217332430602337e-01
7.591339648173206500e-01 7.427217332430602337e-01
7.591339648173206500e-01 7.433987813134732558e-01
7.598105548037888957e-01 7.433987813134732558e-01
7.598105548037888957e-01 7.447528774542993002e-01
7.611637347767252759e-01 7.447528774542993002e-01
7.638700947225981475e-01 7.447528774542993002e-01
7.638700947225981475e-01 7.461069735951252335e-01
7.652232746955345277e-01 7.461069735951252335e-01
7.652232746955345277e-01 7.494922139471902334e-01
7.672530446549391536e-01 7.494922139471902334e-01
7.672530446549391536e-01 7.522004062288422110e-01
7.699594046008119141e-01 7.522004062288422110e-01
7.699594046008119141e-01 7.535545023696682554e-01
7.713125845737482944e-01 7.535545023696682554e-01
7.713125845737482944e-01 7.542315504400812776e-01
7.719891745602165400e-01 7.542315504400812776e-01
7.733423545331529203e-01 7.542315504400812776e-01
7.740189445196210549e-01 7.542315504400812776e-01
7.753721244925575462e-01 7.542315504400812776e-01
7.753721244925575462e-01 7.562626946513202331e-01
7.760487144790256808e-01 7.562626946513202331e-01
7.760487144790256808e-01 7.569397427217332552e-01
7.780784844384303067e-01 7.569397427217332552e-01
7.794316644113666870e-01 7.569397427217332552e-01
7.801082543978349326e-01 7.569397427217332552e-01
7.801082543978349326e-01 7.576167907921462774e-01
7.807848443843030672e-01 7.576167907921462774e-01
7.807848443843030672e-01 7.582938388625591886e-01
7.814614343707713129e-01 7.582938388625591886e-01
7.828146143437076931e-01 7.582938388625591886e-01
7.841677943166440734e-01 7.582938388625591886e-01
7.841677943166440734e-01 7.589708869329722107e-01
7.848443843031123190e-01 7.589708869329722107e-01
7.848443843031123190e-01 7.596479350033852329e-01
7.855209742895805647e-01 7.596479350033852329e-01
7.855209742895805647e-01 7.610020311442112773e-01
7.861975642760486993e-01 7.610020311442112773e-01
7.861975642760486993e-01 7.623561272850372106e-01
7.868741542625169449e-01 7.623561272850372106e-01
7.882273342354533252e-01 7.623561272850372106e-01
7.889039242219215708e-01 7.623561272850372106e-01
7.889039242219215708e-01 7.637102234258632549e-01
7.895805142083897055e-01 7.637102234258632549e-01
7.895805142083897055e-01 7.657413676371022104e-01
7.902571041948579511e-01 7.657413676371022104e-01
7.902571041948579511e-01 7.677725118483412770e-01
7.909336941813260857e-01 7.677725118483412770e-01
7.909336941813260857e-01 7.684495599187541881e-01
7.916102841677943314e-01 7.684495599187541881e-01
7.916102841677943314e-01 7.698036560595802325e-01
7.922868741542624660e-01 7.704807041299932546e-01
7.943166441136670919e-01 7.704807041299932546e-01
7.943166441136670919e-01 7.711577522004062768e-01
7.949932341001353375e-01 7.711577522004062768e-01
7.949932341001353375e-01 7.718348002708191880e-01
7.963464140730717178e-01 7.718348002708191880e-01
7.976995940460080980e-01 7.718348002708191880e-01
7.976995940460080980e-01 7.725118483412322101e-01
7.983761840324763437e-01 7.731888964116452323e-01
7.983761840324763437e-01 7.752200406228841878e-01
7.997293640054127239e-01 7.752200406228841878e-01
7.997293640054127239e-01 7.758970886932972100e-01
8.017591339648173498e-01 7.758970886932972100e-01
8.017591339648173498e-01 7.765741367637102321e-01
8.031123139377537301e-01 7.765741367637102321e-01
8.044654939106901104e-01 7.765741367637102321e-01
8.044654939106901104e-01 7.786052809749491876e-01
8.058186738836264906e-01 7.786052809749491876e-01
8.058186738836264906e-01 7.799593771157752320e-01
8.064952638700947363e-01 7.799593771157752320e-01
8.064952638700947363e-01 7.813134732566011653e-01
8.064952638700947363e-01 7.826675693974272097e-01
8.064952638700947363e-01 7.840216655382532540e-01
8.071718538565628709e-01 7.840216655382532540e-01
8.071718538565628709e-01 7.874069058903182539e-01
8.092016238159674968e-01 7.874069058903182539e-01
8.092016238159674968e-01 7.880839539607311650e-01
8.098782138024357424e-01 7.880839539607311650e-01
8.098782138024357424e-01 7.901150981719702315e-01
8.105548037889038770e-01 7.901150981719702315e-01
8.119079837618403683e-01 7.901150981719702315e-01
8.119079837618403683e-01 7.907921462423832537e-01
8.125845737483085029e-01 7.907921462423832537e-01
8.125845737483085029e-01 7.962085308056872091e-01
8.132611637347767486e-01 7.962085308056872091e-01
8.132611637347767486e-01 7.975626269465132534e-01
8.146143437077131289e-01 7.975626269465132534e-01
8.146143437077131289e-01 7.982396750169261646e-01
8.159675236806495091e-01 7.982396750169261646e-01
8.159675236806495091e-01 8.002708192281652311e-01
8.179972936400541350e-01 8.002708192281652311e-01
8.193504736129905153e-01 8.002708192281652311e-01
8.193504736129905153e-01 8.043331076506431421e-01
8.200270635994587609e-01 8.043331076506431421e-01
8.200270635994587609e-01 8.056872037914691864e-01
8.207036535859268955e-01 8.056872037914691864e-01
8.207036535859268955e-01 8.063642518618822086e-01
8.213802435723951412e-01 8.063642518618822086e-01
8.213802435723951412e-01 8.070412999322952308e-01
8.227334235453315214e-01 8.070412999322952308e-01
8.234100135317997671e-01 8.070412999322952308e-01
8.234100135317997671e-01 8.077183480027081419e-01
8.247631935047361473e-01 8.077183480027081419e-01
8.274695534506089079e-01 8.077183480027081419e-01
8.274695534506089079e-01 8.097494922139472084e-01
8.288227334235452881e-01 8.097494922139472084e-01
8.288227334235452881e-01 8.111035883547731418e-01
8.294993234100135338e-01 8.111035883547731418e-01
8.294993234100135338e-01 8.124576844955991861e-01
8.301759133964817794e-01 8.124576844955991861e-01
8.301759133964817794e-01 8.138117806364252305e-01
8.322056833558862943e-01 8.138117806364252305e-01
8.322056833558862943e-01 8.144888287068381416e-01
8.328822733423545399e-01 8.144888287068381416e-01
8.328822733423545399e-01 8.171970209884902303e-01
8.335588633288227856e-01 8.171970209884902303e-01
8.335588633288227856e-01 8.185511171293161636e-01
8.342354533152909202e-01 8.185511171293161636e-01
8.342354533152909202e-01 8.226134055517941857e-01
8.355886332882273004e-01 8.226134055517941857e-01
8.376184032476319263e-01 8.226134055517941857e-01
8.389715832205683066e-01 8.226134055517941857e-01
8.389715832205683066e-01 8.239675016926202300e-01
8.403247631935046869e-01 8.239675016926202300e-01
8.403247631935046869e-01 8.246445497630331412e-01
8.430311231393775584e-01 8.246445497630331412e-01
8.430311231393775584e-01 8.307379823967501187e-01
8.450608930987821843e-01 8.307379823967501187e-01
8.450608930987821843e-01 8.314150304671631408e-01
8.457374830852503189e-01 8.314150304671631408e-01
8.457374830852503189e-01 8.348002708192281407e-01
8.464140730717185646e-01 8.348002708192281407e-01
8.464140730717185646e-01 8.375084631008801184e-01
8.470906630581866992e-01 8.381855111712931405e-01
8.470906630581866992e-01 8.422477995937711626e-01
8.477672530446549448e-01 8.422477995937711626e-01
8.477672530446549448e-01 8.449559918754231402e-01
8.484438430311231905e-01 8.449559918754231402e-01
8.497970230040595707e-01 8.449559918754231402e-01
8.497970230040595707e-01 8.483412322274881401e-01
8.511502029769959510e-01 8.483412322274881401e-01
8.511502029769959510e-01 8.490182802979011623e-01
8.518267929634640856e-01 8.490182802979011623e-01
8.518267929634640856e-01 8.517264725795531399e-01
8.525033829499323312e-01 8.517264725795531399e-01
8.538565629228687115e-01 8.517264725795531399e-01
8.538565629228687115e-01 8.530805687203791843e-01
8.552097428958050918e-01 8.530805687203791843e-01
8.552097428958050918e-01 8.544346648612051176e-01
8.558863328822733374e-01 8.544346648612051176e-01
8.558863328822733374e-01 8.557887610020311620e-01
8.572395128552097177e-01 8.557887610020311620e-01
8.585926928281460979e-01 8.557887610020311620e-01
8.585926928281460979e-01 8.564658090724441841e-01
8.612990527740189695e-01 8.564658090724441841e-01
8.619756427604871041e-01 8.564658090724441841e-01
8.619756427604871041e-01 8.578199052132701175e-01
8.633288227334235954e-01 8.578199052132701175e-01
8.633288227334235954e-01 8.591740013540961618e-01
8.640054127198917300e-01 8.591740013540961618e-01
8.653585926928281102e-01 8.591740013540961618e-01
8.653585926928281102e-01 8.605280974949220951e-01
8.673883626522327361e-01 8.605280974949220951e-01
8.673883626522327361e-01 8.612051455653351173e-01
8.680649526387009818e-01 8.612051455653351173e-01
8.680649526387009818e-01 8.618821936357481395e-01
8.687415426251691164e-01 8.618821936357481395e-01
8.687415426251691164e-01 8.625592417061611616e-01
8.694181326116373620e-01 8.625592417061611616e-01
8.694181326116373620e-01 8.632362897765741838e-01
8.707713125845737423e-01 8.632362897765741838e-01
8.707713125845737423e-01 8.639133378469870950e-01
8.721244925575101226e-01 8.639133378469870950e-01
8.721244925575101226e-01 8.645903859174001171e-01
8.734776725304465028e-01 8.645903859174001171e-01
8.734776725304465028e-01 8.652674339878131393e-01
8.755074424898511287e-01 8.652674339878131393e-01
8.755074424898511287e-01 8.666215301286391837e-01
8.761840324763193744e-01 8.666215301286391837e-01
8.761840324763193744e-01 8.679756262694651170e-01
8.775372124492557546e-01 8.679756262694651170e-01
8.775372124492557546e-01 8.686526743398781392e-01
8.782138024357240003e-01 8.686526743398781392e-01
8.782138024357240003e-01 8.713608666215301168e-01
8.795669824086603805e-01 8.713608666215301168e-01
8.795669824086603805e-01 8.727149627623561612e-01
8.802435723951285151e-01 8.727149627623561612e-01
8.802435723951285151e-01 8.740690589031820945e-01
8.836265223274695213e-01 8.740690589031820945e-01
8.836265223274695213e-01 8.754231550440081389e-01
8.843031123139377669e-01 8.754231550440081389e-01
8.843031123139377669e-01 8.761002031144211610e-01
8.856562922868741472e-01 8.761002031144211610e-01
8.856562922868741472e-01 8.767772511848340722e-01
8.870094722598105275e-01 8.767772511848340722e-01
8.870094722598105275e-01 8.794854434664861609e-01
8.876860622462787731e-01 8.794854434664861609e-01
8.876860622462787731e-01 8.801624915368990720e-01
8.883626522327469077e-01 8.801624915368990720e-01
8.903924221921515336e-01 8.801624915368990720e-01
8.903924221921515336e-01 8.808395396073120942e-01
8.910690121786197793e-01 8.808395396073120942e-01
8.910690121786197793e-01 8.821936357481381386e-01
8.924221921515561595e-01 8.821936357481381386e-01
8.924221921515561595e-01 8.828706838185511607e-01
8.937753721244925398e-01 8.828706838185511607e-01
8.937753721244925398e-01 8.835477318889640719e-01
8.951285520974289200e-01 8.835477318889640719e-01
8.951285520974289200e-01 8.849018280297901162e-01
8.964817320703654113e-01 8.849018280297901162e-01
8.964817320703654113e-01 8.855788761002031384e-01
8.978349120433017916e-01 8.855788761002031384e-01
8.978349120433017916e-01 8.862559241706161606e-01
8.985115020297699262e-01 8.862559241706161606e-01
8.998646820027063065e-01 8.862559241706161606e-01
8.998646820027063065e-01 8.889641164522681382e-01
9.005412719891745521e-01 8.889641164522681382e-01
9.005412719891745521e-01 8.896411645226811604e-01
9.012178619756427977e-01 8.896411645226811604e-01
9.012178619756427977e-01 8.916723087339201159e-01
9.018944519621109324e-01 8.916723087339201159e-01
9.018944519621109324e-01 8.957345971563981379e-01
9.052774018944519385e-01 8.957345971563981379e-01
9.052774018944519385e-01 8.991198375084631378e-01
9.066305818673883188e-01 8.991198375084631378e-01
9.073071718538565644e-01 8.991198375084631378e-01
9.073071718538565644e-01 8.997968855788760489e-01
9.086603518267929447e-01 8.997968855788760489e-01
9.086603518267929447e-01 9.004739336492890711e-01
9.100135317997293249e-01 9.004739336492890711e-01
9.100135317997293249e-01 9.011509817197020933e-01
9.120433017591339508e-01 9.011509817197020933e-01
9.127198917456021965e-01 9.011509817197020933e-01
9.127198917456021965e-01 9.018280297901151155e-01
9.133964817320703311e-01 9.018280297901151155e-01
9.133964817320703311e-01 9.038591740013540710e-01
9.147496617050067114e-01 9.038591740013540710e-01
9.147496617050067114e-01 9.052132701421801153e-01
9.161028416779432026e-01 9.052132701421801153e-01
9.161028416779432026e-01 9.065673662830060486e-01
9.174560216508795829e-01 9.065673662830060486e-01
9.174560216508795829e-01 9.072444143534190708e-01
9.194857916102842088e-01 9.072444143534190708e-01
9.194857916102842088e-01 9.079214624238320930e-01
9.228687415426252150e-01 9.079214624238320930e-01
9.228687415426252150e-01 9.126607989167231372e-01
9.242219215155615952e-01 9.126607989167231372e-01
9.242219215155615952e-01 9.133378469871360483e-01
9.248985115020297298e-01 9.133378469871360483e-01
9.262516914749662211e-01 9.133378469871360483e-01
9.262516914749662211e-01 9.140148950575490705e-01
9.269282814614343557e-01 9.140148950575490705e-01
9.269282814614343557e-01 9.160460392687881370e-01
9.276048714479026014e-01 9.160460392687881370e-01
9.276048714479026014e-01 9.180771834800270925e-01
9.282814614343707360e-01 9.180771834800270925e-01
9.282814614343707360e-01 9.187542315504401147e-01
9.289580514208389816e-01 9.187542315504401147e-01
9.289580514208389816e-01 9.221394719025051145e-01
9.303112313937753619e-01 9.221394719025051145e-01
9.303112313937753619e-01 9.234935680433310479e-01
9.316644113667117422e-01 9.234935680433310479e-01
9.330175913396481224e-01 9.234935680433310479e-01
9.336941813261163681e-01 9.234935680433310479e-01
9.336941813261163681e-01 9.241706161137440700e-01
9.343707713125846137e-01 9.241706161137440700e-01
9.357239512855209940e-01 9.241706161137440700e-01
9.357239512855209940e-01 9.248476641841570922e-01
9.370771312584573742e-01 9.248476641841570922e-01
9.370771312584573742e-01 9.255247122545701144e-01
9.397834912043301347e-01 9.255247122545701144e-01
9.397834912043301347e-01 9.262017603249830255e-01
9.411366711772666260e-01 9.262017603249830255e-01
9.411366711772666260e-01 9.309410968178740697e-01
9.418132611637347607e-01 9.309410968178740697e-01
9.418132611637347607e-01 9.343263371699390696e-01
9.424898511502030063e-01 9.343263371699390696e-01
9.424898511502030063e-01 9.356804333107651139e-01
9.431664411366711409e-01 9.356804333107651139e-01
9.431664411366711409e-01 9.363574813811780251e-01
9.445196211096076322e-01 9.363574813811780251e-01
9.445196211096076322e-01 9.370345294515910473e-01
9.451962110960757668e-01 9.370345294515910473e-01
9.451962110960757668e-01 9.397427217332430249e-01
9.465493910690121471e-01 9.397427217332430249e-01
9.472259810554803927e-01 9.397427217332430249e-01
9.472259810554803927e-01 9.404197698036560471e-01
9.479025710419485273e-01 9.404197698036560471e-01
9.479025710419485273e-01 9.417738659444820915e-01
9.492557510148850186e-01 9.417738659444820915e-01
9.492557510148850186e-01 9.444820582261340691e-01
9.506089309878213989e-01 9.444820582261340691e-01
9.506089309878213989e-01 9.465132024373730246e-01
9.519621109607577791e-01 9.465132024373730246e-01
9.519621109607577791e-01 9.485443466486120911e-01
9.526387009472260248e-01 9.485443466486120911e-01
9.526387009472260248e-01 9.492213947190250023e-01
9.533152909336941594e-01 9.492213947190250023e-01
9.533152909336941594e-01 9.526066350710900021e-01
9.546684709066305397e-01 9.526066350710900021e-01
9.560216508795670309e-01 9.526066350710900021e-01
9.573748308525034112e-01 9.526066350710900021e-01
9.573748308525034112e-01 9.539607312119160465e-01
9.587280108254397915e-01 9.539607312119160465e-01
9.587280108254397915e-01 9.553148273527420908e-01
9.594046008119080371e-01 9.553148273527420908e-01
9.594046008119080371e-01 9.559918754231550020e-01
9.607577807848444174e-01 9.559918754231550020e-01
9.621109607577807976e-01 9.559918754231550020e-01
9.634641407307171779e-01 9.559918754231550020e-01
9.634641407307171779e-01 9.573459715639810463e-01
9.648173207036535581e-01 9.573459715639810463e-01
9.654939106901218038e-01 9.573459715639810463e-01
9.654939106901218038e-01 9.600541638456330240e-01
9.661705006765899384e-01 9.600541638456330240e-01
9.661705006765899384e-01 9.620853080568720905e-01
9.675236806495264297e-01 9.620853080568720905e-01
9.675236806495264297e-01 9.654705484089369794e-01
9.695534506089309446e-01 9.654705484089369794e-01
9.695534506089309446e-01 9.661475964793500015e-01
9.702300405953991902e-01 9.661475964793500015e-01
9.702300405953991902e-01 9.681787406905890681e-01
9.715832205683355705e-01 9.681787406905890681e-01
9.729364005412719507e-01 9.681787406905890681e-01
9.729364005412719507e-01 9.688557887610019792e-01
9.736129905277401964e-01 9.688557887610019792e-01
9.736129905277401964e-01 9.695328368314150014e-01
9.749661705006765766e-01 9.695328368314150014e-01
9.749661705006765766e-01 9.708869329722410457e-01
9.756427604871448223e-01 9.708869329722410457e-01
9.756427604871448223e-01 9.715639810426540679e-01
9.763193504736129569e-01 9.715639810426540679e-01
9.763193504736129569e-01 9.722410291130669791e-01
9.769959404600812025e-01 9.722410291130669791e-01
9.790257104194858284e-01 9.722410291130669791e-01
9.790257104194858284e-01 9.729180771834800012e-01
9.797023004059539630e-01 9.729180771834800012e-01
9.797023004059539630e-01 9.735951252538930234e-01
9.803788903924222087e-01 9.735951252538930234e-01
9.803788903924222087e-01 9.763033175355450011e-01
9.810554803788903433e-01 9.763033175355450011e-01
9.810554803788903433e-01 9.769803656059580232e-01
9.817320703653585889e-01 9.769803656059580232e-01
9.817320703653585889e-01 9.776574136763710454e-01
9.824086603518268346e-01 9.776574136763710454e-01
9.824086603518268346e-01 9.796885578876100009e-01
9.837618403247632148e-01 9.796885578876100009e-01
9.837618403247632148e-01 9.803656059580230231e-01
9.844384303112313495e-01 9.803656059580230231e-01
9.844384303112313495e-01 9.810426540284360453e-01
9.851150202976995951e-01 9.810426540284360453e-01
9.851150202976995951e-01 9.830737982396750008e-01
9.864682002706359754e-01 9.830737982396750008e-01
9.864682002706359754e-01 9.837508463100880229e-01
9.878213802435723556e-01 9.837508463100880229e-01
9.878213802435723556e-01 9.844278943805010451e-01
9.891745602165088469e-01 9.844278943805010451e-01
9.898511502029769815e-01 9.844278943805010451e-01
9.898511502029769815e-01 9.857819905213269784e-01
9.905277401894452272e-01 9.857819905213269784e-01
9.905277401894452272e-01 9.864590385917400006e-01
9.918809201623816074e-01 9.864590385917400006e-01
9.925575101488497420e-01 9.864590385917400006e-01
9.925575101488497420e-01 9.871360866621530228e-01
9.939106901217862333e-01 9.871360866621530228e-01
9.952638700947226136e-01 9.871360866621530228e-01
9.952638700947226136e-01 9.878131347325660450e-01
9.979702300405953741e-01 9.878131347325660450e-01
9.979702300405953741e-01 9.939065673662830225e-01
9.993234100135317544e-01 9.939065673662830225e-01
9.993234100135317544e-01 9.986459038591739557e-01
1.000000000000000000e+00 9.986459038591739557e-01
1.000000000000000000e+00 1.000000000000000000e+00
