# auc=0.746
# acc=0.687
0.000000000000000000e+00 0.000000000000000000e+00
0.000000000000000000e+00 6.431956668923494158e-02
0.000000000000000000e+00 6.567366283006093042e-02
0.000000000000000000e+00 7.312119160460392453e-02
0.000000000000000000e+00 7.582938388625592996e-02
0.000000000000000000e+00 7.650643195666892438e-02
0.000000000000000000e+00 7.786052809749492709e-02
0.000000000000000000e+00 8.056872037914691864e-02
0.000000000000000000e+00 8.327691266079891019e-02
0.000000000000000000e+00 8.666215301286391004e-02
0.000000000000000000e+00 8.801624915368991275e-02
0.000000000000000000e+00 8.869329722410290717e-02
0.000000000000000000e+00 9.004739336492890989e-02
0.000000000000000000e+00 1.726472579553148257e-01
6.765899864682003214e-04 1.726472579553148257e-01
6.765899864682003214e-04 1.875423155044008139e-01
1.353179972936400643e-03 1.875423155044008139e-01
1.353179972936400643e-03 2.119160460392687795e-01
2.029769959404600747e-03 2.119160460392687795e-01
2.029769959404600747e-03 2.166553825321597959e-01
2.706359945872801286e-03 2.166553825321597959e-01
2.706359945872801286e-03 2.329045362220717730e-01
3.382949932341001390e-03 2.329045362220717730e-01
3.382949932341001390e-03 2.450914014895057558e-01
4.059539918809201495e-03 2.450914014895057558e-01
4.059539918809201495e-03 2.640487474610697105e-01
4.736129905277402033e-03 2.640487474610697105e-01
4.736129905277402033e-03 2.647257955314827327e-01
7.442489851150203319e-03 2.647257955314827327e-01
7.442489851150203319e-03 2.674339878131347104e-01
8.119079837618402989e-03 2.674339878131347104e-01
8.119079837618402989e-03 2.775897088693297099e-01
8.795669824086603528e-03 2.775897088693297099e-01
8.795669824086603528e-03 2.850372376438727318e-01
9.472259810554804066e-03 2.850372376438727318e-01
9.472259810554804066e-03 2.897765741367637204e-01
1.082543978349120514e-02 2.897765741367637204e-01
1.082543978349120514e-02 2.951929587000677313e-01
1.150202976995940395e-02 2.951929587000677313e-01
1.150202976995940395e-02 2.958700067704806980e-01
1.217861975642760448e-02 2.958700067704806980e-01
1.217861975642760448e-02 2.985781990521326756e-01
1.285520974289580502e-02 2.985781990521326756e-01
1.285520974289580502e-02 3.046716316858497087e-01
1.353179972936400556e-02 3.046716316858497087e-01
1.353179972936400556e-02 3.107650643195666862e-01
1.420838971583220610e-02 3.107650643195666862e-01
1.420838971583220610e-02 3.182125930941097081e-01
1.488497970230040664e-02 3.182125930941097081e-01
1.488497970230040664e-02 3.188896411645226747e-01
1.556156968876860544e-02 3.188896411645226747e-01
1.556156968876860544e-02 3.195666892349356969e-01
1.623815967523680598e-02 3.195666892349356969e-01
1.623815967523680598e-02 3.215978334461746524e-01
1.759133964817320706e-02 3.215978334461746524e-01
1.759133964817320706e-02 3.229519295870006967e-01
1.894451962110960813e-02 3.229519295870006967e-01
1.894451962110960813e-02 3.303994583615436631e-01
1.962110960757780867e-02 3.303994583615436631e-01
1.962110960757780867e-02 3.310765064319566853e-01
2.097428958051420975e-02 3.310765064319566853e-01
2.097428958051420975e-02 3.344617467840216851e-01
2.232746955345060735e-02 3.344617467840216851e-01
2.232746955345060735e-02 3.358158429248476740e-01
2.300405953991880789e-02 3.358158429248476740e-01
2.300405953991880789e-02 3.364928909952606406e-01
2.435723951285520897e-02 3.364928909952606406e-01
2.435723951285520897e-02 3.392010832769126738e-01
2.503382949932340951e-02 3.392010832769126738e-01
2.503382949932340951e-02 3.412322274881516848e-01
2.571041948579161004e-02 3.412322274881516848e-01
2.706359945872801112e-02 3.412322274881516848e-01
2.706359945872801112e-02 3.452945159106296513e-01
2.841677943166441220e-02 3.452945159106296513e-01
2.841677943166441220e-02 3.466486120514556402e-01
2.976995940460081327e-02 3.466486120514556402e-01
2.976995940460081327e-02 3.500338524035206400e-01
3.044654939106901381e-02 3.500338524035206400e-01
3.044654939106901381e-02 3.513879485443466288e-01
3.112313937753721088e-02 3.513879485443466288e-01
3.247631935047361196e-02 3.513879485443466288e-01
3.247631935047361196e-02 3.540961408259986620e-01
3.315290933694181597e-02 3.540961408259986620e-01
3.315290933694181597e-02 3.601895734597156395e-01
3.382949932341001303e-02 3.601895734597156395e-01
3.382949932341001303e-02 3.615436696005416284e-01
3.653585926928281519e-02 3.615436696005416284e-01
3.721244925575101226e-02 3.615436696005416284e-01
3.721244925575101226e-02 3.628977657413676172e-01
3.924221921515561734e-02 3.628977657413676172e-01
3.991880920162381441e-02 3.628977657413676172e-01
3.991880920162381441e-02 3.656059580230196504e-01
4.059539918809201842e-02 3.656059580230196504e-01
4.059539918809201842e-02 3.683141503046716281e-01
4.194857916102841949e-02 3.683141503046716281e-01
4.194857916102841949e-02 3.771157752200406388e-01
4.262516914749661656e-02 3.771157752200406388e-01
4.262516914749661656e-02 3.784698713608666276e-01
4.465493910690121471e-02 3.784698713608666276e-01
4.465493910690121471e-02 3.798239675016926165e-01
4.600811907983761578e-02 3.798239675016926165e-01
4.600811907983761578e-02 3.838862559241706385e-01
4.668470906630581979e-02 3.838862559241706385e-01
4.668470906630581979e-02 3.852403520649966273e-01
4.736129905277401686e-02 3.852403520649966273e-01
4.736129905277401686e-02 3.859174001354095940e-01
4.803788903924222087e-02 3.859174001354095940e-01
4.803788903924222087e-02 3.879485443466486050e-01
4.871447902571041794e-02 3.879485443466486050e-01
4.871447902571041794e-02 3.893026404874745938e-01
4.939106901217862194e-02 3.893026404874745938e-01
4.939106901217862194e-02 3.920108327691266270e-01
5.006765899864681901e-02 3.920108327691266270e-01
5.006765899864681901e-02 3.926878808395395937e-01
5.074424898511502302e-02 3.926878808395395937e-01
5.074424898511502302e-02 3.940419769803655825e-01
5.209742895805142410e-02 3.940419769803655825e-01
5.209742895805142410e-02 3.947190250507786047e-01
5.345060893098781823e-02 3.947190250507786047e-01
5.345060893098781823e-02 3.953960731211916269e-01
5.412719891745602224e-02 3.953960731211916269e-01
5.412719891745602224e-02 3.960731211916045935e-01
5.548037889039242332e-02 3.960731211916045935e-01
5.548037889039242332e-02 3.987813134732566267e-01
5.683355886332882440e-02 3.987813134732566267e-01
5.683355886332882440e-02 4.014895057549086044e-01
5.751014884979702146e-02 4.014895057549086044e-01
5.751014884979702146e-02 4.028436018957345932e-01
5.886332882273342254e-02 4.028436018957345932e-01
5.953991880920162655e-02 4.028436018957345932e-01
5.953991880920162655e-02 4.041976980365605820e-01
6.021650879566982362e-02 4.041976980365605820e-01
6.021650879566982362e-02 4.055517941773865709e-01
6.089309878213802762e-02 4.055517941773865709e-01
6.089309878213802762e-02 4.069058903182126152e-01
6.224627875507442176e-02 4.069058903182126152e-01
6.224627875507442176e-02 4.082599864590386041e-01
6.292286874154262577e-02 4.082599864590386041e-01
6.292286874154262577e-02 4.116452268111036039e-01
6.359945872801082978e-02 4.116452268111036039e-01
6.495263870094722392e-02 4.116452268111036039e-01
6.495263870094722392e-02 4.136763710223425594e-01
6.562922868741542792e-02 4.136763710223425594e-01
6.562922868741542792e-02 4.150304671631686038e-01
6.698240866035182206e-02 4.150304671631686038e-01
6.698240866035182206e-02 4.163845633039945926e-01
6.765899864682002607e-02 4.163845633039945926e-01
6.765899864682002607e-02 4.184157075152336036e-01
6.833558863328823008e-02 4.184157075152336036e-01
6.833558863328823008e-02 4.204468517264725591e-01
6.968876860622462421e-02 4.204468517264725591e-01
6.968876860622462421e-02 4.211238997968855813e-01
7.036535859269282822e-02 4.211238997968855813e-01
7.036535859269282822e-02 4.258632362897765700e-01
7.171853856562922236e-02 4.258632362897765700e-01
7.171853856562922236e-02 4.292484766418415698e-01
7.307171853856563037e-02 4.292484766418415698e-01
7.307171853856563037e-02 4.319566689234935475e-01
7.374830852503383438e-02 4.319566689234935475e-01
7.374830852503383438e-02 4.380501015572105805e-01
7.510148849797022852e-02 4.380501015572105805e-01
7.510148849797022852e-02 4.414353419092755804e-01
7.645466847090663653e-02 4.414353419092755804e-01
7.645466847090663653e-02 4.427894380501015692e-01
7.713125845737482666e-02 4.427894380501015692e-01
7.713125845737482666e-02 4.434664861205145359e-01
7.848443843031123468e-02 4.434664861205145359e-01
7.848443843031123468e-02 4.441435341909275580e-01
7.983761840324762882e-02 4.441435341909275580e-01
7.983761840324762882e-02 4.468517264725795357e-01
8.119079837618403683e-02 4.468517264725795357e-01
8.119079837618403683e-02 4.495599187542315689e-01
8.254397834912043097e-02 4.495599187542315689e-01
8.389715832205683899e-02 4.495599187542315689e-01
8.389715832205683899e-02 4.502369668246445356e-01
8.525033829499323312e-02 4.502369668246445356e-01
8.525033829499323312e-02 4.509140148950575577e-01
8.592692828146143713e-02 4.509140148950575577e-01
8.592692828146143713e-02 4.515910629654705244e-01
8.660351826792964114e-02 4.515910629654705244e-01
8.660351826792964114e-02 4.522681110358835466e-01
8.728010825439783127e-02 4.522681110358835466e-01
8.728010825439783127e-02 4.529451591062965687e-01
8.863328822733423928e-02 4.529451591062965687e-01
8.863328822733423928e-02 4.542992552471225576e-01
8.998646820027063342e-02 4.542992552471225576e-01
8.998646820027063342e-02 4.549763033175355242e-01
9.133964817320704144e-02 4.549763033175355242e-01
9.133964817320704144e-02 4.570074475287745353e-01
9.269282814614343557e-02 4.570074475287745353e-01
9.269282814614343557e-02 4.590385917400135463e-01
9.404600811907984359e-02 4.590385917400135463e-01
9.404600811907984359e-02 4.603926878808395351e-01
9.539918809201623773e-02 4.603926878808395351e-01
9.539918809201623773e-02 4.631008801624915128e-01
9.607577807848444174e-02 4.631008801624915128e-01
9.607577807848444174e-02 4.644549763033175571e-01
9.675236806495263187e-02 4.644549763033175571e-01
9.675236806495263187e-02 4.651320243737305238e-01
9.810554803788903988e-02 4.651320243737305238e-01
9.810554803788903988e-02 4.664861205145565126e-01
9.945872801082543402e-02 4.664861205145565126e-01
1.001353179972936380e-01 4.664861205145565126e-01
1.001353179972936380e-01 4.671631685849695348e-01
1.008119079837618420e-01 4.671631685849695348e-01
1.008119079837618420e-01 4.698713608666215125e-01
1.014884979702300460e-01 4.698713608666215125e-01
1.014884979702300460e-01 4.719025050778605235e-01
1.021650879566982362e-01 4.719025050778605235e-01
1.021650879566982362e-01 4.725795531482735456e-01
1.041948579161028482e-01 4.725795531482735456e-01
1.041948579161028482e-01 4.746106973595125011e-01
1.062246278755074463e-01 4.746106973595125011e-01
1.075778078484438405e-01 4.746106973595125011e-01
1.075778078484438405e-01 4.752877454299255233e-01
1.089309878213802485e-01 4.752877454299255233e-01
1.089309878213802485e-01 4.759647935003385455e-01
1.102841677943166426e-01 4.759647935003385455e-01
1.102841677943166426e-01 4.773188896411645343e-01
1.109607577807848466e-01 4.773188896411645343e-01
1.109607577807848466e-01 4.800270819228165120e-01
1.116373477672530506e-01 4.800270819228165120e-01
1.116373477672530506e-01 4.827352742044684897e-01
1.129905277401894448e-01 4.827352742044684897e-01
1.136671177266576488e-01 4.827352742044684897e-01
1.136671177266576488e-01 4.840893703452945340e-01
1.143437077131258389e-01 4.840893703452945340e-01
1.143437077131258389e-01 4.861205145565334895e-01
1.150202976995940429e-01 4.861205145565334895e-01
1.150202976995940429e-01 4.888287068381855227e-01
1.156968876860622469e-01 4.888287068381855227e-01
1.156968876860622469e-01 4.895057549085984894e-01
1.163734776725304509e-01 4.895057549085984894e-01
1.163734776725304509e-01 4.901828029790115115e-01
1.170500676589986411e-01 4.901828029790115115e-01
1.170500676589986411e-01 4.928909952606634892e-01
1.190798376184032531e-01 4.928909952606634892e-01
1.190798376184032531e-01 4.942450914014894781e-01
1.197564276048714432e-01 4.942450914014894781e-01
1.197564276048714432e-01 4.949221394719025002e-01
1.204330175913396472e-01 4.949221394719025002e-01
1.204330175913396472e-01 4.969532836831415112e-01
1.217861975642760552e-01 4.969532836831415112e-01
1.217861975642760552e-01 5.003385240352065111e-01
1.231393775372124494e-01 5.003385240352065111e-01
1.244925575101488435e-01 5.003385240352065111e-01
1.251691474966170614e-01 5.003385240352065111e-01
1.251691474966170614e-01 5.016926201760324444e-01
1.258457374830852515e-01 5.016926201760324444e-01
1.258457374830852515e-01 5.023696682464454666e-01
1.271989174560216596e-01 5.023696682464454666e-01
1.271989174560216596e-01 5.044008124576845331e-01
1.285520974289580398e-01 5.044008124576845331e-01
1.285520974289580398e-01 5.050778605280974443e-01
1.312584573748308558e-01 5.050778605280974443e-01
1.319350473612990460e-01 5.050778605280974443e-01
1.319350473612990460e-01 5.071090047393365108e-01
1.332882273342354540e-01 5.071090047393365108e-01
1.339648173207036441e-01 5.071090047393365108e-01
1.353179972936400521e-01 5.071090047393365108e-01
1.353179972936400521e-01 5.091401489505754663e-01
1.366711772665764602e-01 5.091401489505754663e-01
1.366711772665764602e-01 5.111712931618145328e-01
1.373477672530446503e-01 5.111712931618145328e-01
1.373477672530446503e-01 5.118483412322274440e-01
1.380243572395128682e-01 5.118483412322274440e-01
1.380243572395128682e-01 5.125253893026404661e-01
1.387009472259810583e-01 5.125253893026404661e-01
1.387009472259810583e-01 5.132024373730534883e-01
1.400541271989174663e-01 5.132024373730534883e-01
1.400541271989174663e-01 5.138794854434665105e-01
1.414073071718538466e-01 5.138794854434665105e-01
1.414073071718538466e-01 5.159106296547054660e-01
1.427604871447902546e-01 5.159106296547054660e-01
1.427604871447902546e-01 5.179417738659445325e-01
1.434370771312584447e-01 5.179417738659445325e-01
1.434370771312584447e-01 5.199729180771834880e-01
1.441136671177266626e-01 5.199729180771834880e-01
1.441136671177266626e-01 5.213270142180095323e-01
1.454668470906630706e-01 5.213270142180095323e-01
1.454668470906630706e-01 5.240352064996615100e-01
1.468200270635994509e-01 5.240352064996615100e-01
1.468200270635994509e-01 5.247122545700744212e-01
1.481732070365358589e-01 5.247122545700744212e-01
1.502029769959404570e-01 5.247122545700744212e-01
1.502029769959404570e-01 5.260663507109004655e-01
1.522327469553450552e-01 5.260663507109004655e-01
1.522327469553450552e-01 5.267433987813134877e-01
1.535859269282814632e-01 5.267433987813134877e-01
1.535859269282814632e-01 5.308056872037915097e-01
1.549391069012178712e-01 5.308056872037915097e-01
1.549391069012178712e-01 5.314827352742044209e-01
1.562922868741542515e-01 5.314827352742044209e-01
1.576454668470906595e-01 5.314827352742044209e-01
1.576454668470906595e-01 5.328368314150304652e-01
1.596752368064952576e-01 5.328368314150304652e-01
1.596752368064952576e-01 5.375761679079215094e-01
1.617050067658998558e-01 5.375761679079215094e-01
1.630581867388362638e-01 5.375761679079215094e-01
1.637347767253044539e-01 5.375761679079215094e-01
1.637347767253044539e-01 5.382532159783344206e-01
1.650879566982408619e-01 5.382532159783344206e-01
1.650879566982408619e-01 5.389302640487474427e-01
1.671177266576454601e-01 5.389302640487474427e-01
1.684709066305818681e-01 5.389302640487474427e-01
1.684709066305818681e-01 5.396073121191604649e-01
1.698240866035182761e-01 5.396073121191604649e-01
1.705006765899864662e-01 5.396073121191604649e-01
1.705006765899864662e-01 5.416384563303994204e-01
1.725304465493910644e-01 5.416384563303994204e-01
1.738836265223274724e-01 5.416384563303994204e-01
1.738836265223274724e-01 5.429925524712254647e-01
1.745602165087956625e-01 5.429925524712254647e-01
1.772665764546684786e-01 5.429925524712254647e-01
1.772665764546684786e-01 5.443466486120515091e-01
1.779431664411366687e-01 5.443466486120515091e-01
1.806495263870094847e-01 5.443466486120515091e-01
1.806495263870094847e-01 5.450236966824644202e-01
1.820027063599458650e-01 5.450236966824644202e-01
1.820027063599458650e-01 5.457007447528774424e-01
1.826792963464140829e-01 5.457007447528774424e-01
1.826792963464140829e-01 5.477318889641163979e-01
1.840324763193504631e-01 5.477318889641163979e-01
1.840324763193504631e-01 5.490859851049424423e-01
1.853856562922868711e-01 5.490859851049424423e-01
1.867388362652232792e-01 5.490859851049424423e-01
1.867388362652232792e-01 5.531482735274204643e-01
1.907983761840324755e-01 5.531482735274204643e-01
1.907983761840324755e-01 5.551794177386594198e-01
1.928281461434370736e-01 5.551794177386594198e-01
1.948579161028416717e-01 5.551794177386594198e-01
1.948579161028416717e-01 5.558564658090724420e-01
1.968876860622462699e-01 5.558564658090724420e-01
1.968876860622462699e-01 5.565335138794854641e-01
1.975642760487144878e-01 5.565335138794854641e-01
1.975642760487144878e-01 5.585646580907244196e-01
1.982408660351826779e-01 5.585646580907244196e-01
1.982408660351826779e-01 5.592417061611374418e-01
1.989174560216508680e-01 5.592417061611374418e-01
1.989174560216508680e-01 5.599187542315504640e-01
2.002706359945872761e-01 5.599187542315504640e-01
2.002706359945872761e-01 5.605958023019634862e-01
2.009472259810554939e-01 5.605958023019634862e-01
2.009472259810554939e-01 5.653351387948544193e-01
2.029769959404600921e-01 5.653351387948544193e-01
2.029769959404600921e-01 5.693974272173324414e-01
2.036535859269282822e-01 5.693974272173324414e-01
2.050067658998646902e-01 5.693974272173324414e-01
2.070365358592692884e-01 5.693974272173324414e-01
2.070365358592692884e-01 5.727826675693974412e-01
2.083897158322056964e-01 5.727826675693974412e-01
2.083897158322056964e-01 5.734597156398104634e-01
2.090663058186738865e-01 5.734597156398104634e-01
2.090663058186738865e-01 5.748138117806363967e-01
2.117726657645466748e-01 5.748138117806363967e-01
2.117726657645466748e-01 5.768449559918754632e-01
2.124492557510148927e-01 5.768449559918754632e-01
2.124492557510148927e-01 5.788761002031144187e-01
2.151556156968876810e-01 5.788761002031144187e-01
2.151556156968876810e-01 5.802301963439404631e-01
2.165087956698240890e-01 5.802301963439404631e-01
2.165087956698240890e-01 5.809072444143533742e-01
2.171853856562922791e-01 5.809072444143533742e-01
2.171853856562922791e-01 5.815842924847663964e-01
2.185385656292286871e-01 5.815842924847663964e-01
2.185385656292286871e-01 5.822613405551794186e-01
2.192151556156968772e-01 5.822613405551794186e-01
2.192151556156968772e-01 5.836154366960054629e-01
2.198917456021650951e-01 5.836154366960054629e-01
2.198917456021650951e-01 5.856465809072444184e-01
2.212449255751014754e-01 5.856465809072444184e-01
2.212449255751014754e-01 5.870006770480704628e-01
2.219215155615696933e-01 5.870006770480704628e-01
2.219215155615696933e-01 5.876777251184833739e-01
2.225981055480378834e-01 5.876777251184833739e-01
2.225981055480378834e-01 5.897088693297224404e-01
2.239512855209742914e-01 5.897088693297224404e-01
2.239512855209742914e-01 5.917400135409613959e-01
2.246278755074424816e-01 5.917400135409613959e-01
2.259810554803788896e-01 5.917400135409613959e-01
2.259810554803788896e-01 5.930941096817874403e-01
2.266576454668470797e-01 5.930941096817874403e-01
2.266576454668470797e-01 5.937711577522003514e-01
2.273342354533152976e-01 5.937711577522003514e-01
2.273342354533152976e-01 5.944482058226133736e-01
2.286874154262516778e-01 5.944482058226133736e-01
2.286874154262516778e-01 5.964793500338524401e-01
2.300405953991880859e-01 5.964793500338524401e-01
2.300405953991880859e-01 5.985104942450913956e-01
2.307171853856563037e-01 5.985104942450913956e-01
2.307171853856563037e-01 5.991875423155044178e-01
2.313937753721244939e-01 5.991875423155044178e-01
2.313937753721244939e-01 6.005416384563303511e-01
2.327469553450609019e-01 6.005416384563303511e-01
2.327469553450609019e-01 6.012186865267433733e-01
2.354533152909336902e-01 6.012186865267433733e-01
2.368064952638700982e-01 6.012186865267433733e-01
2.368064952638700982e-01 6.073121191604603508e-01
2.374830852503382883e-01 6.073121191604603508e-01
2.374830852503382883e-01 6.079891672308733730e-01
2.381596752368065062e-01 6.079891672308733730e-01
2.381596752368065062e-01 6.093432633716994173e-01
2.388362652232746963e-01 6.093432633716994173e-01
2.388362652232746963e-01 6.113744075829383728e-01
2.395128552097428865e-01 6.113744075829383728e-01
2.395128552097428865e-01 6.120514556533513950e-01
2.415426251691474846e-01 6.120514556533513950e-01
2.415426251691474846e-01 6.161137440758294170e-01
2.428958051420838926e-01 6.161137440758294170e-01
2.442489851150203006e-01 6.161137440758294170e-01
2.449255751014884908e-01 6.161137440758294170e-01
2.449255751014884908e-01 6.167907921462423282e-01
2.456021650879567086e-01 6.167907921462423282e-01
2.456021650879567086e-01 6.181448882870683725e-01
2.469553450608930889e-01 6.181448882870683725e-01
2.469553450608930889e-01 6.188219363574813947e-01
2.476319350473613068e-01 6.188219363574813947e-01
2.476319350473613068e-01 6.208530805687203502e-01
2.489851150202976870e-01 6.208530805687203502e-01
2.496617050067659049e-01 6.208530805687203502e-01
2.496617050067659049e-01 6.215301286391333724e-01
2.503382949932341228e-01 6.215301286391333724e-01
2.503382949932341228e-01 6.222071767095463946e-01
2.510148849797023130e-01 6.222071767095463946e-01
2.523680649526386932e-01 6.222071767095463946e-01
2.530446549391068833e-01 6.222071767095463946e-01
2.530446549391068833e-01 6.228842247799594167e-01
2.537212449255751290e-01 6.228842247799594167e-01
2.537212449255751290e-01 6.242383209207853501e-01
2.543978349120433191e-01 6.242383209207853501e-01
2.543978349120433191e-01 6.269465132024373277e-01
2.557510148849796994e-01 6.269465132024373277e-01
2.564276048714478895e-01 6.269465132024373277e-01
2.564276048714478895e-01 6.276235612728503499e-01
2.577807848443843253e-01 6.276235612728503499e-01
2.611637347767253314e-01 6.276235612728503499e-01
2.611637347767253314e-01 6.310088016249153497e-01
2.618403247631935216e-01 6.310088016249153497e-01
2.618403247631935216e-01 6.343940419769803496e-01
2.625169147496617117e-01 6.343940419769803496e-01
2.638700947225980920e-01 6.343940419769803496e-01
2.645466847090662821e-01 6.343940419769803496e-01
2.645466847090662821e-01 6.350710900473933718e-01
2.658998646820027179e-01 6.350710900473933718e-01
2.658998646820027179e-01 6.357481381178063939e-01
2.672530446549390981e-01 6.357481381178063939e-01
2.672530446549390981e-01 6.364251861882194161e-01
2.686062246278755339e-01 6.364251861882194161e-01
2.686062246278755339e-01 6.377792823290453494e-01
2.692828146143437240e-01 6.377792823290453494e-01
2.706359945872801043e-01 6.377792823290453494e-01
2.713125845737482944e-01 6.377792823290453494e-01
2.713125845737482944e-01 6.391333784698713938e-01
2.719891745602164845e-01 6.391333784698713938e-01
2.719891745602164845e-01 6.398104265402843049e-01
2.733423545331529203e-01 6.398104265402843049e-01
2.733423545331529203e-01 6.404874746106973271e-01
2.740189445196211104e-01 6.404874746106973271e-01
2.740189445196211104e-01 6.411645226811103493e-01
2.746955345060893006e-01 6.411645226811103493e-01
2.760487144790257363e-01 6.411645226811103493e-01
2.760487144790257363e-01 6.431956668923493048e-01
2.774018944519621166e-01 6.431956668923493048e-01
2.794316644113666870e-01 6.431956668923493048e-01
2.794316644113666870e-01 6.438727149627623270e-01
2.821380243572395030e-01 6.438727149627623270e-01
2.834912043301759388e-01 6.438727149627623270e-01
2.848443843031123190e-01 6.438727149627623270e-01
2.848443843031123190e-01 6.445497630331753491e-01
2.855209742895805092e-01 6.445497630331753491e-01
2.855209742895805092e-01 6.486120514556533712e-01
2.868741542625168894e-01 6.486120514556533712e-01
2.868741542625168894e-01 6.499661475964793045e-01
2.875507442489851351e-01 6.499661475964793045e-01
2.875507442489851351e-01 6.513202437373053488e-01
2.889039242219215153e-01 6.513202437373053488e-01
2.902571041948578956e-01 6.513202437373053488e-01
2.916102841677943314e-01 6.513202437373053488e-01
2.936400541271989018e-01 6.513202437373053488e-01
2.936400541271989018e-01 6.533513879485443043e-01
2.949932341001353375e-01 6.533513879485443043e-01
2.949932341001353375e-01 6.547054840893703487e-01
2.963464140730717178e-01 6.547054840893703487e-01
2.970230040595399079e-01 6.547054840893703487e-01
2.970230040595399079e-01 6.553825321597833709e-01
2.983761840324763437e-01 6.553825321597833709e-01
2.983761840324763437e-01 6.567366283006093042e-01
2.990527740189445338e-01 6.567366283006093042e-01
2.990527740189445338e-01 6.580907244414353485e-01
3.004059539918809141e-01 6.580907244414353485e-01
3.004059539918809141e-01 6.587677725118483707e-01
3.017591339648172943e-01 6.587677725118483707e-01
3.017591339648172943e-01 6.594448205822613929e-01
3.024357239512855400e-01 6.594448205822613929e-01
3.024357239512855400e-01 6.607989167230873262e-01
3.031123139377537301e-01 6.607989167230873262e-01
3.044654939106901104e-01 6.607989167230873262e-01
3.051420838971583005e-01 6.607989167230873262e-01
3.051420838971583005e-01 6.614759647935003484e-01
3.071718538565629264e-01 6.614759647935003484e-01
3.071718538565629264e-01 6.621530128639133705e-01
3.078484438430311165e-01 6.621530128639133705e-01
3.078484438430311165e-01 6.628300609343262817e-01
3.092016238159674968e-01 6.628300609343262817e-01
3.105548037889039326e-01 6.628300609343262817e-01
3.105548037889039326e-01 6.641841570751523260e-01
3.112313937753721227e-01 6.641841570751523260e-01
3.139377537212449387e-01 6.641841570751523260e-01
3.139377537212449387e-01 6.655382532159783704e-01
3.152909336941813190e-01 6.655382532159783704e-01
3.152909336941813190e-01 6.662153012863912815e-01
3.159675236806495091e-01 6.662153012863912815e-01
3.159675236806495091e-01 6.675693974272173259e-01
3.173207036535859449e-01 6.675693974272173259e-01
3.173207036535859449e-01 6.682464454976303481e-01
3.193504736129905153e-01 6.682464454976303481e-01
3.193504736129905153e-01 6.689234935680433702e-01
3.200270635994587054e-01 6.689234935680433702e-01
3.200270635994587054e-01 6.709546377792823257e-01
3.207036535859269510e-01 6.709546377792823257e-01
3.207036535859269510e-01 6.716316858496953479e-01
3.220568335588633313e-01 6.716316858496953479e-01
3.220568335588633313e-01 6.723087339201083701e-01
3.227334235453315214e-01 6.723087339201083701e-01
3.227334235453315214e-01 6.729857819905212812e-01
3.234100135317997116e-01 6.729857819905212812e-01
3.247631935047361473e-01 6.729857819905212812e-01
3.247631935047361473e-01 6.743398781313473256e-01
3.261163734776725276e-01 6.743398781313473256e-01
3.261163734776725276e-01 6.770480704129993033e-01
3.267929634641407177e-01 6.770480704129993033e-01
3.267929634641407177e-01 6.777251184834123254e-01
3.274695534506089079e-01 6.777251184834123254e-01
3.274695534506089079e-01 6.790792146242383698e-01
3.288227334235453436e-01 6.790792146242383698e-01
3.288227334235453436e-01 6.804333107650643031e-01
3.294993234100135338e-01 6.804333107650643031e-01
3.294993234100135338e-01 6.811103588354773253e-01
3.308525033829499140e-01 6.811103588354773253e-01
3.308525033829499140e-01 6.831415030467162808e-01
3.322056833558863498e-01 6.831415030467162808e-01
3.349120433017591103e-01 6.831415030467162808e-01
3.349120433017591103e-01 6.844955991875423251e-01
3.355886332882273559e-01 6.844955991875423251e-01
3.355886332882273559e-01 6.851726472579553473e-01
3.362652232746955461e-01 6.851726472579553473e-01
3.362652232746955461e-01 6.865267433987812806e-01
3.382949932341001165e-01 6.865267433987812806e-01
3.396481732070365522e-01 6.865267433987812806e-01
3.396481732070365522e-01 6.872037914691943028e-01
3.403247631935047424e-01 6.872037914691943028e-01
3.403247631935047424e-01 6.885578876100203471e-01
3.410013531799729325e-01 6.885578876100203471e-01
3.430311231393775584e-01 6.885578876100203471e-01
3.430311231393775584e-01 6.899119837508462805e-01
3.437077131258457485e-01 6.899119837508462805e-01
3.437077131258457485e-01 6.912660798916723248e-01
3.457374830852503189e-01 6.912660798916723248e-01
3.457374830852503189e-01 6.919431279620853470e-01
3.464140730717185646e-01 6.919431279620853470e-01
3.477672530446549448e-01 6.919431279620853470e-01
3.477672530446549448e-01 6.926201760324982581e-01
3.491204330175913251e-01 6.926201760324982581e-01
3.491204330175913251e-01 6.932972241029112803e-01
3.504736129905277608e-01 6.932972241029112803e-01
3.518267929634641411e-01 6.932972241029112803e-01
3.525033829499323312e-01 6.932972241029112803e-01
3.525033829499323312e-01 6.939742721733243025e-01
3.538565629228687670e-01 6.939742721733243025e-01
3.552097428958051473e-01 6.939742721733243025e-01
3.558863328822733374e-01 6.939742721733243025e-01
3.558863328822733374e-01 6.953283683141503468e-01
3.565629228687415275e-01 6.953283683141503468e-01
3.565629228687415275e-01 6.960054163845632580e-01
3.579161028416779633e-01 6.960054163845632580e-01
3.579161028416779633e-01 6.980365605958023245e-01
3.585926928281461534e-01 6.980365605958023245e-01
3.599458728010825337e-01 6.980365605958023245e-01
3.612990527740189695e-01 6.980365605958023245e-01
3.633288227334235398e-01 6.980365605958023245e-01
3.646820027063599201e-01 6.980365605958023245e-01
3.646820027063599201e-01 6.993906567366282578e-01
3.673883626522327361e-01 6.993906567366282578e-01
3.673883626522327361e-01 7.014218009478673244e-01
3.694181326116373620e-01 7.014218009478673244e-01
3.694181326116373620e-01 7.020988490182803465e-01
3.714479025710419324e-01 7.020988490182803465e-01
3.714479025710419324e-01 7.034529451591062799e-01
3.728010825439783682e-01 7.034529451591062799e-01
3.728010825439783682e-01 7.041299932295193020e-01
3.734776725304465583e-01 7.041299932295193020e-01
3.734776725304465583e-01 7.048070412999323242e-01
3.741542625169147485e-01 7.048070412999323242e-01
3.741542625169147485e-01 7.061611374407582575e-01
3.755074424898511287e-01 7.061611374407582575e-01
3.755074424898511287e-01 7.068381855111712797e-01
3.768606224627875645e-01 7.068381855111712797e-01
3.768606224627875645e-01 7.102234258632362796e-01
3.775372124492557546e-01 7.102234258632362796e-01
3.775372124492557546e-01 7.109004739336493017e-01
3.788903924221921349e-01 7.109004739336493017e-01
3.788903924221921349e-01 7.115775220040623239e-01
3.795669824086603250e-01 7.115775220040623239e-01
3.795669824086603250e-01 7.122545700744752351e-01
3.809201623815967608e-01 7.122545700744752351e-01
3.809201623815967608e-01 7.129316181448882572e-01
3.815967523680649509e-01 7.129316181448882572e-01
3.815967523680649509e-01 7.136086662153012794e-01
3.836265223274695768e-01 7.136086662153012794e-01
3.836265223274695768e-01 7.142857142857143016e-01
3.843031123139377669e-01 7.142857142857143016e-01
3.843031123139377669e-01 7.149627623561273237e-01
3.849797023004059571e-01 7.149627623561273237e-01
3.849797023004059571e-01 7.163168584969532571e-01
3.856562922868741472e-01 7.163168584969532571e-01
3.856562922868741472e-01 7.169939065673662792e-01
3.863328822733423373e-01 7.169939065673662792e-01
3.863328822733423373e-01 7.190250507786052347e-01
3.876860622462787731e-01 7.190250507786052347e-01
3.876860622462787731e-01 7.210561949898443013e-01
3.883626522327469632e-01 7.210561949898443013e-01
3.897158322056833435e-01 7.210561949898443013e-01
3.897158322056833435e-01 7.224102911306702346e-01
3.903924221921515336e-01 7.224102911306702346e-01
3.903924221921515336e-01 7.237643872714962789e-01
3.910690121786197793e-01 7.237643872714962789e-01
3.910690121786197793e-01 7.244414353419093011e-01
3.924221921515561595e-01 7.244414353419093011e-01
3.924221921515561595e-01 7.251184834123223233e-01
3.930987821380243497e-01 7.251184834123223233e-01
3.930987821380243497e-01 7.257955314827352344e-01
3.937753721244925398e-01 7.257955314827352344e-01
3.937753721244925398e-01 7.271496276235612788e-01
3.951285520974289756e-01 7.271496276235612788e-01
3.958051420838971657e-01 7.271496276235612788e-01
3.958051420838971657e-01 7.278266756939743010e-01
3.978349120433017361e-01 7.278266756939743010e-01
3.991880920162381718e-01 7.278266756939743010e-01
3.991880920162381718e-01 7.285037237643873231e-01
4.005412719891745521e-01 7.285037237643873231e-01
4.012178619756427422e-01 7.285037237643873231e-01
4.012178619756427422e-01 7.291807718348002343e-01
4.025710419485791780e-01 7.291807718348002343e-01
4.032476319350473681e-01 7.291807718348002343e-01
4.032476319350473681e-01 7.305348679756262786e-01
4.039242219215155583e-01 7.305348679756262786e-01
4.059539918809201842e-01 7.305348679756262786e-01
4.059539918809201842e-01 7.312119160460393008e-01
4.079837618403247546e-01 7.312119160460393008e-01
4.079837618403247546e-01 7.318889641164523230e-01
4.086603518267929447e-01 7.318889641164523230e-01
4.086603518267929447e-01 7.332430602572782563e-01
4.093369418132611903e-01 7.332430602572782563e-01
4.093369418132611903e-01 7.339201083276912785e-01
4.106901217861975706e-01 7.339201083276912785e-01
4.120433017591339508e-01 7.339201083276912785e-01
4.120433017591339508e-01 7.345971563981043007e-01
4.133964817320703866e-01 7.345971563981043007e-01
4.147496617050067669e-01 7.345971563981043007e-01
4.147496617050067669e-01 7.352742044685172118e-01
4.154262516914749570e-01 7.352742044685172118e-01
4.154262516914749570e-01 7.366283006093432562e-01
4.174560216508795829e-01 7.366283006093432562e-01
4.194857916102841533e-01 7.366283006093432562e-01
4.194857916102841533e-01 7.379823967501693005e-01
4.201623815967523434e-01 7.379823967501693005e-01
4.215155615696887792e-01 7.379823967501693005e-01
4.215155615696887792e-01 7.386594448205822117e-01
4.221921515561569693e-01 7.386594448205822117e-01
4.221921515561569693e-01 7.393364928909952338e-01
4.228687415426251595e-01 7.393364928909952338e-01
4.228687415426251595e-01 7.400135409614082560e-01
4.242219215155615952e-01 7.400135409614082560e-01
4.242219215155615952e-01 7.406905890318212782e-01
4.262516914749661656e-01 7.406905890318212782e-01
4.262516914749661656e-01 7.433987813134732558e-01
4.269282814614343557e-01 7.433987813134732558e-01
4.282814614343707915e-01 7.433987813134732558e-01
4.282814614343707915e-01 7.440758293838862780e-01
4.289580514208389816e-01 7.440758293838862780e-01
4.289580514208389816e-01 7.447528774542993002e-01
4.303112313937753619e-01 7.447528774542993002e-01
4.316644113667117977e-01 7.447528774542993002e-01
4.316644113667117977e-01 7.454299255247122113e-01
4.323410013531799878e-01 7.454299255247122113e-01
4.336941813261163681e-01 7.454299255247122113e-01
4.343707713125845582e-01 7.454299255247122113e-01
4.343707713125845582e-01 7.467840216655382557e-01
4.350473612990527483e-01 7.467840216655382557e-01
4.350473612990527483e-01 7.481381178063643000e-01
4.364005412719891841e-01 7.481381178063643000e-01
4.391069012178620001e-01 7.481381178063643000e-01
4.397834912043301903e-01 7.481381178063643000e-01
4.411366711772665705e-01 7.481381178063643000e-01
4.411366711772665705e-01 7.494922139471902334e-01
4.424898511502029508e-01 7.494922139471902334e-01
4.431664411366711964e-01 7.494922139471902334e-01
4.431664411366711964e-01 7.508463100880162777e-01
4.445196211096075767e-01 7.508463100880162777e-01
4.458728010825439569e-01 7.508463100880162777e-01
4.458728010825439569e-01 7.515233581584292999e-01
4.472259810554803927e-01 7.515233581584292999e-01
4.472259810554803927e-01 7.528774542992552332e-01
4.479025710419485828e-01 7.528774542992552332e-01
4.479025710419485828e-01 7.535545023696682554e-01
4.499323410013531532e-01 7.535545023696682554e-01
4.512855209742895890e-01 7.535545023696682554e-01
4.512855209742895890e-01 7.542315504400812776e-01
4.519621109607577791e-01 7.542315504400812776e-01
4.519621109607577791e-01 7.549085985104942997e-01
4.526387009472259693e-01 7.549085985104942997e-01
4.526387009472259693e-01 7.555856465809072109e-01
4.533152909336941594e-01 7.555856465809072109e-01
4.533152909336941594e-01 7.562626946513202331e-01
4.539918809201624050e-01 7.562626946513202331e-01
4.539918809201624050e-01 7.569397427217332552e-01
4.546684709066305952e-01 7.569397427217332552e-01
4.546684709066305952e-01 7.582938388625591886e-01
4.553450608930987853e-01 7.582938388625591886e-01
4.553450608930987853e-01 7.589708869329722107e-01
4.560216508795669754e-01 7.589708869329722107e-01
4.560216508795669754e-01 7.596479350033852329e-01
4.580514208389716013e-01 7.596479350033852329e-01
4.580514208389716013e-01 7.603249830737982551e-01
4.594046008119079816e-01 7.603249830737982551e-01
4.594046008119079816e-01 7.616790792146241884e-01
4.607577807848443618e-01 7.616790792146241884e-01
4.607577807848443618e-01 7.623561272850372106e-01
4.621109607577807976e-01 7.623561272850372106e-01
4.621109607577807976e-01 7.637102234258632549e-01
4.634641407307171779e-01 7.637102234258632549e-01
4.654939106901218038e-01 7.637102234258632549e-01
4.654939106901218038e-01 7.650643195666891883e-01
4.661705006765899939e-01 7.650643195666891883e-01
4.661705006765899939e-01 7.657413676371022104e-01
4.668470906630581840e-01 7.657413676371022104e-01
4.668470906630581840e-01 7.670954637779282548e-01
4.675236806495263742e-01 7.670954637779282548e-01
4.675236806495263742e-01 7.677725118483412770e-01
4.695534506089310001e-01 7.677725118483412770e-01
4.709066305818673803e-01 7.677725118483412770e-01
4.709066305818673803e-01 7.684495599187541881e-01
4.715832205683355705e-01 7.684495599187541881e-01
4.715832205683355705e-01 7.691266079891672103e-01
4.749661705006765766e-01 7.691266079891672103e-01
4.776725304465493926e-01 7.691266079891672103e-01
4.790257104194857729e-01 7.691266079891672103e-01
4.803788903924222087e-01 7.691266079891672103e-01
4.830852503382949692e-01 7.691266079891672103e-01
4.844384303112314050e-01 7.691266079891672103e-01
4.844384303112314050e-01 7.698036560595802325e-01
4.871447902571042210e-01 7.698036560595802325e-01
4.871447902571042210e-01 7.704807041299932546e-01
4.878213802435724111e-01 7.704807041299932546e-01
4.878213802435724111e-01 7.711577522004062768e-01
4.884979702300406013e-01 7.711577522004062768e-01
4.884979702300406013e-01 7.718348002708191880e-01
4.891745602165087914e-01 7.718348002708191880e-01
4.891745602165087914e-01 7.738659444820582545e-01
4.912043301759134173e-01 7.738659444820582545e-01
4.912043301759134173e-01 7.745429925524712766e-01
4.925575101488497975e-01 7.745429925524712766e-01
4.925575101488497975e-01 7.758970886932972100e-01
4.932341001353179877e-01 7.758970886932972100e-01
4.932341001353179877e-01 7.772511848341232543e-01
4.939106901217861778e-01 7.772511848341232543e-01
4.939106901217861778e-01 7.779282329045362765e-01
4.952638700947226136e-01 7.779282329045362765e-01
4.952638700947226136e-01 7.786052809749491876e-01
4.986468200270636197e-01 7.786052809749491876e-01
4.986468200270636197e-01 7.792823290453622098e-01
4.993234100135318099e-01 7.792823290453622098e-01
4.993234100135318099e-01 7.799593771157752320e-01
5.020297699594046259e-01 7.799593771157752320e-01
5.033829499323410062e-01 7.799593771157752320e-01
5.033829499323410062e-01 7.813134732566011653e-01
5.040595399188092518e-01 7.813134732566011653e-01
5.054127198917456321e-01 7.813134732566011653e-01
5.054127198917456321e-01 7.819905213270141875e-01
5.060893098782137667e-01 7.819905213270141875e-01
5.060893098782137667e-01 7.833446174678402318e-01
5.074424898511502580e-01 7.833446174678402318e-01
5.074424898511502580e-01 7.840216655382532540e-01
5.081190798376183926e-01 7.840216655382532540e-01
5.081190798376183926e-01 7.846987136086661652e-01
5.087956698240866382e-01 7.846987136086661652e-01
5.087956698240866382e-01 7.853757616790791873e-01
5.101488497970230185e-01 7.853757616790791873e-01
5.121786197564276444e-01 7.853757616790791873e-01
5.121786197564276444e-01 7.860528097494922095e-01
5.142083897158321593e-01 7.860528097494922095e-01
5.148849797023004049e-01 7.860528097494922095e-01
5.148849797023004049e-01 7.867298578199052317e-01
5.162381596752367852e-01 7.867298578199052317e-01
5.162381596752367852e-01 7.874069058903182539e-01
5.175913396481731654e-01 7.874069058903182539e-01
5.175913396481731654e-01 7.880839539607311650e-01
5.202976995940460370e-01 7.880839539607311650e-01
5.202976995940460370e-01 7.928232904536222092e-01
5.216508795669824172e-01 7.928232904536222092e-01
5.216508795669824172e-01 7.935003385240352314e-01
5.223274695534506629e-01 7.935003385240352314e-01
5.223274695534506629e-01 7.941773865944482536e-01
5.230040595399187975e-01 7.941773865944482536e-01
5.230040595399187975e-01 7.948544346648611647e-01
5.243572395128551777e-01 7.948544346648611647e-01
5.257104194857915580e-01 7.948544346648611647e-01
5.257104194857915580e-01 7.962085308056872091e-01
5.263870094722598036e-01 7.962085308056872091e-01
5.263870094722598036e-01 7.975626269465132534e-01
5.277401894451961839e-01 7.975626269465132534e-01
5.277401894451961839e-01 7.982396750169261646e-01
5.290933694181325642e-01 7.982396750169261646e-01
5.317997293640054357e-01 7.982396750169261646e-01
5.345060893098781962e-01 7.982396750169261646e-01
5.351826792963464419e-01 7.982396750169261646e-01
5.351826792963464419e-01 7.989167230873391867e-01
5.358592692828145765e-01 7.989167230873391867e-01
5.358592692828145765e-01 8.009478672985782532e-01
5.378890392422192024e-01 8.009478672985782532e-01
5.392422192151555826e-01 8.009478672985782532e-01
5.392422192151555826e-01 8.023019634394041866e-01
5.399188092016238283e-01 8.023019634394041866e-01
5.399188092016238283e-01 8.029790115098172087e-01
5.412719891745602085e-01 8.029790115098172087e-01
5.419485791610284542e-01 8.029790115098172087e-01
5.419485791610284542e-01 8.043331076506431421e-01
5.433017591339648344e-01 8.043331076506431421e-01
5.433017591339648344e-01 8.050101557210561642e-01
5.439783491204329691e-01 8.050101557210561642e-01
5.439783491204329691e-01 8.070412999322952308e-01
5.446549391069012147e-01 8.070412999322952308e-01
5.446549391069012147e-01 8.083953960731211641e-01
5.453315290933694603e-01 8.083953960731211641e-01
5.466847090663058406e-01 8.083953960731211641e-01
5.473612990527739752e-01 8.083953960731211641e-01
5.473612990527739752e-01 8.090724441435341863e-01
5.493910690121786011e-01 8.090724441435341863e-01
5.493910690121786011e-01 8.111035883547731418e-01
5.507442489851149814e-01 8.111035883547731418e-01
5.507442489851149814e-01 8.117806364251861639e-01
5.527740189445196073e-01 8.117806364251861639e-01
5.527740189445196073e-01 8.124576844955991861e-01
5.541271989174559875e-01 8.124576844955991861e-01
5.541271989174559875e-01 8.131347325660122083e-01
5.561569688768606134e-01 8.131347325660122083e-01
5.561569688768606134e-01 8.138117806364252305e-01
5.575101488497969937e-01 8.138117806364252305e-01
5.575101488497969937e-01 8.144888287068381416e-01
5.581867388362652393e-01 8.144888287068381416e-01
5.581867388362652393e-01 8.151658767772511638e-01
5.595399188092016196e-01 8.151658767772511638e-01
5.595399188092016196e-01 8.171970209884902303e-01
5.602165087956698653e-01 8.171970209884902303e-01
5.622462787550743801e-01 8.171970209884902303e-01
5.622462787550743801e-01 8.192281651997291858e-01
5.635994587280108714e-01 8.192281651997291858e-01
5.635994587280108714e-01 8.212593094109681413e-01
5.642760487144790060e-01 8.212593094109681413e-01
5.656292286874153863e-01 8.212593094109681413e-01
5.669824086603518776e-01 8.212593094109681413e-01
5.669824086603518776e-01 8.239675016926202300e-01
5.683355886332882578e-01 8.239675016926202300e-01
5.683355886332882578e-01 8.246445497630331412e-01
5.696887686062246381e-01 8.246445497630331412e-01
5.710419485791610184e-01 8.246445497630331412e-01
5.730717185385656443e-01 8.246445497630331412e-01
5.737483085250337789e-01 8.246445497630331412e-01
5.737483085250337789e-01 8.253215978334461633e-01
5.744248985115020245e-01 8.253215978334461633e-01
5.757780784844384048e-01 8.253215978334461633e-01
5.764546684709066504e-01 8.253215978334461633e-01
5.784844384303112763e-01 8.253215978334461633e-01
5.784844384303112763e-01 8.259986459038591855e-01
5.818673883626522825e-01 8.259986459038591855e-01
5.818673883626522825e-01 8.266756939742722077e-01
5.825439783491204171e-01 8.266756939742722077e-01
5.825439783491204171e-01 8.287068381855111632e-01
5.838971583220567974e-01 8.287068381855111632e-01
5.838971583220567974e-01 8.293838862559241853e-01
5.852503382949932886e-01 8.293838862559241853e-01
5.852503382949932886e-01 8.300609343263372075e-01
5.859269282814614233e-01 8.300609343263372075e-01
5.859269282814614233e-01 8.307379823967501187e-01
5.866035182679296689e-01 8.307379823967501187e-01
5.879566982408660492e-01 8.307379823967501187e-01
5.879566982408660492e-01 8.314150304671631408e-01
5.886332882273341838e-01 8.314150304671631408e-01
5.886332882273341838e-01 8.327691266079891852e-01
5.913396481732070553e-01 8.327691266079891852e-01
5.940460081190798158e-01 8.327691266079891852e-01
5.940460081190798158e-01 8.341232227488151185e-01
5.953991880920161961e-01 8.341232227488151185e-01
5.953991880920161961e-01 8.361543669600541850e-01
5.974289580514208220e-01 8.361543669600541850e-01
6.001353179972936935e-01 8.361543669600541850e-01
6.008119079837618282e-01 8.361543669600541850e-01
6.008119079837618282e-01 8.368314150304672072e-01
6.014884979702300738e-01 8.368314150304672072e-01
6.014884979702300738e-01 8.375084631008801184e-01
6.035182679296345887e-01 8.375084631008801184e-01
6.048714479025710800e-01 8.375084631008801184e-01
6.075778078484438405e-01 8.375084631008801184e-01
6.075778078484438405e-01 8.381855111712931405e-01
6.096075778078484664e-01 8.381855111712931405e-01
6.096075778078484664e-01 8.388625592417061627e-01
6.109607577807848466e-01 8.388625592417061627e-01
6.123139377537212269e-01 8.388625592417061627e-01
6.136671177266576072e-01 8.388625592417061627e-01
6.156968876860622331e-01 8.388625592417061627e-01
6.156968876860622331e-01 8.395396073121191849e-01
6.163734776725304787e-01 8.395396073121191849e-01
6.163734776725304787e-01 8.402166553825322071e-01
6.170500676589986133e-01 8.402166553825322071e-01
6.184032476319349936e-01 8.402166553825322071e-01
6.184032476319349936e-01 8.408937034529451182e-01
6.197564276048714849e-01 8.408937034529451182e-01
6.197564276048714849e-01 8.415707515233581404e-01
6.204330175913396195e-01 8.415707515233581404e-01
6.224627875507442454e-01 8.415707515233581404e-01
6.231393775372124910e-01 8.415707515233581404e-01
6.231393775372124910e-01 8.429248476641841847e-01
6.244925575101488713e-01 8.429248476641841847e-01
6.244925575101488713e-01 8.436018957345972069e-01
6.251691474966170059e-01 8.436018957345972069e-01
6.271989174560216318e-01 8.436018957345972069e-01
6.278755074424898774e-01 8.436018957345972069e-01
6.292286874154262577e-01 8.436018957345972069e-01
6.326116373477672639e-01 8.436018957345972069e-01
6.339648173207036441e-01 8.436018957345972069e-01
6.339648173207036441e-01 8.449559918754231402e-01
6.353179972936400244e-01 8.449559918754231402e-01
6.353179972936400244e-01 8.456330399458361624e-01
6.366711772665764046e-01 8.456330399458361624e-01
6.366711772665764046e-01 8.476641841570751179e-01
6.373477672530446503e-01 8.476641841570751179e-01
6.373477672530446503e-01 8.483412322274881401e-01
6.380243572395128959e-01 8.483412322274881401e-01
6.393775372124492762e-01 8.483412322274881401e-01
6.393775372124492762e-01 8.496953283683141844e-01
6.407307171853856564e-01 8.496953283683141844e-01
6.407307171853856564e-01 8.503723764387270956e-01
6.414073071718539021e-01 8.503723764387270956e-01
6.427604871447902823e-01 8.503723764387270956e-01
6.441136671177266626e-01 8.503723764387270956e-01
6.454668470906630429e-01 8.503723764387270956e-01
6.461434370771312885e-01 8.503723764387270956e-01
6.461434370771312885e-01 8.510494245091401178e-01
6.468200270635994231e-01 8.510494245091401178e-01
6.468200270635994231e-01 8.517264725795531399e-01
6.474966170500676688e-01 8.517264725795531399e-01
6.474966170500676688e-01 8.524035206499661621e-01
6.488497970230040490e-01 8.524035206499661621e-01
6.488497970230040490e-01 8.530805687203791843e-01
6.495263870094722947e-01 8.530805687203791843e-01
6.515561569688768095e-01 8.530805687203791843e-01
6.529093369418133008e-01 8.530805687203791843e-01
6.529093369418133008e-01 8.544346648612051176e-01
6.535859269282814354e-01 8.544346648612051176e-01
6.535859269282814354e-01 8.551117129316181398e-01
6.542625169147496811e-01 8.551117129316181398e-01
6.569688768606224416e-01 8.551117129316181398e-01
6.576454668470906872e-01 8.551117129316181398e-01
6.576454668470906872e-01 8.557887610020311620e-01
6.596752368064953131e-01 8.557887610020311620e-01
6.596752368064953131e-01 8.571428571428570953e-01
6.603518267929634478e-01 8.571428571428570953e-01
6.630581867388363193e-01 8.571428571428570953e-01
6.644113667117726996e-01 8.571428571428570953e-01
6.644113667117726996e-01 8.578199052132701175e-01
6.650879566982408342e-01 8.578199052132701175e-01
6.664411366711772144e-01 8.578199052132701175e-01
6.684709066305818403e-01 8.578199052132701175e-01
6.698240866035182206e-01 8.578199052132701175e-01
6.698240866035182206e-01 8.584969532836831396e-01
6.711772665764547119e-01 8.584969532836831396e-01
6.711772665764547119e-01 8.591740013540961618e-01
6.718538565629228465e-01 8.591740013540961618e-01
6.718538565629228465e-01 8.598510494245091840e-01
6.725304465493910921e-01 8.598510494245091840e-01
6.738836265223274724e-01 8.598510494245091840e-01
6.745602165087957180e-01 8.598510494245091840e-01
6.745602165087957180e-01 8.618821936357481395e-01
6.759133964817320983e-01 8.618821936357481395e-01
6.759133964817320983e-01 8.632362897765741838e-01
6.786197564276048588e-01 8.632362897765741838e-01
6.786197564276048588e-01 8.639133378469870950e-01
6.806495263870094847e-01 8.639133378469870950e-01
6.806495263870094847e-01 8.666215301286391837e-01
6.820027063599458650e-01 8.666215301286391837e-01
6.820027063599458650e-01 8.672985781990520948e-01
6.826792963464141106e-01 8.672985781990520948e-01
6.840324763193504909e-01 8.672985781990520948e-01
6.860622462787551168e-01 8.672985781990520948e-01
6.874154262516914971e-01 8.672985781990520948e-01
6.874154262516914971e-01 8.679756262694651170e-01
6.880920162381596317e-01 8.679756262694651170e-01
6.880920162381596317e-01 8.693297224102911613e-01
6.894451962110961230e-01 8.693297224102911613e-01
6.894451962110961230e-01 8.720379146919431390e-01
6.907983761840325032e-01 8.720379146919431390e-01
6.907983761840325032e-01 8.727149627623561612e-01
6.914749661705006378e-01 8.727149627623561612e-01
6.914749661705006378e-01 8.747461069735951167e-01
6.928281461434371291e-01 8.747461069735951167e-01
6.928281461434371291e-01 8.767772511848340722e-01
6.935047361299052637e-01 8.767772511848340722e-01
6.935047361299052637e-01 8.774542992552470944e-01
6.941813261163735094e-01 8.774542992552470944e-01
6.941813261163735094e-01 8.794854434664861609e-01
6.948579161028416440e-01 8.794854434664861609e-01
6.962110960757780243e-01 8.794854434664861609e-01
6.968876860622462699e-01 8.794854434664861609e-01
6.982408660351826502e-01 8.794854434664861609e-01
6.982408660351826502e-01 8.815165876777251164e-01
7.002706359945872761e-01 8.815165876777251164e-01
7.016238159675236563e-01 8.815165876777251164e-01
7.029769959404600366e-01 8.815165876777251164e-01
7.029769959404600366e-01 8.821936357481381386e-01
7.036535859269282822e-01 8.821936357481381386e-01
7.050067658998646625e-01 8.821936357481381386e-01
7.056833558863329081e-01 8.821936357481381386e-01
7.056833558863329081e-01 8.849018280297901162e-01
7.063599458728010427e-01 8.849018280297901162e-01
7.063599458728010427e-01 8.855788761002031384e-01
7.083897158322056686e-01 8.855788761002031384e-01
7.090663058186739143e-01 8.855788761002031384e-01
7.090663058186739143e-01 8.862559241706161606e-01
7.097428958051420489e-01 8.862559241706161606e-01
7.124492557510149204e-01 8.862559241706161606e-01
7.131258457374830551e-01 8.862559241706161606e-01
7.131258457374830551e-01 8.869329722410290717e-01
7.138024357239513007e-01 8.869329722410290717e-01
7.151556156968876810e-01 8.869329722410290717e-01
7.165087956698240612e-01 8.869329722410290717e-01
7.165087956698240612e-01 8.876100203114420939e-01
7.185385656292286871e-01 8.876100203114420939e-01
7.198917456021650674e-01 8.876100203114420939e-01
7.205683355886333130e-01 8.876100203114420939e-01
7.205683355886333130e-01 8.889641164522681382e-01
7.219215155615696933e-01 8.889641164522681382e-01
7.225981055480379389e-01 8.889641164522681382e-01
7.225981055480379389e-01 8.916723087339201159e-01
7.232746955345060735e-01 8.916723087339201159e-01
7.246278755074424538e-01 8.916723087339201159e-01
7.253044654939106994e-01 8.916723087339201159e-01
7.273342354533153253e-01 8.916723087339201159e-01
7.273342354533153253e-01 8.923493568043331381e-01
7.293640054127198402e-01 8.923493568043331381e-01
7.320703653585927118e-01 8.923493568043331381e-01
7.354533152909337179e-01 8.923493568043331381e-01
7.354533152909337179e-01 8.937034529451590714e-01
7.361299052774018525e-01 8.937034529451590714e-01
7.361299052774018525e-01 8.957345971563981379e-01
7.401894451962111043e-01 8.957345971563981379e-01
7.401894451962111043e-01 8.984427894380501156e-01
7.408660351826793500e-01 8.984427894380501156e-01
7.422192151556157302e-01 8.984427894380501156e-01
7.422192151556157302e-01 8.991198375084631378e-01
7.442489851150202451e-01 8.991198375084631378e-01
7.456021650879567364e-01 8.991198375084631378e-01
7.462787550744248710e-01 8.991198375084631378e-01
7.462787550744248710e-01 8.997968855788760489e-01
7.469553450608931167e-01 8.997968855788760489e-01
7.469553450608931167e-01 9.004739336492890711e-01
7.476319350473612513e-01 9.004739336492890711e-01
7.489851150202977426e-01 9.004739336492890711e-01
7.489851150202977426e-01 9.011509817197020933e-01
7.510148849797022574e-01 9.011509817197020933e-01
7.510148849797022574e-01 9.018280297901151155e-01
7.523680649526387487e-01 9.018280297901151155e-01
7.523680649526387487e-01 9.025050778605281376e-01
7.537212449255751290e-01 9.025050778605281376e-01
7.537212449255751290e-01 9.031821259309410488e-01
7.543978349120432636e-01 9.031821259309410488e-01
7.543978349120432636e-01 9.045362220717670931e-01
7.550744248985115092e-01 9.045362220717670931e-01
7.550744248985115092e-01 9.052132701421801153e-01
7.557510148849797549e-01 9.052132701421801153e-01
7.557510148849797549e-01 9.058903182125931375e-01
7.598105548037888957e-01 9.058903182125931375e-01
7.598105548037888957e-01 9.072444143534190708e-01
7.604871447902571413e-01 9.072444143534190708e-01
7.604871447902571413e-01 9.085985104942451152e-01
7.625169147496616562e-01 9.085985104942451152e-01
7.625169147496616562e-01 9.092755585646581373e-01
7.631935047361299018e-01 9.092755585646581373e-01
7.631935047361299018e-01 9.099526066350710485e-01
7.652232746955345277e-01 9.099526066350710485e-01
7.652232746955345277e-01 9.106296547054840707e-01
7.658998646820026623e-01 9.106296547054840707e-01
7.658998646820026623e-01 9.113067027758970928e-01
7.672530446549391536e-01 9.113067027758970928e-01
7.686062246278755339e-01 9.113067027758970928e-01
7.686062246278755339e-01 9.126607989167231372e-01
7.699594046008119141e-01 9.126607989167231372e-01
7.699594046008119141e-01 9.140148950575490705e-01
7.713125845737482944e-01 9.140148950575490705e-01
7.713125845737482944e-01 9.146919431279620927e-01
7.746955345060893006e-01 9.146919431279620927e-01
7.746955345060893006e-01 9.153689911983751148e-01
7.753721244925575462e-01 9.153689911983751148e-01
7.753721244925575462e-01 9.160460392687881370e-01
7.760487144790256808e-01 9.160460392687881370e-01
7.787550744248985524e-01 9.160460392687881370e-01
7.794316644113666870e-01 9.160460392687881370e-01
7.794316644113666870e-01 9.174001354096140703e-01
7.801082543978349326e-01 9.174001354096140703e-01
7.814614343707713129e-01 9.174001354096140703e-01
7.821380243572395585e-01 9.174001354096140703e-01
7.821380243572395585e-01 9.201083276912660480e-01
7.834912043301759388e-01 9.201083276912660480e-01
7.834912043301759388e-01 9.214624238320920924e-01
7.841677943166440734e-01 9.214624238320920924e-01
7.841677943166440734e-01 9.221394719025051145e-01
7.855209742895805647e-01 9.221394719025051145e-01
7.855209742895805647e-01 9.228165199729180257e-01
7.868741542625169449e-01 9.228165199729180257e-01
7.882273342354533252e-01 9.228165199729180257e-01
7.895805142083897055e-01 9.228165199729180257e-01
7.902571041948579511e-01 9.228165199729180257e-01
7.902571041948579511e-01 9.241706161137440700e-01
7.922868741542624660e-01 9.241706161137440700e-01
7.922868741542624660e-01 9.262017603249830255e-01
7.929634641407307116e-01 9.262017603249830255e-01
7.956698240866034721e-01 9.262017603249830255e-01
7.956698240866034721e-01 9.282329045362220921e-01
7.963464140730717178e-01 9.282329045362220921e-01
7.990527740189444783e-01 9.282329045362220921e-01
7.997293640054127239e-01 9.282329045362220921e-01
8.010825439783491042e-01 9.282329045362220921e-01
8.017591339648173498e-01 9.282329045362220921e-01
8.031123139377537301e-01 9.282329045362220921e-01
8.037889039242219757e-01 9.282329045362220921e-01
8.037889039242219757e-01 9.289099526066351142e-01
8.044654939106901104e-01 9.289099526066351142e-01
8.064952638700947363e-01 9.289099526066351142e-01
8.071718538565628709e-01 9.289099526066351142e-01
8.071718538565628709e-01 9.295870006770480254e-01
8.092016238159674968e-01 9.295870006770480254e-01
8.092016238159674968e-01 9.302640487474610476e-01
8.098782138024357424e-01 9.302640487474610476e-01
8.112313937753721227e-01 9.302640487474610476e-01
8.125845737483085029e-01 9.302640487474610476e-01
8.139377537212448832e-01 9.302640487474610476e-01
8.159675236806495091e-01 9.302640487474610476e-01
8.173207036535858894e-01 9.302640487474610476e-01
8.179972936400541350e-01 9.302640487474610476e-01
8.179972936400541350e-01 9.309410968178740697e-01
8.193504736129905153e-01 9.309410968178740697e-01
8.213802435723951412e-01 9.309410968178740697e-01
8.213802435723951412e-01 9.316181448882870919e-01
8.220568335588632758e-01 9.316181448882870919e-01
8.234100135317997671e-01 9.316181448882870919e-01
8.240866035182679017e-01 9.316181448882870919e-01
8.240866035182679017e-01 9.322951929587001141e-01
8.247631935047361473e-01 9.322951929587001141e-01
8.261163734776725276e-01 9.322951929587001141e-01
8.261163734776725276e-01 9.343263371699390696e-01
8.267929634641407732e-01 9.343263371699390696e-01
8.267929634641407732e-01 9.350033852403520918e-01
8.274695534506089079e-01 9.350033852403520918e-01
8.274695534506089079e-01 9.377115775220040694e-01
8.288227334235452881e-01 9.377115775220040694e-01
8.288227334235452881e-01 9.383886255924170916e-01
8.308525033829499140e-01 9.383886255924170916e-01
8.322056833558862943e-01 9.383886255924170916e-01
8.322056833558862943e-01 9.397427217332430249e-01
8.342354533152909202e-01 9.397427217332430249e-01
8.342354533152909202e-01 9.404197698036560471e-01
8.355886332882273004e-01 9.404197698036560471e-01
8.355886332882273004e-01 9.417738659444820915e-01
8.369418132611636807e-01 9.417738659444820915e-01
8.382949932341001720e-01 9.417738659444820915e-01
8.403247631935046869e-01 9.417738659444820915e-01
8.410013531799729325e-01 9.417738659444820915e-01
8.410013531799729325e-01 9.424509140148950026e-01
8.423545331529093128e-01 9.424509140148950026e-01
8.423545331529093128e-01 9.444820582261340691e-01
8.430311231393775584e-01 9.444820582261340691e-01
8.430311231393775584e-01 9.465132024373730246e-01
8.443843031123139387e-01 9.465132024373730246e-01
8.457374830852503189e-01 9.465132024373730246e-01
8.464140730717185646e-01 9.465132024373730246e-01
8.491204330175913251e-01 9.465132024373730246e-01
8.497970230040595707e-01 9.465132024373730246e-01
8.497970230040595707e-01 9.471902505077860468e-01
8.504736129905277053e-01 9.471902505077860468e-01
8.504736129905277053e-01 9.478672985781990690e-01
8.518267929634640856e-01 9.478672985781990690e-01
8.531799729364005769e-01 9.478672985781990690e-01
8.531799729364005769e-01 9.485443466486120911e-01
8.538565629228687115e-01 9.485443466486120911e-01
8.538565629228687115e-01 9.492213947190250023e-01
8.545331529093369571e-01 9.492213947190250023e-01
8.572395128552097177e-01 9.492213947190250023e-01
8.619756427604871041e-01 9.492213947190250023e-01
8.633288227334235954e-01 9.492213947190250023e-01
8.633288227334235954e-01 9.498984427894380245e-01
8.646820027063599756e-01 9.498984427894380245e-01
8.646820027063599756e-01 9.505754908598510466e-01
8.660351826792963559e-01 9.505754908598510466e-01
8.660351826792963559e-01 9.512525389302640688e-01
8.680649526387009818e-01 9.512525389302640688e-01
8.680649526387009818e-01 9.519295870006770910e-01
8.687415426251691164e-01 9.519295870006770910e-01
8.687415426251691164e-01 9.526066350710900021e-01
8.694181326116373620e-01 9.526066350710900021e-01
8.694181326116373620e-01 9.539607312119160465e-01
8.700947225981054967e-01 9.539607312119160465e-01
8.714479025710419879e-01 9.539607312119160465e-01
8.728010825439783682e-01 9.539607312119160465e-01
8.728010825439783682e-01 9.546377792823290687e-01
8.741542625169147485e-01 9.546377792823290687e-01
8.748308525033829941e-01 9.546377792823290687e-01
8.748308525033829941e-01 9.553148273527420908e-01
8.761840324763193744e-01 9.553148273527420908e-01
8.782138024357240003e-01 9.553148273527420908e-01
8.782138024357240003e-01 9.559918754231550020e-01
8.788903924221921349e-01 9.559918754231550020e-01
8.788903924221921349e-01 9.566689234935680242e-01
8.795669824086603805e-01 9.566689234935680242e-01
8.795669824086603805e-01 9.573459715639810463e-01
8.802435723951285151e-01 9.573459715639810463e-01
8.802435723951285151e-01 9.580230196343940685e-01
8.815967523680650064e-01 9.580230196343940685e-01
8.815967523680650064e-01 9.587000677048070907e-01
8.829499323410013867e-01 9.587000677048070907e-01
8.829499323410013867e-01 9.593771157752200018e-01
8.836265223274695213e-01 9.593771157752200018e-01
8.836265223274695213e-01 9.600541638456330240e-01
8.849797023004059016e-01 9.600541638456330240e-01
8.863328822733423928e-01 9.600541638456330240e-01
8.863328822733423928e-01 9.614082599864590684e-01
8.876860622462787731e-01 9.614082599864590684e-01
8.876860622462787731e-01 9.620853080568720905e-01
8.890392422192151534e-01 9.620853080568720905e-01
8.890392422192151534e-01 9.641164522681110460e-01
8.903924221921515336e-01 9.641164522681110460e-01
8.917456021650879139e-01 9.641164522681110460e-01
8.930987821380244052e-01 9.641164522681110460e-01
8.930987821380244052e-01 9.647935003385240682e-01
8.951285520974289200e-01 9.647935003385240682e-01
8.951285520974289200e-01 9.661475964793500015e-01
8.958051420838971657e-01 9.661475964793500015e-01
8.958051420838971657e-01 9.668246445497630237e-01
8.971583220568335459e-01 9.668246445497630237e-01
8.971583220568335459e-01 9.675016926201760459e-01
8.978349120433017916e-01 9.675016926201760459e-01
8.978349120433017916e-01 9.681787406905890681e-01
8.991880920162381718e-01 9.681787406905890681e-01
8.991880920162381718e-01 9.695328368314150014e-01
9.005412719891745521e-01 9.695328368314150014e-01
9.012178619756427977e-01 9.695328368314150014e-01
9.012178619756427977e-01 9.702098849018280236e-01
9.025710419485791780e-01 9.702098849018280236e-01
9.046008119079838039e-01 9.702098849018280236e-01
9.046008119079838039e-01 9.708869329722410457e-01
9.052774018944519385e-01 9.708869329722410457e-01
9.066305818673883188e-01 9.708869329722410457e-01
9.079837618403248101e-01 9.708869329722410457e-01
9.079837618403248101e-01 9.715639810426540679e-01
9.120433017591339508e-01 9.715639810426540679e-01
9.133964817320703311e-01 9.715639810426540679e-01
9.154262516914749570e-01 9.715639810426540679e-01
9.167794316644113373e-01 9.715639810426540679e-01
9.167794316644113373e-01 9.722410291130669791e-01
9.174560216508795829e-01 9.722410291130669791e-01
9.174560216508795829e-01 9.729180771834800012e-01
9.194857916102842088e-01 9.729180771834800012e-01
9.208389715832205891e-01 9.729180771834800012e-01
9.228687415426252150e-01 9.729180771834800012e-01
9.248985115020297298e-01 9.729180771834800012e-01
9.262516914749662211e-01 9.729180771834800012e-01
9.262516914749662211e-01 9.735951252538930234e-01
9.330175913396481224e-01 9.735951252538930234e-01
9.330175913396481224e-01 9.749492213947190677e-01
9.343707713125846137e-01 9.749492213947190677e-01
9.357239512855209940e-01 9.749492213947190677e-01
9.364005412719891286e-01 9.749492213947190677e-01
9.364005412719891286e-01 9.756262694651319789e-01
9.377537212449256199e-01 9.756262694651319789e-01
9.377537212449256199e-01 9.769803656059580232e-01
9.384303112313937545e-01 9.769803656059580232e-01
9.384303112313937545e-01 9.783344617467840676e-01
9.404600811907983804e-01 9.783344617467840676e-01
9.404600811907983804e-01 9.796885578876100009e-01
9.431664411366711409e-01 9.796885578876100009e-01
9.431664411366711409e-01 9.817197020988490674e-01
9.445196211096076322e-01 9.817197020988490674e-01
9.465493910690121471e-01 9.817197020988490674e-01
9.472259810554803927e-01 9.817197020988490674e-01
9.472259810554803927e-01 9.823967501692619786e-01
9.485791610284167730e-01 9.823967501692619786e-01
9.499323410013531532e-01 9.823967501692619786e-01
9.526387009472260248e-01 9.823967501692619786e-01
9.533152909336941594e-01 9.823967501692619786e-01
9.533152909336941594e-01 9.830737982396750008e-01
9.539918809201624050e-01 9.830737982396750008e-01
9.539918809201624050e-01 9.837508463100880229e-01
9.580514208389715458e-01 9.837508463100880229e-01
9.594046008119080371e-01 9.837508463100880229e-01
9.594046008119080371e-01 9.844278943805010451e-01
9.607577807848444174e-01 9.844278943805010451e-01
9.614343707713125520e-01 9.844278943805010451e-01
9.614343707713125520e-01 9.851049424509140673e-01
9.627875507442489322e-01 9.851049424509140673e-01
9.627875507442489322e-01 9.857819905213269784e-01
9.634641407307171779e-01 9.857819905213269784e-01
9.634641407307171779e-01 9.864590385917400006e-01
9.668470906630581840e-01 9.864590385917400006e-01
9.668470906630581840e-01 9.871360866621530228e-01
9.688768606224628099e-01 9.871360866621530228e-01
9.688768606224628099e-01 9.878131347325660450e-01
9.702300405953991902e-01 9.878131347325660450e-01
9.702300405953991902e-01 9.891672308733919783e-01
9.715832205683355705e-01 9.891672308733919783e-01
9.729364005412719507e-01 9.891672308733919783e-01
9.729364005412719507e-01 9.898442789438050005e-01
9.736129905277401964e-01 9.898442789438050005e-01
9.749661705006765766e-01 9.898442789438050005e-01
9.783491204330175828e-01 9.898442789438050005e-01
9.783491204330175828e-01 9.905213270142180226e-01
9.797023004059539630e-01 9.905213270142180226e-01
9.817320703653585889e-01 9.905213270142180226e-01
9.817320703653585889e-01 9.911983750846310448e-01
9.830852503382949692e-01 9.911983750846310448e-01
9.844384303112313495e-01 9.911983750846310448e-01
9.851150202976995951e-01 9.911983750846310448e-01
9.851150202976995951e-01 9.918754231550439560e-01
9.864682002706359754e-01 9.918754231550439560e-01
9.864682002706359754e-01 9.932295192958700003e-01
9.871447902571042210e-01 9.932295192958700003e-01
9.871447902571042210e-01 9.939065673662830225e-01
9.878213802435723556e-01 9.939065673662830225e-01
9.878213802435723556e-01 9.945836154366960447e-01
9.898511502029769815e-01 9.945836154366960447e-01
9.898511502029769815e-01 9.959377115775219780e-01
9.912043301759133618e-01 9.959377115775219780e-01
9.939106901217862333e-01 9.959377115775219780e-01
9.939106901217862333e-01 9.966147596479350002e-01
9.966170500676589938e-01 9.966147596479350002e-01
9.966170500676589938e-01 9.972918077183480223e-01
9.972936400541272395e-01 9.972918077183480223e-01
9.972936400541272395e-01 9.979688557887610445e-01
1.000000000000000000e+00 9.979688557887610445e-01
1.000000000000000000e+00 1.000000000000000000e+00
