# auc=0.714
# acc=0.656
0.000000000000000000e+00 0.000000000000000000e+00
0.000000000000000000e+00 9.343263371699390973e-02
0.000000000000000000e+00 9.478672985781989857e-02
0.000000000000000000e+00 9.884901828029790671e-02
0.000000000000000000e+00 1.042654028436018898e-01
0.000000000000000000e+00 1.062965470548408869e-01
0.000000000000000000e+00 1.083276912660798980e-01
0.000000000000000000e+00 1.096817874069058868e-01
0.000000000000000000e+00 1.123899796885578922e-01
0.000000000000000000e+00 1.184834123222748836e-01
0.000000000000000000e+00 1.198375084631008863e-01
0.000000000000000000e+00 1.306702775897088664e-01
0.000000000000000000e+00 1.320243737305348553e-01
0.000000000000000000e+00 1.401489505754908715e-01
6.765899864682003214e-04 1.401489505754908715e-01
6.765899864682003214e-04 1.543669600541638376e-01
6.765899864682003214e-04 1.557210561949898542e-01
6.765899864682003214e-04 1.922816519972918026e-01
1.353179972936400643e-03 1.922816519972918026e-01
1.353179972936400643e-03 2.004062288422477911e-01
3.382949932341001390e-03 2.004062288422477911e-01
3.382949932341001390e-03 2.078537576167907852e-01
4.736129905277402033e-03 2.078537576167907852e-01
4.736129905277402033e-03 2.146242383209207849e-01
5.412719891745602571e-03 2.146242383209207849e-01
5.412719891745602571e-03 2.166553825321597959e-01
6.765899864682002780e-03 2.166553825321597959e-01
6.765899864682002780e-03 2.173324306025727903e-01
8.119079837618402989e-03 2.173324306025727903e-01
9.472259810554804066e-03 2.173324306025727903e-01
1.014884979702300460e-02 2.173324306025727903e-01
1.014884979702300460e-02 2.301963439404197675e-01
1.150202976995940395e-02 2.301963439404197675e-01
1.150202976995940395e-02 2.369668246445497672e-01
1.217861975642760448e-02 2.369668246445497672e-01
1.217861975642760448e-02 2.484766418415707556e-01
1.353179972936400556e-02 2.484766418415707556e-01
1.353179972936400556e-02 2.498307379823967445e-01
1.420838971583220610e-02 2.498307379823967445e-01
1.420838971583220610e-02 2.525389302640487221e-01
1.488497970230040664e-02 2.525389302640487221e-01
1.488497970230040664e-02 2.538930264048747665e-01
1.691474966170500652e-02 2.538930264048747665e-01
1.826792963464140759e-02 2.538930264048747665e-01
1.826792963464140759e-02 2.559241706161137220e-01
1.894451962110960813e-02 2.559241706161137220e-01
1.894451962110960813e-02 2.593094109681787218e-01
1.962110960757780867e-02 2.593094109681787218e-01
1.962110960757780867e-02 2.633716993906567438e-01
2.029769959404600921e-02 2.633716993906567438e-01
2.029769959404600921e-02 2.667569397427217437e-01
2.165087956698241028e-02 2.667569397427217437e-01
2.165087956698241028e-02 2.681110358835477325e-01
2.232746955345060735e-02 2.681110358835477325e-01
2.232746955345060735e-02 2.769126607989167432e-01
2.300405953991880789e-02 2.769126607989167432e-01
2.300405953991880789e-02 2.789438050101556987e-01
2.435723951285520897e-02 2.789438050101556987e-01
2.435723951285520897e-02 2.857142857142856984e-01
2.503382949932340951e-02 2.857142857142856984e-01
2.503382949932340951e-02 2.863913337846987206e-01
2.571041948579161004e-02 2.863913337846987206e-01
2.571041948579161004e-02 2.958700067704806980e-01
2.774018944519621166e-02 2.958700067704806980e-01
2.774018944519621166e-02 2.972241029113066868e-01
2.841677943166441220e-02 2.972241029113066868e-01
2.841677943166441220e-02 2.999322951929587200e-01
2.909336941813261274e-02 2.999322951929587200e-01
2.909336941813261274e-02 3.053486797562626753e-01
2.976995940460081327e-02 3.053486797562626753e-01
2.976995940460081327e-02 3.087339201083276752e-01
3.044654939106901381e-02 3.087339201083276752e-01
3.044654939106901381e-02 3.107650643195666862e-01
3.112313937753721088e-02 3.107650643195666862e-01
3.112313937753721088e-02 3.114421123899797084e-01
3.179972936400541489e-02 3.114421123899797084e-01
3.179972936400541489e-02 3.161814488828706970e-01
3.382949932341001303e-02 3.161814488828706970e-01
3.382949932341001303e-02 3.215978334461746524e-01
3.450608930987821704e-02 3.215978334461746524e-01
3.450608930987821704e-02 3.229519295870006967e-01
3.585926928281461118e-02 3.229519295870006967e-01
3.585926928281461118e-02 3.236289776574136634e-01
3.653585926928281519e-02 3.236289776574136634e-01
3.653585926928281519e-02 3.249830737982396522e-01
3.721244925575101226e-02 3.249830737982396522e-01
3.721244925575101226e-02 3.256601218686526744e-01
3.788903924221921626e-02 3.256601218686526744e-01
3.788903924221921626e-02 3.263371699390656966e-01
3.856562922868741333e-02 3.263371699390656966e-01
3.856562922868741333e-02 3.385240352064996516e-01
3.924221921515561734e-02 3.385240352064996516e-01
4.059539918809201842e-02 3.385240352064996516e-01
4.127198917456021549e-02 3.385240352064996516e-01
4.127198917456021549e-02 3.398781313473256405e-01
4.194857916102841949e-02 3.398781313473256405e-01
4.194857916102841949e-02 3.432633716993906403e-01
4.262516914749661656e-02 3.432633716993906403e-01
4.262516914749661656e-02 3.473256601218686623e-01
4.397834912043301764e-02 3.473256601218686623e-01
4.397834912043301764e-02 3.480027081922816290e-01
4.465493910690121471e-02 3.480027081922816290e-01
4.465493910690121471e-02 3.486797562626946512e-01
4.533152909336941871e-02 3.486797562626946512e-01
4.533152909336941871e-02 3.527420446851726732e-01
4.600811907983761578e-02 3.527420446851726732e-01
4.600811907983761578e-02 3.540961408259986620e-01
4.668470906630581979e-02 3.540961408259986620e-01
4.668470906630581979e-02 3.574813811780636619e-01
4.736129905277401686e-02 3.574813811780636619e-01
4.871447902571041794e-02 3.574813811780636619e-01
4.871447902571041794e-02 3.601895734597156395e-01
4.939106901217862194e-02 3.601895734597156395e-01
4.939106901217862194e-02 3.622207176709546506e-01
5.006765899864681901e-02 3.622207176709546506e-01
5.006765899864681901e-02 3.649289099526066282e-01
5.074424898511502302e-02 3.649289099526066282e-01
5.074424898511502302e-02 3.669600541638456392e-01
5.412719891745602224e-02 3.669600541638456392e-01
5.480378890392421931e-02 3.669600541638456392e-01
5.480378890392421931e-02 3.676371022342586059e-01
5.548037889039242332e-02 3.676371022342586059e-01
5.548037889039242332e-02 3.696682464454976169e-01
5.615696887686062039e-02 3.696682464454976169e-01
5.615696887686062039e-02 3.710223425863236058e-01
5.683355886332882440e-02 3.710223425863236058e-01
5.683355886332882440e-02 3.723764387271496501e-01
5.751014884979702146e-02 3.723764387271496501e-01
5.751014884979702146e-02 3.737305348679756389e-01
5.818673883626522547e-02 3.737305348679756389e-01
5.818673883626522547e-02 3.764387271496276166e-01
5.953991880920162655e-02 3.764387271496276166e-01
5.953991880920162655e-02 3.771157752200406388e-01
6.021650879566982362e-02 3.771157752200406388e-01
6.021650879566982362e-02 3.798239675016926165e-01
6.089309878213802762e-02 3.798239675016926165e-01
6.089309878213802762e-02 3.818551117129316275e-01
6.224627875507442176e-02 3.818551117129316275e-01
6.224627875507442176e-02 3.845633039945836051e-01
6.292286874154262577e-02 3.845633039945836051e-01
6.292286874154262577e-02 3.865944482058226161e-01
6.359945872801082978e-02 3.865944482058226161e-01
6.562922868741542792e-02 3.865944482058226161e-01
6.562922868741542792e-02 3.899796885578876160e-01
6.698240866035182206e-02 3.899796885578876160e-01
6.698240866035182206e-02 3.913337846987136048e-01
6.833558863328823008e-02 3.913337846987136048e-01
6.833558863328823008e-02 3.926878808395395937e-01
6.968876860622462421e-02 3.926878808395395937e-01
7.104194857916103223e-02 3.926878808395395937e-01
7.104194857916103223e-02 3.933649289099526158e-01
7.171853856562922236e-02 3.933649289099526158e-01
7.171853856562922236e-02 3.953960731211916269e-01
7.239512855209742637e-02 3.953960731211916269e-01
7.239512855209742637e-02 3.960731211916045935e-01
7.307171853856563037e-02 3.960731211916045935e-01
7.307171853856563037e-02 3.981042654028436045e-01
7.374830852503383438e-02 3.981042654028436045e-01
7.374830852503383438e-02 3.987813134732566267e-01
7.442489851150202451e-02 3.987813134732566267e-01
7.442489851150202451e-02 4.001354096140826155e-01
7.713125845737482666e-02 4.001354096140826155e-01
7.713125845737482666e-02 4.021665538253215710e-01
7.916102841677942481e-02 4.021665538253215710e-01
7.916102841677942481e-02 4.089370345294515707e-01
7.983761840324762882e-02 4.089370345294515707e-01
7.983761840324762882e-02 4.102911306702776151e-01
8.051420838971583283e-02 4.102911306702776151e-01
8.254397834912043097e-02 4.102911306702776151e-01
8.254397834912043097e-02 4.129993229519295928e-01
8.322056833558863498e-02 4.129993229519295928e-01
8.322056833558863498e-02 4.136763710223425594e-01
8.389715832205683899e-02 4.136763710223425594e-01
8.389715832205683899e-02 4.143534190927555816e-01
8.457374830852502912e-02 4.143534190927555816e-01
8.457374830852502912e-02 4.177386594448205814e-01
8.525033829499323312e-02 4.177386594448205814e-01
8.525033829499323312e-02 4.184157075152336036e-01
8.660351826792964114e-02 4.184157075152336036e-01
8.660351826792964114e-02 4.197698036560595924e-01
8.728010825439783127e-02 4.197698036560595924e-01
8.728010825439783127e-02 4.218009478672986035e-01
8.795669824086603528e-02 4.218009478672986035e-01
8.795669824086603528e-02 4.224779959377115701e-01
8.863328822733423928e-02 4.224779959377115701e-01
8.863328822733423928e-02 4.231550440081245923e-01
9.066305818673883743e-02 4.231550440081245923e-01
9.066305818673883743e-02 4.238320920785375590e-01
9.133964817320704144e-02 4.238320920785375590e-01
9.133964817320704144e-02 4.245091401489505811e-01
9.269282814614343557e-02 4.245091401489505811e-01
9.269282814614343557e-02 4.251861882193635478e-01
9.336941813261163958e-02 4.251861882193635478e-01
9.336941813261163958e-02 4.265402843601895921e-01
9.472259810554803372e-02 4.265402843601895921e-01
9.472259810554803372e-02 4.272173324306025588e-01
9.539918809201623773e-02 4.272173324306025588e-01
9.539918809201623773e-02 4.278943805010155810e-01
9.675236806495263187e-02 4.278943805010155810e-01
9.675236806495263187e-02 4.285714285714285476e-01
9.742895805142083587e-02 4.285714285714285476e-01
9.878213802435724389e-02 4.285714285714285476e-01
9.878213802435724389e-02 4.333107650643195918e-01
9.945872801082543402e-02 4.333107650643195918e-01
1.021650879566982362e-01 4.333107650643195918e-01
1.028416779431664402e-01 4.333107650643195918e-01
1.028416779431664402e-01 4.339878131347325585e-01
1.035182679296346442e-01 4.339878131347325585e-01
1.035182679296346442e-01 4.353419092755585473e-01
1.048714479025710383e-01 4.353419092755585473e-01
1.055480378890392423e-01 4.353419092755585473e-01
1.055480378890392423e-01 4.366960054163845362e-01
1.082543978349120445e-01 4.366960054163845362e-01
1.082543978349120445e-01 4.387271496276235472e-01
1.102841677943166426e-01 4.387271496276235472e-01
1.102841677943166426e-01 4.407582938388625582e-01
1.109607577807848466e-01 4.407582938388625582e-01
1.109607577807848466e-01 4.427894380501015692e-01
1.116373477672530506e-01 4.427894380501015692e-01
1.116373477672530506e-01 4.454976303317535469e-01
1.123139377537212408e-01 4.454976303317535469e-01
1.123139377537212408e-01 4.482058226134055245e-01
1.129905277401894448e-01 4.482058226134055245e-01
1.129905277401894448e-01 4.502369668246445356e-01
1.136671177266576488e-01 4.502369668246445356e-01
1.136671177266576488e-01 4.509140148950575577e-01
1.143437077131258389e-01 4.509140148950575577e-01
1.156968876860622469e-01 4.509140148950575577e-01
1.163734776725304509e-01 4.509140148950575577e-01
1.163734776725304509e-01 4.529451591062965687e-01
1.170500676589986411e-01 4.529451591062965687e-01
1.184032476319350491e-01 4.529451591062965687e-01
1.197564276048714432e-01 4.529451591062965687e-01
1.197564276048714432e-01 4.536222071767095354e-01
1.204330175913396472e-01 4.536222071767095354e-01
1.204330175913396472e-01 4.556533513879485464e-01
1.211096075778078512e-01 4.556533513879485464e-01
1.211096075778078512e-01 4.563303994583615686e-01
1.217861975642760552e-01 4.563303994583615686e-01
1.217861975642760552e-01 4.570074475287745353e-01
1.224627875507442454e-01 4.570074475287745353e-01
1.224627875507442454e-01 4.590385917400135463e-01
1.231393775372124494e-01 4.590385917400135463e-01
1.231393775372124494e-01 4.597156398104265129e-01
1.258457374830852515e-01 4.597156398104265129e-01
1.258457374830852515e-01 4.610697359512525573e-01
1.271989174560216596e-01 4.610697359512525573e-01
1.271989174560216596e-01 4.617467840216655239e-01
1.285520974289580398e-01 4.617467840216655239e-01
1.285520974289580398e-01 4.631008801624915128e-01
1.292286874154262577e-01 4.631008801624915128e-01
1.305818673883626657e-01 4.631008801624915128e-01
1.305818673883626657e-01 4.644549763033175571e-01
1.332882273342354540e-01 4.644549763033175571e-01
1.359945872801082423e-01 4.644549763033175571e-01
1.359945872801082423e-01 4.658090724441435460e-01
1.366711772665764602e-01 4.658090724441435460e-01
1.387009472259810583e-01 4.658090724441435460e-01
1.387009472259810583e-01 4.691943127962085458e-01
1.407307171853856564e-01 4.691943127962085458e-01
1.407307171853856564e-01 4.698713608666215125e-01
1.414073071718538466e-01 4.698713608666215125e-01
1.414073071718538466e-01 4.712254570074475013e-01
1.420838971583220645e-01 4.712254570074475013e-01
1.420838971583220645e-01 4.725795531482735456e-01
1.441136671177266626e-01 4.725795531482735456e-01
1.441136671177266626e-01 4.739336492890995345e-01
1.447902571041948527e-01 4.739336492890995345e-01
1.461434370771312607e-01 4.739336492890995345e-01
1.461434370771312607e-01 4.800270819228165120e-01
1.468200270635994509e-01 4.800270819228165120e-01
1.468200270635994509e-01 4.807041299932295342e-01
1.481732070365358589e-01 4.807041299932295342e-01
1.481732070365358589e-01 4.813811780636425008e-01
1.502029769959404570e-01 4.813811780636425008e-01
1.502029769959404570e-01 4.827352742044684897e-01
1.529093369418132731e-01 4.827352742044684897e-01
1.535859269282814632e-01 4.827352742044684897e-01
1.549391069012178712e-01 4.827352742044684897e-01
1.549391069012178712e-01 4.834123222748815119e-01
1.562922868741542515e-01 4.834123222748815119e-01
1.576454668470906595e-01 4.834123222748815119e-01
1.576454668470906595e-01 4.847664184157075007e-01
1.583220568335588496e-01 4.847664184157075007e-01
1.583220568335588496e-01 4.861205145565334895e-01
1.589986468200270675e-01 4.861205145565334895e-01
1.589986468200270675e-01 4.881516587677725005e-01
1.596752368064952576e-01 4.881516587677725005e-01
1.596752368064952576e-01 4.895057549085984894e-01
1.623815967523680737e-01 4.895057549085984894e-01
1.623815967523680737e-01 4.901828029790115115e-01
1.630581867388362638e-01 4.901828029790115115e-01
1.630581867388362638e-01 4.908598510494245337e-01
1.644113667117726718e-01 4.908598510494245337e-01
1.657645466847090798e-01 4.908598510494245337e-01
1.698240866035182761e-01 4.908598510494245337e-01
1.698240866035182761e-01 4.928909952606634892e-01
1.711772665764546564e-01 4.928909952606634892e-01
1.711772665764546564e-01 4.935680433310765114e-01
1.718538565629228743e-01 4.935680433310765114e-01
1.718538565629228743e-01 4.942450914014894781e-01
1.738836265223274724e-01 4.942450914014894781e-01
1.738836265223274724e-01 4.955991875423155224e-01
1.745602165087956625e-01 4.955991875423155224e-01
1.745602165087956625e-01 4.962762356127284891e-01
1.752368064952638804e-01 4.962762356127284891e-01
1.752368064952638804e-01 4.976303317535544779e-01
1.759133964817320706e-01 4.976303317535544779e-01
1.759133964817320706e-01 5.003385240352065111e-01
1.779431664411366687e-01 5.003385240352065111e-01
1.779431664411366687e-01 5.010155721056195333e-01
1.786197564276048588e-01 5.010155721056195333e-01
1.786197564276048588e-01 5.023696682464454666e-01
1.792963464140730767e-01 5.023696682464454666e-01
1.792963464140730767e-01 5.057549085985104664e-01
1.799729364005412668e-01 5.057549085985104664e-01
1.799729364005412668e-01 5.091401489505754663e-01
1.820027063599458650e-01 5.091401489505754663e-01
1.826792963464140829e-01 5.091401489505754663e-01
1.826792963464140829e-01 5.098171970209884885e-01
1.833558863328822730e-01 5.098171970209884885e-01
1.833558863328822730e-01 5.125253893026404661e-01
1.840324763193504631e-01 5.125253893026404661e-01
1.853856562922868711e-01 5.125253893026404661e-01
1.853856562922868711e-01 5.138794854434665105e-01
1.867388362652232792e-01 5.138794854434665105e-01
1.867388362652232792e-01 5.152335815842924438e-01
1.874154262516914693e-01 5.152335815842924438e-01
1.874154262516914693e-01 5.165876777251184881e-01
1.887686062246278773e-01 5.165876777251184881e-01
1.901217861975642853e-01 5.165876777251184881e-01
1.901217861975642853e-01 5.179417738659445325e-01
1.928281461434370736e-01 5.179417738659445325e-01
1.928281461434370736e-01 5.186188219363574436e-01
1.935047361299052637e-01 5.186188219363574436e-01
1.935047361299052637e-01 5.192958700067704658e-01
1.941813261163734816e-01 5.192958700067704658e-01
1.941813261163734816e-01 5.199729180771834880e-01
1.955345060893098896e-01 5.199729180771834880e-01
1.955345060893098896e-01 5.206499661475965102e-01
1.962110960757780798e-01 5.206499661475965102e-01
1.975642760487144878e-01 5.206499661475965102e-01
1.975642760487144878e-01 5.267433987813134877e-01
1.982408660351826779e-01 5.267433987813134877e-01
1.982408660351826779e-01 5.274204468517265099e-01
1.989174560216508680e-01 5.274204468517265099e-01
2.016238159675236841e-01 5.274204468517265099e-01
2.016238159675236841e-01 5.287745429925524432e-01
2.029769959404600921e-01 5.287745429925524432e-01
2.029769959404600921e-01 5.341909275558565096e-01
2.036535859269282822e-01 5.341909275558565096e-01
2.036535859269282822e-01 5.348679756262694207e-01
2.043301759133964723e-01 5.348679756262694207e-01
2.043301759133964723e-01 5.355450236966824429e-01
2.056833558863328804e-01 5.355450236966824429e-01
2.056833558863328804e-01 5.362220717670954651e-01
2.063599458728010705e-01 5.362220717670954651e-01
2.077131258457374785e-01 5.362220717670954651e-01
2.090663058186738865e-01 5.362220717670954651e-01
2.090663058186738865e-01 5.368991198375084872e-01
2.097428958051420766e-01 5.368991198375084872e-01
2.097428958051420766e-01 5.375761679079215094e-01
2.110960757780784847e-01 5.375761679079215094e-01
2.124492557510148927e-01 5.375761679079215094e-01
2.124492557510148927e-01 5.416384563303994204e-01
2.131258457374830828e-01 5.416384563303994204e-01
2.158322056833558988e-01 5.416384563303994204e-01
2.165087956698240890e-01 5.416384563303994204e-01
2.165087956698240890e-01 5.436696005416384869e-01
2.178619756427604970e-01 5.436696005416384869e-01
2.178619756427604970e-01 5.450236966824644202e-01
2.185385656292286871e-01 5.450236966824644202e-01
2.185385656292286871e-01 5.463777928232904646e-01
2.198917456021650951e-01 5.463777928232904646e-01
2.198917456021650951e-01 5.477318889641163979e-01
2.205683355886332853e-01 5.477318889641163979e-01
2.205683355886332853e-01 5.484089370345294201e-01
2.212449255751014754e-01 5.484089370345294201e-01
2.212449255751014754e-01 5.490859851049424423e-01
2.219215155615696933e-01 5.490859851049424423e-01
2.219215155615696933e-01 5.504400812457684866e-01
2.232746955345061013e-01 5.504400812457684866e-01
2.239512855209742914e-01 5.504400812457684866e-01
2.253044654939106994e-01 5.504400812457684866e-01
2.266576454668470797e-01 5.504400812457684866e-01
2.266576454668470797e-01 5.511171293161813978e-01
2.273342354533152976e-01 5.511171293161813978e-01
2.273342354533152976e-01 5.538253215978334865e-01
2.300405953991880859e-01 5.538253215978334865e-01
2.300405953991880859e-01 5.545023696682463976e-01
2.307171853856563037e-01 5.545023696682463976e-01
2.320703653585926840e-01 5.545023696682463976e-01
2.327469553450609019e-01 5.545023696682463976e-01
2.327469553450609019e-01 5.565335138794854641e-01
2.347767253044655000e-01 5.565335138794854641e-01
2.354533152909336902e-01 5.565335138794854641e-01
2.354533152909336902e-01 5.578876100203113975e-01
2.361299052774019080e-01 5.578876100203113975e-01
2.361299052774019080e-01 5.585646580907244196e-01
2.374830852503382883e-01 5.585646580907244196e-01
2.388362652232746963e-01 5.585646580907244196e-01
2.388362652232746963e-01 5.592417061611374418e-01
2.395128552097428865e-01 5.592417061611374418e-01
2.395128552097428865e-01 5.599187542315504640e-01
2.408660351826792945e-01 5.599187542315504640e-01
2.422192151556157025e-01 5.599187542315504640e-01
2.428958051420838926e-01 5.599187542315504640e-01
2.428958051420838926e-01 5.605958023019634862e-01
2.435723951285521105e-01 5.605958023019634862e-01
2.449255751014884908e-01 5.605958023019634862e-01
2.449255751014884908e-01 5.612728503723763973e-01
2.462787550744248988e-01 5.612728503723763973e-01
2.469553450608930889e-01 5.612728503723763973e-01
2.469553450608930889e-01 5.626269465132024417e-01
2.476319350473613068e-01 5.626269465132024417e-01
2.476319350473613068e-01 5.633039945836154638e-01
2.489851150202976870e-01 5.633039945836154638e-01
2.503382949932341228e-01 5.633039945836154638e-01
2.503382949932341228e-01 5.639810426540284860e-01
2.510148849797023130e-01 5.639810426540284860e-01
2.510148849797023130e-01 5.646580907244413972e-01
2.537212449255751290e-01 5.646580907244413972e-01
2.537212449255751290e-01 5.653351387948544193e-01
2.550744248985115092e-01 5.653351387948544193e-01
2.550744248985115092e-01 5.660121868652674415e-01
2.571041948579160796e-01 5.660121868652674415e-01
2.584573748308525154e-01 5.660121868652674415e-01
2.584573748308525154e-01 5.666892349356804637e-01
2.591339648173207055e-01 5.666892349356804637e-01
2.591339648173207055e-01 5.673662830060934859e-01
2.604871447902570858e-01 5.673662830060934859e-01
2.604871447902570858e-01 5.714285714285713969e-01
2.611637347767253314e-01 5.714285714285713969e-01
2.611637347767253314e-01 5.734597156398104634e-01
2.618403247631935216e-01 5.734597156398104634e-01
2.618403247631935216e-01 5.754908598510494189e-01
2.625169147496617117e-01 5.754908598510494189e-01
2.625169147496617117e-01 5.768449559918754632e-01
2.638700947225980920e-01 5.768449559918754632e-01
2.638700947225980920e-01 5.795531482735274409e-01
2.652232746955345277e-01 5.795531482735274409e-01
2.652232746955345277e-01 5.809072444143533742e-01
2.658998646820027179e-01 5.809072444143533742e-01
2.658998646820027179e-01 5.815842924847663964e-01
2.672530446549390981e-01 5.815842924847663964e-01
2.679296346414072882e-01 5.815842924847663964e-01
2.706359945872801043e-01 5.815842924847663964e-01
2.713125845737482944e-01 5.815842924847663964e-01
2.713125845737482944e-01 5.822613405551794186e-01
2.719891745602164845e-01 5.822613405551794186e-01
2.719891745602164845e-01 5.829383886255924407e-01
2.726657645466847302e-01 5.829383886255924407e-01
2.726657645466847302e-01 5.849695328368313962e-01
2.760487144790257363e-01 5.849695328368313962e-01
2.760487144790257363e-01 5.856465809072444184e-01
2.774018944519621166e-01 5.856465809072444184e-01
2.774018944519621166e-01 5.863236289776574406e-01
2.780784844384303067e-01 5.863236289776574406e-01
2.780784844384303067e-01 5.870006770480704628e-01
2.787550744248984969e-01 5.870006770480704628e-01
2.787550744248984969e-01 5.876777251184833739e-01
2.801082543978349326e-01 5.876777251184833739e-01
2.828146143437076931e-01 5.876777251184833739e-01
2.828146143437076931e-01 5.883547731888963961e-01
2.841677943166441289e-01 5.883547731888963961e-01
2.841677943166441289e-01 5.890318212593094183e-01
2.848443843031123190e-01 5.890318212593094183e-01
2.848443843031123190e-01 5.897088693297224404e-01
2.875507442489851351e-01 5.897088693297224404e-01
2.875507442489851351e-01 5.903859174001354626e-01
2.882273342354533252e-01 5.903859174001354626e-01
2.882273342354533252e-01 5.924170616113744181e-01
2.889039242219215153e-01 5.924170616113744181e-01
2.889039242219215153e-01 5.930941096817874403e-01
2.895805142083897055e-01 5.930941096817874403e-01
2.895805142083897055e-01 5.944482058226133736e-01
2.902571041948578956e-01 5.944482058226133736e-01
2.902571041948578956e-01 5.964793500338524401e-01
2.909336941813261412e-01 5.964793500338524401e-01
2.909336941813261412e-01 5.971563981042653513e-01
2.916102841677943314e-01 5.971563981042653513e-01
2.929634641407307116e-01 5.971563981042653513e-01
2.929634641407307116e-01 5.978334461746783735e-01
2.949932341001353375e-01 5.978334461746783735e-01
2.963464140730717178e-01 5.978334461746783735e-01
2.963464140730717178e-01 5.985104942450913956e-01
2.976995940460080980e-01 5.985104942450913956e-01
2.976995940460080980e-01 5.998645903859174400e-01
2.990527740189445338e-01 5.998645903859174400e-01
2.997293640054127239e-01 5.998645903859174400e-01
2.997293640054127239e-01 6.005416384563303511e-01
3.004059539918809141e-01 6.005416384563303511e-01
3.004059539918809141e-01 6.032498307379824398e-01
3.017591339648172943e-01 6.032498307379824398e-01
3.017591339648172943e-01 6.039268788083953510e-01
3.044654939106901104e-01 6.039268788083953510e-01
3.051420838971583005e-01 6.039268788083953510e-01
3.051420838971583005e-01 6.079891672308733730e-01
3.058186738836265461e-01 6.079891672308733730e-01
3.071718538565629264e-01 6.079891672308733730e-01
3.071718538565629264e-01 6.086662153012863952e-01
3.078484438430311165e-01 6.086662153012863952e-01
3.078484438430311165e-01 6.093432633716994173e-01
3.098782138024357424e-01 6.093432633716994173e-01
3.098782138024357424e-01 6.100203114421124395e-01
3.112313937753721227e-01 6.100203114421124395e-01
3.112313937753721227e-01 6.106973595125253507e-01
3.132611637347767486e-01 6.106973595125253507e-01
3.132611637347767486e-01 6.113744075829383728e-01
3.152909336941813190e-01 6.113744075829383728e-01
3.152909336941813190e-01 6.120514556533513950e-01
3.159675236806495091e-01 6.120514556533513950e-01
3.159675236806495091e-01 6.127285037237644172e-01
3.173207036535859449e-01 6.127285037237644172e-01
3.173207036535859449e-01 6.140825998645903505e-01
3.179972936400541350e-01 6.140825998645903505e-01
3.193504736129905153e-01 6.140825998645903505e-01
3.207036535859269510e-01 6.140825998645903505e-01
3.207036535859269510e-01 6.154366960054163949e-01
3.213802435723951412e-01 6.154366960054163949e-01
3.213802435723951412e-01 6.161137440758294170e-01
3.220568335588633313e-01 6.161137440758294170e-01
3.220568335588633313e-01 6.167907921462423282e-01
3.227334235453315214e-01 6.167907921462423282e-01
3.227334235453315214e-01 6.181448882870683725e-01
3.234100135317997116e-01 6.181448882870683725e-01
3.234100135317997116e-01 6.188219363574813947e-01
3.247631935047361473e-01 6.188219363574813947e-01
3.247631935047361473e-01 6.201760324983073280e-01
3.261163734776725276e-01 6.201760324983073280e-01
3.261163734776725276e-01 6.208530805687203502e-01
3.267929634641407177e-01 6.208530805687203502e-01
3.281461434370771535e-01 6.208530805687203502e-01
3.322056833558863498e-01 6.208530805687203502e-01
3.335588633288227300e-01 6.208530805687203502e-01
3.335588633288227300e-01 6.228842247799594167e-01
3.349120433017591103e-01 6.228842247799594167e-01
3.369418132611637362e-01 6.228842247799594167e-01
3.369418132611637362e-01 6.235612728503723279e-01
3.382949932341001165e-01 6.235612728503723279e-01
3.389715832205683621e-01 6.235612728503723279e-01
3.389715832205683621e-01 6.242383209207853501e-01
3.396481732070365522e-01 6.242383209207853501e-01
3.396481732070365522e-01 6.262694651320244166e-01
3.403247631935047424e-01 6.262694651320244166e-01
3.403247631935047424e-01 6.269465132024373277e-01
3.410013531799729325e-01 6.269465132024373277e-01
3.423545331529093128e-01 6.269465132024373277e-01
3.423545331529093128e-01 6.276235612728503499e-01
3.437077131258457485e-01 6.276235612728503499e-01
3.437077131258457485e-01 6.283006093432633721e-01
3.464140730717185646e-01 6.283006093432633721e-01
3.464140730717185646e-01 6.323628977657413941e-01
3.470906630581867547e-01 6.323628977657413941e-01
3.470906630581867547e-01 6.337169939065673274e-01
3.484438430311231349e-01 6.337169939065673274e-01
3.491204330175913251e-01 6.337169939065673274e-01
3.504736129905277608e-01 6.337169939065673274e-01
3.504736129905277608e-01 6.343940419769803496e-01
3.511502029769959510e-01 6.343940419769803496e-01
3.511502029769959510e-01 6.364251861882194161e-01
3.518267929634641411e-01 6.364251861882194161e-01
3.531799729364005214e-01 6.364251861882194161e-01
3.558863328822733374e-01 6.364251861882194161e-01
3.572395128552097177e-01 6.364251861882194161e-01
3.572395128552097177e-01 6.371022342586323273e-01
3.579161028416779633e-01 6.371022342586323273e-01
3.579161028416779633e-01 6.391333784698713938e-01
3.606224627875507238e-01 6.391333784698713938e-01
3.606224627875507238e-01 6.404874746106973271e-01
3.626522327469553497e-01 6.404874746106973271e-01
3.626522327469553497e-01 6.411645226811103493e-01
3.640054127198917300e-01 6.411645226811103493e-01
3.646820027063599201e-01 6.411645226811103493e-01
3.646820027063599201e-01 6.425186188219363936e-01
3.667117726657645460e-01 6.425186188219363936e-01
3.673883626522327361e-01 6.425186188219363936e-01
3.673883626522327361e-01 6.431956668923493048e-01
3.687415426251691719e-01 6.431956668923493048e-01
3.687415426251691719e-01 6.459038591740013935e-01
3.700947225981055522e-01 6.459038591740013935e-01
3.700947225981055522e-01 6.472579553148273268e-01
3.707713125845737423e-01 6.472579553148273268e-01
3.707713125845737423e-01 6.486120514556533712e-01
3.721244925575101226e-01 6.486120514556533712e-01
3.755074424898511287e-01 6.486120514556533712e-01
3.755074424898511287e-01 6.499661475964793045e-01
3.761840324763193744e-01 6.499661475964793045e-01
3.761840324763193744e-01 6.519972918077183710e-01
3.782138024357239448e-01 6.519972918077183710e-01
3.782138024357239448e-01 6.526743398781313932e-01
3.795669824086603250e-01 6.526743398781313932e-01
3.795669824086603250e-01 6.533513879485443043e-01
3.809201623815967608e-01 6.533513879485443043e-01
3.809201623815967608e-01 6.540284360189573265e-01
3.815967523680649509e-01 6.540284360189573265e-01
3.815967523680649509e-01 6.553825321597833709e-01
3.829499323410013312e-01 6.553825321597833709e-01
3.829499323410013312e-01 6.560595802301963930e-01
3.836265223274695768e-01 6.560595802301963930e-01
3.836265223274695768e-01 6.574136763710223264e-01
3.843031123139377669e-01 6.574136763710223264e-01
3.843031123139377669e-01 6.580907244414353485e-01
3.856562922868741472e-01 6.580907244414353485e-01
3.863328822733423373e-01 6.580907244414353485e-01
3.863328822733423373e-01 6.587677725118483707e-01
3.870094722598105275e-01 6.587677725118483707e-01
3.870094722598105275e-01 6.601218686526743040e-01
3.890392422192151534e-01 6.601218686526743040e-01
3.897158322056833435e-01 6.601218686526743040e-01
3.897158322056833435e-01 6.607989167230873262e-01
3.903924221921515336e-01 6.607989167230873262e-01
3.903924221921515336e-01 6.621530128639133705e-01
3.910690121786197793e-01 6.621530128639133705e-01
3.924221921515561595e-01 6.621530128639133705e-01
3.937753721244925398e-01 6.621530128639133705e-01
3.937753721244925398e-01 6.628300609343262817e-01
3.944519621109607854e-01 6.628300609343262817e-01
3.944519621109607854e-01 6.635071090047393039e-01
3.964817320703653558e-01 6.635071090047393039e-01
3.964817320703653558e-01 6.682464454976303481e-01
3.971583220568335459e-01 6.682464454976303481e-01
3.971583220568335459e-01 6.689234935680433702e-01
3.985115020297699817e-01 6.689234935680433702e-01
3.985115020297699817e-01 6.696005416384562814e-01
3.991880920162381718e-01 6.696005416384562814e-01
3.991880920162381718e-01 6.702775897088693036e-01
3.998646820027063620e-01 6.702775897088693036e-01
3.998646820027063620e-01 6.716316858496953479e-01
4.005412719891745521e-01 6.716316858496953479e-01
4.005412719891745521e-01 6.723087339201083701e-01
4.012178619756427422e-01 6.723087339201083701e-01
4.012178619756427422e-01 6.736628300609343034e-01
4.018944519621109879e-01 6.736628300609343034e-01
4.018944519621109879e-01 6.750169262017603478e-01
4.025710419485791780e-01 6.750169262017603478e-01
4.025710419485791780e-01 6.770480704129993033e-01
4.032476319350473681e-01 6.770480704129993033e-01
4.032476319350473681e-01 6.777251184834123254e-01
4.052774018944519385e-01 6.777251184834123254e-01
4.066305818673883743e-01 6.777251184834123254e-01
4.073071718538565644e-01 6.777251184834123254e-01
4.073071718538565644e-01 6.797562626946512809e-01
4.086603518267929447e-01 6.797562626946512809e-01
4.086603518267929447e-01 6.804333107650643031e-01
4.100135317997293805e-01 6.804333107650643031e-01
4.100135317997293805e-01 6.811103588354773253e-01
4.106901217861975706e-01 6.811103588354773253e-01
4.106901217861975706e-01 6.824644549763033696e-01
4.120433017591339508e-01 6.824644549763033696e-01
4.127198917456021410e-01 6.824644549763033696e-01
4.127198917456021410e-01 6.831415030467162808e-01
4.147496617050067669e-01 6.831415030467162808e-01
4.147496617050067669e-01 6.838185511171293030e-01
4.154262516914749570e-01 6.838185511171293030e-01
4.154262516914749570e-01 6.844955991875423251e-01
4.161028416779431471e-01 6.844955991875423251e-01
4.161028416779431471e-01 6.851726472579553473e-01
4.181326116373477730e-01 6.851726472579553473e-01
4.181326116373477730e-01 6.858496953283683695e-01
4.188092016238159632e-01 6.858496953283683695e-01
4.188092016238159632e-01 6.865267433987812806e-01
4.208389715832205891e-01 6.865267433987812806e-01
4.208389715832205891e-01 6.878808395396073250e-01
4.228687415426251595e-01 6.878808395396073250e-01
4.228687415426251595e-01 6.912660798916723248e-01
4.235453315290933496e-01 6.912660798916723248e-01
4.235453315290933496e-01 6.939742721733243025e-01
4.255751014884979755e-01 6.939742721733243025e-01
4.255751014884979755e-01 6.960054163845632580e-01
4.269282814614343557e-01 6.960054163845632580e-01
4.276048714479025459e-01 6.960054163845632580e-01
4.276048714479025459e-01 6.966824644549762802e-01
4.282814614343707915e-01 6.966824644549762802e-01
4.282814614343707915e-01 6.993906567366282578e-01
4.296346414073071718e-01 6.993906567366282578e-01
4.296346414073071718e-01 7.000677048070412800e-01
4.303112313937753619e-01 7.000677048070412800e-01
4.316644113667117977e-01 7.000677048070412800e-01
4.323410013531799878e-01 7.000677048070412800e-01
4.323410013531799878e-01 7.007447528774543022e-01
4.330175913396481779e-01 7.007447528774543022e-01
4.330175913396481779e-01 7.020988490182803465e-01
4.343707713125845582e-01 7.020988490182803465e-01
4.343707713125845582e-01 7.027758970886932577e-01
4.357239512855209940e-01 7.027758970886932577e-01
4.357239512855209940e-01 7.034529451591062799e-01
4.370771312584573742e-01 7.034529451591062799e-01
4.377537212449255644e-01 7.034529451591062799e-01
4.377537212449255644e-01 7.041299932295193020e-01
4.384303112313937545e-01 7.041299932295193020e-01
4.384303112313937545e-01 7.048070412999323242e-01
4.397834912043301903e-01 7.048070412999323242e-01
4.397834912043301903e-01 7.054840893703453464e-01
4.404600811907983804e-01 7.054840893703453464e-01
4.404600811907983804e-01 7.061611374407582575e-01
4.411366711772665705e-01 7.061611374407582575e-01
4.411366711772665705e-01 7.068381855111712797e-01
4.431664411366711964e-01 7.068381855111712797e-01
4.431664411366711964e-01 7.081922816519973241e-01
4.458728010825439569e-01 7.081922816519973241e-01
4.458728010825439569e-01 7.088693297224103462e-01
4.472259810554803927e-01 7.088693297224103462e-01
4.472259810554803927e-01 7.109004739336493017e-01
4.485791610284167730e-01 7.109004739336493017e-01
4.485791610284167730e-01 7.122545700744752351e-01
4.492557510148849631e-01 7.122545700744752351e-01
4.492557510148849631e-01 7.136086662153012794e-01
4.506089309878213989e-01 7.136086662153012794e-01
4.506089309878213989e-01 7.142857142857143016e-01
4.519621109607577791e-01 7.142857142857143016e-01
4.519621109607577791e-01 7.156398104265402349e-01
4.526387009472259693e-01 7.156398104265402349e-01
4.526387009472259693e-01 7.163168584969532571e-01
4.539918809201624050e-01 7.163168584969532571e-01
4.553450608930987853e-01 7.163168584969532571e-01
4.566982408660351656e-01 7.163168584969532571e-01
4.566982408660351656e-01 7.169939065673662792e-01
4.573748308525033557e-01 7.169939065673662792e-01
4.594046008119079816e-01 7.169939065673662792e-01
4.594046008119079816e-01 7.176709546377793014e-01
4.600811907983761717e-01 7.176709546377793014e-01
4.627875507442489877e-01 7.176709546377793014e-01
4.627875507442489877e-01 7.190250507786052347e-01
4.634641407307171779e-01 7.190250507786052347e-01
4.634641407307171779e-01 7.197020988490182569e-01
4.641407307171853680e-01 7.197020988490182569e-01
4.641407307171853680e-01 7.203791469194312791e-01
4.648173207036536136e-01 7.203791469194312791e-01
4.648173207036536136e-01 7.210561949898443013e-01
4.661705006765899939e-01 7.210561949898443013e-01
4.688768606224628099e-01 7.210561949898443013e-01
4.688768606224628099e-01 7.237643872714962789e-01
4.709066305818673803e-01 7.237643872714962789e-01
4.722598105548038161e-01 7.237643872714962789e-01
4.722598105548038161e-01 7.244414353419093011e-01
4.729364005412720062e-01 7.244414353419093011e-01
4.729364005412720062e-01 7.257955314827352344e-01
4.742895805142083865e-01 7.257955314827352344e-01
4.756427604871447667e-01 7.257955314827352344e-01
4.756427604871447667e-01 7.291807718348002343e-01
4.763193504736130124e-01 7.291807718348002343e-01
4.763193504736130124e-01 7.298578199052132565e-01
4.769959404600812025e-01 7.298578199052132565e-01
4.769959404600812025e-01 7.305348679756262786e-01
4.776725304465493926e-01 7.305348679756262786e-01
4.776725304465493926e-01 7.312119160460393008e-01
4.783491204330175828e-01 7.312119160460393008e-01
4.783491204330175828e-01 7.325660121868652341e-01
4.790257104194857729e-01 7.325660121868652341e-01
4.803788903924222087e-01 7.325660121868652341e-01
4.803788903924222087e-01 7.332430602572782563e-01
4.817320703653585889e-01 7.332430602572782563e-01
4.817320703653585889e-01 7.345971563981043007e-01
4.844384303112314050e-01 7.345971563981043007e-01
4.844384303112314050e-01 7.352742044685172118e-01
4.851150202976995951e-01 7.352742044685172118e-01
4.851150202976995951e-01 7.359512525389302340e-01
4.871447902571042210e-01 7.359512525389302340e-01
4.878213802435724111e-01 7.359512525389302340e-01
4.878213802435724111e-01 7.373053486797562783e-01
4.898511502029769815e-01 7.373053486797562783e-01
4.898511502029769815e-01 7.386594448205822117e-01
4.905277401894451716e-01 7.386594448205822117e-01
4.918809201623816074e-01 7.386594448205822117e-01
4.945872801082544234e-01 7.386594448205822117e-01
4.945872801082544234e-01 7.393364928909952338e-01
4.952638700947226136e-01 7.393364928909952338e-01
4.952638700947226136e-01 7.406905890318212782e-01
4.959404600811908037e-01 7.406905890318212782e-01
4.959404600811908037e-01 7.413676371022343004e-01
4.966170500676589938e-01 7.413676371022343004e-01
4.966170500676589938e-01 7.427217332430602337e-01
5.000000000000000000e-01 7.427217332430602337e-01
5.000000000000000000e-01 7.440758293838862780e-01
5.013531799729363803e-01 7.440758293838862780e-01
5.054127198917456321e-01 7.440758293838862780e-01
5.054127198917456321e-01 7.454299255247122113e-01
5.060893098782137667e-01 7.454299255247122113e-01
5.060893098782137667e-01 7.467840216655382557e-01
5.074424898511502580e-01 7.467840216655382557e-01
5.074424898511502580e-01 7.515233581584292999e-01
5.087956698240866382e-01 7.515233581584292999e-01
5.101488497970230185e-01 7.515233581584292999e-01
5.101488497970230185e-01 7.528774542992552332e-01
5.115020297699593987e-01 7.528774542992552332e-01
5.115020297699593987e-01 7.535545023696682554e-01
5.121786197564276444e-01 7.535545023696682554e-01
5.121786197564276444e-01 7.542315504400812776e-01
5.142083897158321593e-01 7.542315504400812776e-01
5.142083897158321593e-01 7.549085985104942997e-01
5.148849797023004049e-01 7.549085985104942997e-01
5.162381596752367852e-01 7.549085985104942997e-01
5.169147496617050308e-01 7.549085985104942997e-01
5.182679296346414111e-01 7.549085985104942997e-01
5.189445196211096567e-01 7.549085985104942997e-01
5.189445196211096567e-01 7.576167907921462774e-01
5.202976995940460370e-01 7.576167907921462774e-01
5.223274695534506629e-01 7.576167907921462774e-01
5.236806495263870431e-01 7.576167907921462774e-01
5.236806495263870431e-01 7.582938388625591886e-01
5.257104194857915580e-01 7.582938388625591886e-01
5.263870094722598036e-01 7.582938388625591886e-01
5.263870094722598036e-01 7.589708869329722107e-01
5.277401894451961839e-01 7.589708869329722107e-01
5.277401894451961839e-01 7.603249830737982551e-01
5.290933694181325642e-01 7.603249830737982551e-01
5.290933694181325642e-01 7.610020311442112773e-01
5.331529093369418160e-01 7.610020311442112773e-01
5.331529093369418160e-01 7.623561272850372106e-01
5.338294993234100616e-01 7.623561272850372106e-01
5.338294993234100616e-01 7.630331753554502328e-01
5.351826792963464419e-01 7.630331753554502328e-01
5.351826792963464419e-01 7.637102234258632549e-01
5.378890392422192024e-01 7.637102234258632549e-01
5.392422192151555826e-01 7.637102234258632549e-01
5.426251691474965888e-01 7.637102234258632549e-01
5.426251691474965888e-01 7.643872714962762771e-01
5.439783491204329691e-01 7.643872714962762771e-01
5.453315290933694603e-01 7.643872714962762771e-01
5.466847090663058406e-01 7.643872714962762771e-01
5.480378890392422209e-01 7.643872714962762771e-01
5.500676589986468468e-01 7.643872714962762771e-01
5.500676589986468468e-01 7.657413676371022104e-01
5.507442489851149814e-01 7.657413676371022104e-01
5.507442489851149814e-01 7.664184157075152326e-01
5.514208389715832270e-01 7.664184157075152326e-01
5.514208389715832270e-01 7.670954637779282548e-01
5.520974289580514727e-01 7.670954637779282548e-01
5.520974289580514727e-01 7.677725118483412770e-01
5.527740189445196073e-01 7.677725118483412770e-01
5.527740189445196073e-01 7.684495599187541881e-01
5.534506089309878529e-01 7.684495599187541881e-01
5.534506089309878529e-01 7.691266079891672103e-01
5.548037889039242332e-01 7.691266079891672103e-01
5.554803788903923678e-01 7.691266079891672103e-01
5.554803788903923678e-01 7.698036560595802325e-01
5.568335588633288591e-01 7.698036560595802325e-01
5.568335588633288591e-01 7.738659444820582545e-01
5.575101488497969937e-01 7.738659444820582545e-01
5.575101488497969937e-01 7.745429925524712766e-01
5.595399188092016196e-01 7.745429925524712766e-01
5.595399188092016196e-01 7.758970886932972100e-01
5.602165087956698653e-01 7.758970886932972100e-01
5.615696887686062455e-01 7.758970886932972100e-01
5.615696887686062455e-01 7.765741367637102321e-01
5.629228687415426258e-01 7.765741367637102321e-01
5.629228687415426258e-01 7.786052809749491876e-01
5.642760487144790060e-01 7.786052809749491876e-01
5.656292286874153863e-01 7.786052809749491876e-01
5.656292286874153863e-01 7.799593771157752320e-01
5.683355886332882578e-01 7.799593771157752320e-01
5.683355886332882578e-01 7.806364251861882542e-01
5.690121786197563925e-01 7.806364251861882542e-01
5.690121786197563925e-01 7.819905213270141875e-01
5.710419485791610184e-01 7.819905213270141875e-01
5.710419485791610184e-01 7.853757616790791873e-01
5.730717185385656443e-01 7.853757616790791873e-01
5.730717185385656443e-01 7.860528097494922095e-01
5.744248985115020245e-01 7.860528097494922095e-01
5.751014884979702702e-01 7.860528097494922095e-01
5.751014884979702702e-01 7.867298578199052317e-01
5.757780784844384048e-01 7.867298578199052317e-01
5.771312584573747850e-01 7.867298578199052317e-01
5.818673883626522825e-01 7.867298578199052317e-01
5.818673883626522825e-01 7.874069058903182539e-01
5.825439783491204171e-01 7.874069058903182539e-01
5.825439783491204171e-01 7.880839539607311650e-01
5.832205683355886627e-01 7.880839539607311650e-01
5.845737483085250430e-01 7.880839539607311650e-01
5.845737483085250430e-01 7.887610020311441872e-01
5.852503382949932886e-01 7.887610020311441872e-01
5.852503382949932886e-01 7.894380501015572094e-01
5.879566982408660492e-01 7.894380501015572094e-01
5.879566982408660492e-01 7.901150981719702315e-01
5.886332882273341838e-01 7.901150981719702315e-01
5.886332882273341838e-01 7.907921462423832537e-01
5.899864682002706751e-01 7.907921462423832537e-01
5.899864682002706751e-01 7.921462423832091870e-01
5.906630581867388097e-01 7.921462423832091870e-01
5.906630581867388097e-01 7.928232904536222092e-01
5.933694181326116812e-01 7.928232904536222092e-01
5.933694181326116812e-01 7.968855788761002312e-01
5.947225981055480615e-01 7.968855788761002312e-01
5.947225981055480615e-01 7.975626269465132534e-01
5.960757780784844417e-01 7.975626269465132534e-01
5.960757780784844417e-01 7.982396750169261646e-01
5.967523680649526874e-01 7.982396750169261646e-01
5.967523680649526874e-01 7.995937711577522089e-01
5.974289580514208220e-01 7.995937711577522089e-01
5.974289580514208220e-01 8.002708192281652311e-01
5.981055480378890676e-01 8.002708192281652311e-01
5.981055480378890676e-01 8.009478672985782532e-01
5.987821380243572023e-01 8.009478672985782532e-01
5.987821380243572023e-01 8.016249153689911644e-01
5.994587280108254479e-01 8.016249153689911644e-01
5.994587280108254479e-01 8.023019634394041866e-01
6.001353179972936935e-01 8.023019634394041866e-01
6.001353179972936935e-01 8.036560595802302309e-01
6.028416779431664541e-01 8.036560595802302309e-01
6.041948579161028343e-01 8.036560595802302309e-01
6.048714479025710800e-01 8.036560595802302309e-01
6.048714479025710800e-01 8.043331076506431421e-01
6.062246278755074602e-01 8.043331076506431421e-01
6.062246278755074602e-01 8.050101557210561642e-01
6.069012178619755948e-01 8.050101557210561642e-01
6.069012178619755948e-01 8.063642518618822086e-01
6.075778078484438405e-01 8.063642518618822086e-01
6.075778078484438405e-01 8.077183480027081419e-01
6.116373477672530923e-01 8.077183480027081419e-01
6.116373477672530923e-01 8.097494922139472084e-01
6.136671177266576072e-01 8.097494922139472084e-01
6.136671177266576072e-01 8.104265402843602306e-01
6.143437077131258528e-01 8.104265402843602306e-01
6.143437077131258528e-01 8.111035883547731418e-01
6.163734776725304787e-01 8.111035883547731418e-01
6.163734776725304787e-01 8.124576844955991861e-01
6.177266576454668590e-01 8.124576844955991861e-01
6.177266576454668590e-01 8.131347325660122083e-01
6.204330175913396195e-01 8.131347325660122083e-01
6.204330175913396195e-01 8.138117806364252305e-01
6.251691474966170059e-01 8.138117806364252305e-01
6.251691474966170059e-01 8.151658767772511638e-01
6.265223274695534972e-01 8.151658767772511638e-01
6.278755074424898774e-01 8.151658767772511638e-01
6.278755074424898774e-01 8.165199729180772081e-01
6.285520974289580121e-01 8.165199729180772081e-01
6.285520974289580121e-01 8.185511171293161636e-01
6.292286874154262577e-01 8.185511171293161636e-01
6.305818673883626380e-01 8.185511171293161636e-01
6.305818673883626380e-01 8.192281651997291858e-01
6.312584573748308836e-01 8.192281651997291858e-01
6.353179972936400244e-01 8.192281651997291858e-01
6.366711772665764046e-01 8.192281651997291858e-01
6.366711772665764046e-01 8.199052132701422080e-01
6.380243572395128959e-01 8.199052132701422080e-01
6.393775372124492762e-01 8.199052132701422080e-01
6.407307171853856564e-01 8.199052132701422080e-01
6.407307171853856564e-01 8.205822613405552302e-01
6.427604871447902823e-01 8.205822613405552302e-01
6.441136671177266626e-01 8.205822613405552302e-01
6.454668470906630429e-01 8.205822613405552302e-01
6.454668470906630429e-01 8.219363574813811635e-01
6.461434370771312885e-01 8.219363574813811635e-01
6.461434370771312885e-01 8.239675016926202300e-01
6.481732070365359144e-01 8.239675016926202300e-01
6.481732070365359144e-01 8.246445497630331412e-01
6.495263870094722947e-01 8.246445497630331412e-01
6.495263870094722947e-01 8.259986459038591855e-01
6.502029769959404293e-01 8.259986459038591855e-01
6.502029769959404293e-01 8.287068381855111632e-01
6.522327469553450552e-01 8.287068381855111632e-01
6.522327469553450552e-01 8.293838862559241853e-01
6.529093369418133008e-01 8.293838862559241853e-01
6.529093369418133008e-01 8.307379823967501187e-01
6.542625169147496811e-01 8.307379823967501187e-01
6.542625169147496811e-01 8.314150304671631408e-01
6.556156968876860613e-01 8.314150304671631408e-01
6.556156968876860613e-01 8.320920785375761630e-01
6.603518267929634478e-01 8.320920785375761630e-01
6.603518267929634478e-01 8.334461746784022074e-01
6.610284167794316934e-01 8.334461746784022074e-01
6.610284167794316934e-01 8.341232227488151185e-01
6.617050067658998280e-01 8.341232227488151185e-01
6.617050067658998280e-01 8.348002708192281407e-01
6.630581867388363193e-01 8.348002708192281407e-01
6.630581867388363193e-01 8.361543669600541850e-01
6.637347767253044539e-01 8.361543669600541850e-01
6.637347767253044539e-01 8.368314150304672072e-01
6.677943166441137057e-01 8.368314150304672072e-01
6.677943166441137057e-01 8.381855111712931405e-01
6.691474966170500860e-01 8.381855111712931405e-01
6.691474966170500860e-01 8.395396073121191849e-01
6.698240866035182206e-01 8.395396073121191849e-01
6.698240866035182206e-01 8.402166553825322071e-01
6.711772665764547119e-01 8.402166553825322071e-01
6.718538565629228465e-01 8.402166553825322071e-01
6.732070365358592268e-01 8.402166553825322071e-01
6.738836265223274724e-01 8.402166553825322071e-01
6.738836265223274724e-01 8.408937034529451182e-01
6.745602165087957180e-01 8.408937034529451182e-01
6.745602165087957180e-01 8.422477995937711626e-01
6.752368064952638527e-01 8.422477995937711626e-01
6.752368064952638527e-01 8.429248476641841847e-01
6.759133964817320983e-01 8.429248476641841847e-01
6.759133964817320983e-01 8.436018957345972069e-01
6.765899864682002329e-01 8.436018957345972069e-01
6.765899864682002329e-01 8.449559918754231402e-01
6.779431664411367242e-01 8.449559918754231402e-01
6.779431664411367242e-01 8.469871360866622068e-01
6.792963464140731045e-01 8.469871360866622068e-01
6.799729364005412391e-01 8.469871360866622068e-01
6.799729364005412391e-01 8.476641841570751179e-01
6.820027063599458650e-01 8.476641841570751179e-01
6.820027063599458650e-01 8.490182802979011623e-01
6.826792963464141106e-01 8.490182802979011623e-01
6.826792963464141106e-01 8.496953283683141844e-01
6.840324763193504909e-01 8.496953283683141844e-01
6.860622462787551168e-01 8.496953283683141844e-01
6.860622462787551168e-01 8.503723764387270956e-01
6.874154262516914971e-01 8.503723764387270956e-01
6.874154262516914971e-01 8.510494245091401178e-01
6.901217861975642576e-01 8.510494245091401178e-01
6.901217861975642576e-01 8.517264725795531399e-01
6.907983761840325032e-01 8.517264725795531399e-01
6.921515561569688835e-01 8.517264725795531399e-01
6.921515561569688835e-01 8.524035206499661621e-01
6.928281461434371291e-01 8.524035206499661621e-01
6.928281461434371291e-01 8.537576167907920954e-01
6.955345060893098896e-01 8.537576167907920954e-01
6.955345060893098896e-01 8.551117129316181398e-01
6.968876860622462699e-01 8.551117129316181398e-01
6.982408660351826502e-01 8.551117129316181398e-01
6.989174560216508958e-01 8.551117129316181398e-01
6.989174560216508958e-01 8.564658090724441841e-01
6.995940460081190304e-01 8.564658090724441841e-01
6.995940460081190304e-01 8.571428571428570953e-01
7.002706359945872761e-01 8.571428571428570953e-01
7.016238159675236563e-01 8.571428571428570953e-01
7.016238159675236563e-01 8.591740013540961618e-01
7.023004059539919020e-01 8.591740013540961618e-01
7.036535859269282822e-01 8.591740013540961618e-01
7.043301759133965279e-01 8.591740013540961618e-01
7.043301759133965279e-01 8.598510494245091840e-01
7.070365358592692884e-01 8.598510494245091840e-01
7.070365358592692884e-01 8.618821936357481395e-01
7.090663058186739143e-01 8.618821936357481395e-01
7.090663058186739143e-01 8.632362897765741838e-01
7.124492557510149204e-01 8.632362897765741838e-01
7.144790257104194353e-01 8.632362897765741838e-01
7.171853856562923069e-01 8.632362897765741838e-01
7.178619756427604415e-01 8.632362897765741838e-01
7.178619756427604415e-01 8.639133378469870950e-01
7.185385656292286871e-01 8.639133378469870950e-01
7.185385656292286871e-01 8.645903859174001171e-01
7.192151556156969328e-01 8.645903859174001171e-01
7.192151556156969328e-01 8.666215301286391837e-01
7.198917456021650674e-01 8.666215301286391837e-01
7.198917456021650674e-01 8.679756262694651170e-01
7.219215155615696933e-01 8.679756262694651170e-01
7.219215155615696933e-01 8.686526743398781392e-01
7.225981055480379389e-01 8.686526743398781392e-01
7.225981055480379389e-01 8.706838185511170947e-01
7.253044654939106994e-01 8.706838185511170947e-01
7.253044654939106994e-01 8.713608666215301168e-01
7.259810554803789451e-01 8.713608666215301168e-01
7.259810554803789451e-01 8.727149627623561612e-01
7.266576454668470797e-01 8.727149627623561612e-01
7.266576454668470797e-01 8.733920108327690723e-01
7.273342354533153253e-01 8.733920108327690723e-01
7.273342354533153253e-01 8.754231550440081389e-01
7.286874154262517056e-01 8.754231550440081389e-01
7.286874154262517056e-01 8.774542992552470944e-01
7.293640054127198402e-01 8.774542992552470944e-01
7.293640054127198402e-01 8.781313473256601165e-01
7.300405953991880859e-01 8.781313473256601165e-01
7.300405953991880859e-01 8.788083953960731387e-01
7.307171853856563315e-01 8.788083953960731387e-01
7.307171853856563315e-01 8.794854434664861609e-01
7.313937753721244661e-01 8.794854434664861609e-01
7.313937753721244661e-01 8.801624915368990720e-01
7.341001353179973377e-01 8.801624915368990720e-01
7.341001353179973377e-01 8.815165876777251164e-01
7.354533152909337179e-01 8.815165876777251164e-01
7.368064952638700982e-01 8.815165876777251164e-01
7.374830852503383438e-01 8.815165876777251164e-01
7.374830852503383438e-01 8.821936357481381386e-01
7.381596752368064784e-01 8.821936357481381386e-01
7.381596752368064784e-01 8.828706838185511607e-01
7.395128552097428587e-01 8.828706838185511607e-01
7.395128552097428587e-01 8.835477318889640719e-01
7.415426251691474846e-01 8.835477318889640719e-01
7.428958051420838649e-01 8.835477318889640719e-01
7.435723951285521105e-01 8.835477318889640719e-01
7.435723951285521105e-01 8.855788761002031384e-01
7.456021650879567364e-01 8.855788761002031384e-01
7.456021650879567364e-01 8.862559241706161606e-01
7.489851150202977426e-01 8.862559241706161606e-01
7.489851150202977426e-01 8.869329722410290717e-01
7.496617050067658772e-01 8.869329722410290717e-01
7.496617050067658772e-01 8.876100203114420939e-01
7.503382949932341228e-01 8.876100203114420939e-01
7.503382949932341228e-01 8.889641164522681382e-01
7.516914749661705031e-01 8.889641164522681382e-01
7.523680649526387487e-01 8.889641164522681382e-01
7.523680649526387487e-01 8.903182125930940716e-01
7.537212449255751290e-01 8.903182125930940716e-01
7.537212449255751290e-01 8.916723087339201159e-01
7.543978349120432636e-01 8.916723087339201159e-01
7.543978349120432636e-01 8.930264048747461603e-01
7.564276048714478895e-01 8.930264048747461603e-01
7.564276048714478895e-01 8.937034529451590714e-01
7.571041948579161351e-01 8.937034529451590714e-01
7.584573748308525154e-01 8.937034529451590714e-01
7.591339648173206500e-01 8.937034529451590714e-01
7.591339648173206500e-01 8.950575490859851158e-01
7.598105548037888957e-01 8.950575490859851158e-01
7.598105548037888957e-01 8.970886932972240713e-01
7.604871447902571413e-01 8.970886932972240713e-01
7.604871447902571413e-01 8.977657413676370934e-01
7.645466847090662821e-01 8.977657413676370934e-01
7.645466847090662821e-01 9.004739336492890711e-01
7.652232746955345277e-01 9.004739336492890711e-01
7.652232746955345277e-01 9.011509817197020933e-01
7.658998646820026623e-01 9.011509817197020933e-01
7.658998646820026623e-01 9.018280297901151155e-01
7.672530446549391536e-01 9.018280297901151155e-01
7.672530446549391536e-01 9.031821259309410488e-01
7.679296346414072882e-01 9.031821259309410488e-01
7.679296346414072882e-01 9.038591740013540710e-01
7.692828146143436685e-01 9.038591740013540710e-01
7.692828146143436685e-01 9.045362220717670931e-01
7.706359945872801598e-01 9.045362220717670931e-01
7.719891745602165400e-01 9.045362220717670931e-01
7.719891745602165400e-01 9.058903182125931375e-01
7.740189445196210549e-01 9.058903182125931375e-01
7.740189445196210549e-01 9.065673662830060486e-01
7.767253044654939265e-01 9.065673662830060486e-01
7.780784844384303067e-01 9.065673662830060486e-01
7.780784844384303067e-01 9.072444143534190708e-01
7.794316644113666870e-01 9.072444143534190708e-01
7.794316644113666870e-01 9.085985104942451152e-01
7.807848443843030672e-01 9.085985104942451152e-01
7.807848443843030672e-01 9.092755585646581373e-01
7.821380243572395585e-01 9.092755585646581373e-01
7.821380243572395585e-01 9.099526066350710485e-01
7.834912043301759388e-01 9.099526066350710485e-01
7.834912043301759388e-01 9.106296547054840707e-01
7.855209742895805647e-01 9.106296547054840707e-01
7.855209742895805647e-01 9.126607989167231372e-01
7.868741542625169449e-01 9.126607989167231372e-01
7.875507442489850796e-01 9.126607989167231372e-01
7.889039242219215708e-01 9.126607989167231372e-01
7.895805142083897055e-01 9.126607989167231372e-01
7.895805142083897055e-01 9.133378469871360483e-01
7.902571041948579511e-01 9.133378469871360483e-01
7.902571041948579511e-01 9.140148950575490705e-01
7.916102841677943314e-01 9.140148950575490705e-01
7.916102841677943314e-01 9.146919431279620927e-01
7.936400541271989573e-01 9.146919431279620927e-01
7.936400541271989573e-01 9.167230873392010482e-01
7.949932341001353375e-01 9.167230873392010482e-01
7.963464140730717178e-01 9.167230873392010482e-01
7.963464140730717178e-01 9.180771834800270925e-01
7.976995940460080980e-01 9.180771834800270925e-01
7.976995940460080980e-01 9.207853757616790702e-01
7.997293640054127239e-01 9.207853757616790702e-01
7.997293640054127239e-01 9.228165199729180257e-01
8.010825439783491042e-01 9.228165199729180257e-01
8.024357239512854845e-01 9.228165199729180257e-01
8.037889039242219757e-01 9.228165199729180257e-01
8.037889039242219757e-01 9.248476641841570922e-01
8.058186738836264906e-01 9.248476641841570922e-01
8.058186738836264906e-01 9.255247122545701144e-01
8.064952638700947363e-01 9.255247122545701144e-01
8.064952638700947363e-01 9.262017603249830255e-01
8.085250338294993622e-01 9.262017603249830255e-01
8.085250338294993622e-01 9.268788083953960477e-01
8.112313937753721227e-01 9.268788083953960477e-01
8.112313937753721227e-01 9.275558564658090699e-01
8.132611637347767486e-01 9.275558564658090699e-01
8.146143437077131289e-01 9.275558564658090699e-01
8.159675236806495091e-01 9.275558564658090699e-01
8.159675236806495091e-01 9.282329045362220921e-01
8.186738836265223807e-01 9.282329045362220921e-01
8.186738836265223807e-01 9.289099526066351142e-01
8.207036535859268955e-01 9.289099526066351142e-01
8.207036535859268955e-01 9.295870006770480254e-01
8.220568335588632758e-01 9.295870006770480254e-01
8.220568335588632758e-01 9.302640487474610476e-01
8.234100135317997671e-01 9.302640487474610476e-01
8.234100135317997671e-01 9.316181448882870919e-01
8.247631935047361473e-01 9.316181448882870919e-01
8.247631935047361473e-01 9.322951929587001141e-01
8.254397834912042820e-01 9.322951929587001141e-01
8.254397834912042820e-01 9.329722410291130252e-01
8.281461434370771535e-01 9.329722410291130252e-01
8.281461434370771535e-01 9.356804333107651139e-01
8.294993234100135338e-01 9.356804333107651139e-01
8.294993234100135338e-01 9.370345294515910473e-01
8.308525033829499140e-01 9.370345294515910473e-01
8.308525033829499140e-01 9.383886255924170916e-01
8.315290933694181597e-01 9.383886255924170916e-01
8.315290933694181597e-01 9.390656736628301138e-01
8.328822733423545399e-01 9.390656736628301138e-01
8.328822733423545399e-01 9.397427217332430249e-01
8.349120433017591658e-01 9.397427217332430249e-01
8.362652232746955461e-01 9.397427217332430249e-01
8.362652232746955461e-01 9.404197698036560471e-01
8.376184032476319263e-01 9.404197698036560471e-01
8.376184032476319263e-01 9.410968178740690693e-01
8.382949932341001720e-01 9.410968178740690693e-01
8.382949932341001720e-01 9.417738659444820915e-01
8.396481732070365522e-01 9.417738659444820915e-01
8.396481732070365522e-01 9.438050101557210469e-01
8.410013531799729325e-01 9.438050101557210469e-01
8.410013531799729325e-01 9.458361543669600024e-01
8.443843031123139387e-01 9.458361543669600024e-01
8.443843031123139387e-01 9.465132024373730246e-01
8.457374830852503189e-01 9.465132024373730246e-01
8.457374830852503189e-01 9.471902505077860468e-01
8.470906630581866992e-01 9.471902505077860468e-01
8.484438430311231905e-01 9.471902505077860468e-01
8.484438430311231905e-01 9.478672985781990690e-01
8.497970230040595707e-01 9.478672985781990690e-01
8.497970230040595707e-01 9.485443466486120911e-01
8.525033829499323312e-01 9.485443466486120911e-01
8.525033829499323312e-01 9.492213947190250023e-01
8.538565629228687115e-01 9.492213947190250023e-01
8.545331529093369571e-01 9.492213947190250023e-01
8.558863328822733374e-01 9.492213947190250023e-01
8.565629228687415830e-01 9.492213947190250023e-01
8.565629228687415830e-01 9.498984427894380245e-01
8.585926928281460979e-01 9.498984427894380245e-01
8.606224627875507238e-01 9.498984427894380245e-01
8.619756427604871041e-01 9.498984427894380245e-01
8.640054127198917300e-01 9.498984427894380245e-01
8.640054127198917300e-01 9.505754908598510466e-01
8.667117726657646015e-01 9.505754908598510466e-01
8.667117726657646015e-01 9.512525389302640688e-01
8.673883626522327361e-01 9.512525389302640688e-01
8.673883626522327361e-01 9.526066350710900021e-01
8.707713125845737423e-01 9.526066350710900021e-01
8.707713125845737423e-01 9.532836831415030243e-01
8.728010825439783682e-01 9.532836831415030243e-01
8.728010825439783682e-01 9.539607312119160465e-01
8.741542625169147485e-01 9.539607312119160465e-01
8.755074424898511287e-01 9.539607312119160465e-01
8.782138024357240003e-01 9.539607312119160465e-01
8.782138024357240003e-01 9.566689234935680242e-01
8.788903924221921349e-01 9.566689234935680242e-01
8.788903924221921349e-01 9.580230196343940685e-01
8.802435723951285151e-01 9.580230196343940685e-01
8.815967523680650064e-01 9.580230196343940685e-01
8.856562922868741472e-01 9.580230196343940685e-01
8.870094722598105275e-01 9.580230196343940685e-01
8.883626522327469077e-01 9.580230196343940685e-01
8.883626522327469077e-01 9.587000677048070907e-01
8.897158322056833990e-01 9.587000677048070907e-01
8.910690121786197793e-01 9.587000677048070907e-01
8.910690121786197793e-01 9.600541638456330240e-01
8.917456021650879139e-01 9.600541638456330240e-01
8.917456021650879139e-01 9.607312119160460462e-01
8.930987821380244052e-01 9.607312119160460462e-01
8.930987821380244052e-01 9.614082599864590684e-01
8.937753721244925398e-01 9.614082599864590684e-01
8.937753721244925398e-01 9.620853080568720905e-01
8.958051420838971657e-01 9.620853080568720905e-01
8.958051420838971657e-01 9.627623561272850017e-01
8.971583220568335459e-01 9.627623561272850017e-01
8.971583220568335459e-01 9.634394041976980239e-01
8.978349120433017916e-01 9.634394041976980239e-01
8.978349120433017916e-01 9.641164522681110460e-01
8.991880920162381718e-01 9.641164522681110460e-01
8.991880920162381718e-01 9.647935003385240682e-01
8.998646820027063065e-01 9.647935003385240682e-01
8.998646820027063065e-01 9.654705484089369794e-01
9.005412719891745521e-01 9.654705484089369794e-01
9.005412719891745521e-01 9.681787406905890681e-01
9.012178619756427977e-01 9.681787406905890681e-01
9.012178619756427977e-01 9.688557887610019792e-01
9.018944519621109324e-01 9.688557887610019792e-01
9.018944519621109324e-01 9.695328368314150014e-01
9.025710419485791780e-01 9.695328368314150014e-01
9.039242219215155583e-01 9.695328368314150014e-01
9.039242219215155583e-01 9.702098849018280236e-01
9.066305818673883188e-01 9.702098849018280236e-01
9.066305818673883188e-01 9.708869329722410457e-01
9.093369418132611903e-01 9.708869329722410457e-01
9.100135317997293249e-01 9.708869329722410457e-01
9.100135317997293249e-01 9.715639810426540679e-01
9.106901217861975706e-01 9.715639810426540679e-01
9.106901217861975706e-01 9.722410291130669791e-01
9.120433017591339508e-01 9.722410291130669791e-01
9.147496617050067114e-01 9.722410291130669791e-01
9.147496617050067114e-01 9.729180771834800012e-01
9.154262516914749570e-01 9.729180771834800012e-01
9.154262516914749570e-01 9.742721733243060456e-01
9.174560216508795829e-01 9.742721733243060456e-01
9.174560216508795829e-01 9.749492213947190677e-01
9.181326116373477175e-01 9.749492213947190677e-01
9.181326116373477175e-01 9.763033175355450011e-01
9.188092016238159632e-01 9.763033175355450011e-01
9.188092016238159632e-01 9.769803656059580232e-01
9.201623815967523434e-01 9.769803656059580232e-01
9.215155615696887237e-01 9.769803656059580232e-01
9.235453315290933496e-01 9.769803656059580232e-01
9.235453315290933496e-01 9.783344617467840676e-01
9.248985115020297298e-01 9.783344617467840676e-01
9.248985115020297298e-01 9.790115098171969787e-01
9.269282814614343557e-01 9.790115098171969787e-01
9.269282814614343557e-01 9.796885578876100009e-01
9.282814614343707360e-01 9.796885578876100009e-01
9.309878213802436075e-01 9.796885578876100009e-01
9.309878213802436075e-01 9.810426540284360453e-01
9.316644113667117422e-01 9.810426540284360453e-01
9.316644113667117422e-01 9.817197020988490674e-01
9.336941813261163681e-01 9.817197020988490674e-01
9.336941813261163681e-01 9.830737982396750008e-01
9.364005412719891286e-01 9.830737982396750008e-01
9.377537212449256199e-01 9.830737982396750008e-01
9.377537212449256199e-01 9.837508463100880229e-01
9.391069012178620001e-01 9.837508463100880229e-01
9.411366711772666260e-01 9.837508463100880229e-01
9.411366711772666260e-01 9.844278943805010451e-01
9.424898511502030063e-01 9.844278943805010451e-01
9.424898511502030063e-01 9.857819905213269784e-01
9.445196211096076322e-01 9.857819905213269784e-01
9.445196211096076322e-01 9.864590385917400006e-01
9.458728010825440125e-01 9.864590385917400006e-01
9.458728010825440125e-01 9.878131347325660450e-01
9.472259810554803927e-01 9.878131347325660450e-01
9.485791610284167730e-01 9.878131347325660450e-01
9.506089309878213989e-01 9.878131347325660450e-01
9.506089309878213989e-01 9.884901828029789561e-01
9.526387009472260248e-01 9.884901828029789561e-01
9.539918809201624050e-01 9.884901828029789561e-01
9.566982408660351656e-01 9.884901828029789561e-01
9.594046008119080371e-01 9.884901828029789561e-01
9.614343707713125520e-01 9.884901828029789561e-01
9.627875507442489322e-01 9.884901828029789561e-01
9.648173207036535581e-01 9.884901828029789561e-01
9.661705006765899384e-01 9.884901828029789561e-01
9.675236806495264297e-01 9.884901828029789561e-01
9.675236806495264297e-01 9.891672308733919783e-01
9.682002706359945643e-01 9.891672308733919783e-01
9.695534506089309446e-01 9.891672308733919783e-01
9.736129905277401964e-01 9.891672308733919783e-01
9.736129905277401964e-01 9.898442789438050005e-01
9.749661705006765766e-01 9.898442789438050005e-01
9.749661705006765766e-01 9.905213270142180226e-01
9.756427604871448223e-01 9.905213270142180226e-01
9.756427604871448223e-01 9.925524712254569781e-01
9.769959404600812025e-01 9.925524712254569781e-01
9.783491204330175828e-01 9.925524712254569781e-01
9.783491204330175828e-01 9.939065673662830225e-01
9.810554803788903433e-01 9.939065673662830225e-01
9.824086603518268346e-01 9.939065673662830225e-01
9.824086603518268346e-01 9.945836154366960447e-01
9.830852503382949692e-01 9.945836154366960447e-01
9.851150202976995951e-01 9.945836154366960447e-01
9.851150202976995951e-01 9.952606635071089558e-01
9.864682002706359754e-01 9.952606635071089558e-01
9.864682002706359754e-01 9.959377115775219780e-01
9.871447902571042210e-01 9.959377115775219780e-01
9.871447902571042210e-01 9.972918077183480223e-01
9.891745602165088469e-01 9.972918077183480223e-01
9.905277401894452272e-01 9.972918077183480223e-01
9.905277401894452272e-01 9.979688557887610445e-01
9.918809201623816074e-01 9.979688557887610445e-01
9.918809201623816074e-01 1.000000000000000000e+00
9.925575101488497420e-01 1.000000000000000000e+00
9.939106901217862333e-01 1.000000000000000000e+00
1.000000000000000000e+00 1.000000000000000000e+00
