# auc=0.692
# acc=0.649
0.000000000000000000e+00 0.000000000000000000e+00
0.000000000000000000e+00 3.046716316858497087e-02
0.000000000000000000e+00 3.317535545023696936e-02
0.000000000000000000e+00 3.385240352064996378e-02
0.000000000000000000e+00 3.588354773188896091e-02
0.000000000000000000e+00 3.859174001354095940e-02
0.000000000000000000e+00 4.062288422477995653e-02
0.000000000000000000e+00 4.197698036560595924e-02
0.000000000000000000e+00 5.754908598510494189e-02
6.765899864682003214e-04 5.754908598510494189e-02
6.765899864682003214e-04 1.191604603926878780e-01
1.353179972936400643e-03 1.191604603926878780e-01
1.353179972936400643e-03 1.252538930264048833e-01
2.029769959404600747e-03 1.252538930264048833e-01
2.029769959404600747e-03 1.408259986459038660e-01
2.706359945872801286e-03 1.408259986459038660e-01
2.706359945872801286e-03 1.489505754908598545e-01
4.059539918809201495e-03 1.489505754908598545e-01
4.059539918809201495e-03 1.536899119837508432e-01
4.736129905277402033e-03 1.536899119837508432e-01
4.736129905277402033e-03 1.543669600541638376e-01
5.412719891745602571e-03 1.543669600541638376e-01
5.412719891745602571e-03 1.557210561949898542e-01
6.089309878213802242e-03 1.557210561949898542e-01
6.089309878213802242e-03 1.597833446174678484e-01
6.765899864682002780e-03 1.597833446174678484e-01
6.765899864682002780e-03 1.604603926878808429e-01
7.442489851150203319e-03 1.604603926878808429e-01
7.442489851150203319e-03 1.618144888287068317e-01
8.119079837618402989e-03 1.618144888287068317e-01
8.119079837618402989e-03 1.624915368991198261e-01
8.795669824086603528e-03 1.624915368991198261e-01
8.795669824086603528e-03 1.638456330399458427e-01
9.472259810554804066e-03 1.638456330399458427e-01
9.472259810554804066e-03 1.658767772511848260e-01
1.014884979702300460e-02 1.658767772511848260e-01
1.014884979702300460e-02 1.740013540961408145e-01
1.082543978349120514e-02 1.740013540961408145e-01
1.082543978349120514e-02 1.800947867298578198e-01
1.150202976995940395e-02 1.800947867298578198e-01
1.150202976995940395e-02 1.855111712931618029e-01
1.217861975642760448e-02 1.855111712931618029e-01
1.217861975642760448e-02 1.929587000677047970e-01
1.285520974289580502e-02 1.929587000677047970e-01
1.285520974289580502e-02 1.990521327014218023e-01
1.420838971583220610e-02 1.990521327014218023e-01
1.420838971583220610e-02 2.071767095463777908e-01
1.488497970230040664e-02 2.071767095463777908e-01
1.488497970230040664e-02 2.092078537576168018e-01
1.623815967523680598e-02 2.092078537576168018e-01
1.623815967523680598e-02 2.153012863913337793e-01
1.691474966170500652e-02 2.153012863913337793e-01
1.691474966170500652e-02 2.180094786729857848e-01
1.826792963464140759e-02 2.180094786729857848e-01
1.826792963464140759e-02 2.301963439404197675e-01
1.962110960757780867e-02 2.301963439404197675e-01
1.962110960757780867e-02 2.322274881516587786e-01
2.029769959404600921e-02 2.322274881516587786e-01
2.029769959404600921e-02 2.329045362220717730e-01
2.097428958051420975e-02 2.329045362220717730e-01
2.097428958051420975e-02 2.335815842924847674e-01
2.165087956698241028e-02 2.335815842924847674e-01
2.165087956698241028e-02 2.342586323628977618e-01
2.232746955345060735e-02 2.342586323628977618e-01
2.232746955345060735e-02 2.349356804333107562e-01
2.368064952638700843e-02 2.349356804333107562e-01
2.368064952638700843e-02 2.362897765741367728e-01
2.435723951285520897e-02 2.362897765741367728e-01
2.435723951285520897e-02 2.376438727149627617e-01
2.503382949932340951e-02 2.376438727149627617e-01
2.503382949932340951e-02 2.396750169262017727e-01
2.571041948579161004e-02 2.396750169262017727e-01
2.571041948579161004e-02 2.410291130670277615e-01
2.706359945872801112e-02 2.410291130670277615e-01
2.706359945872801112e-02 2.423832092078537503e-01
2.841677943166441220e-02 2.423832092078537503e-01
2.841677943166441220e-02 2.457684495599187502e-01
2.909336941813261274e-02 2.457684495599187502e-01
2.909336941813261274e-02 2.464454976303317446e-01
3.044654939106901381e-02 2.464454976303317446e-01
3.044654939106901381e-02 2.471225457007447390e-01
3.179972936400541489e-02 2.471225457007447390e-01
3.179972936400541489e-02 2.491536899119837500e-01
3.315290933694181597e-02 2.491536899119837500e-01
3.315290933694181597e-02 2.525389302640487221e-01
3.382949932341001303e-02 2.525389302640487221e-01
3.382949932341001303e-02 2.532159783344617443e-01
3.450608930987821704e-02 2.532159783344617443e-01
3.450608930987821704e-02 2.579553148273527330e-01
3.585926928281461118e-02 2.579553148273527330e-01
3.585926928281461118e-02 2.599864590385917440e-01
3.721244925575101226e-02 2.599864590385917440e-01
3.721244925575101226e-02 2.620176032498307550e-01
3.788903924221921626e-02 2.620176032498307550e-01
3.788903924221921626e-02 2.626946513202437217e-01
3.856562922868741333e-02 2.626946513202437217e-01
3.856562922868741333e-02 2.633716993906567438e-01
3.924221921515561734e-02 2.633716993906567438e-01
3.924221921515561734e-02 2.687880839539607547e-01
3.991880920162381441e-02 2.687880839539607547e-01
3.991880920162381441e-02 2.701421800947867435e-01
4.127198917456021549e-02 2.701421800947867435e-01
4.127198917456021549e-02 2.728503723764387212e-01
4.262516914749661656e-02 2.728503723764387212e-01
4.262516914749661656e-02 2.762356127285037211e-01
4.600811907983761578e-02 2.762356127285037211e-01
4.600811907983761578e-02 2.789438050101556987e-01
4.736129905277401686e-02 2.789438050101556987e-01
4.736129905277401686e-02 2.796208530805687209e-01
4.803788903924222087e-02 2.796208530805687209e-01
4.803788903924222087e-02 2.809749492213947097e-01
5.006765899864681901e-02 2.809749492213947097e-01
5.006765899864681901e-02 2.816519972918077319e-01
5.074424898511502302e-02 2.816519972918077319e-01
5.074424898511502302e-02 2.823290453622206986e-01
5.209742895805142410e-02 2.823290453622206986e-01
5.209742895805142410e-02 2.850372376438727318e-01
5.277401894451962117e-02 2.850372376438727318e-01
5.277401894451962117e-02 2.877454299255247094e-01
5.412719891745602224e-02 2.877454299255247094e-01
5.412719891745602224e-02 2.890995260663506983e-01
5.480378890392421931e-02 2.890995260663506983e-01
5.480378890392421931e-02 2.897765741367637204e-01
5.548037889039242332e-02 2.897765741367637204e-01
5.683355886332882440e-02 2.897765741367637204e-01
5.683355886332882440e-02 2.918077183480027315e-01
5.751014884979702146e-02 2.918077183480027315e-01
5.751014884979702146e-02 2.931618144888287203e-01
5.818673883626522547e-02 2.931618144888287203e-01
5.818673883626522547e-02 2.951929587000677313e-01
5.953991880920162655e-02 2.951929587000677313e-01
5.953991880920162655e-02 2.972241029113066868e-01
6.089309878213802762e-02 2.972241029113066868e-01
6.156968876860622469e-02 2.972241029113066868e-01
6.156968876860622469e-02 2.979011509817197090e-01
6.224627875507442176e-02 2.979011509817197090e-01
6.224627875507442176e-02 3.012863913337847088e-01
6.359945872801082978e-02 3.012863913337847088e-01
6.359945872801082978e-02 3.107650643195666862e-01
6.427604871447901991e-02 3.107650643195666862e-01
6.562922868741542792e-02 3.107650643195666862e-01
6.562922868741542792e-02 3.148273527420447082e-01
6.630581867388363193e-02 3.148273527420447082e-01
6.630581867388363193e-02 3.155044008124576749e-01
6.698240866035182206e-02 3.155044008124576749e-01
6.833558863328823008e-02 3.155044008124576749e-01
6.833558863328823008e-02 3.195666892349356969e-01
6.901217861975643408e-02 3.195666892349356969e-01
6.901217861975643408e-02 3.209207853757616857e-01
7.036535859269282822e-02 3.209207853757616857e-01
7.036535859269282822e-02 3.222748815165876746e-01
7.171853856562922236e-02 3.222748815165876746e-01
7.171853856562922236e-02 3.229519295870006967e-01
7.307171853856563037e-02 3.229519295870006967e-01
7.374830852503383438e-02 3.229519295870006967e-01
7.374830852503383438e-02 3.236289776574136634e-01
7.442489851150202451e-02 3.236289776574136634e-01
7.442489851150202451e-02 3.243060257278266856e-01
7.510148849797022852e-02 3.243060257278266856e-01
7.510148849797022852e-02 3.256601218686526744e-01
7.645466847090663653e-02 3.256601218686526744e-01
7.983761840324762882e-02 3.256601218686526744e-01
7.983761840324762882e-02 3.263371699390656966e-01
8.051420838971583283e-02 3.263371699390656966e-01
8.051420838971583283e-02 3.283683141503046521e-01
8.119079837618403683e-02 3.283683141503046521e-01
8.119079837618403683e-02 3.331076506431956408e-01
8.186738836265222696e-02 3.331076506431956408e-01
8.186738836265222696e-02 3.351387948544346518e-01
8.254397834912043097e-02 3.351387948544346518e-01
8.254397834912043097e-02 3.378469871360866850e-01
8.389715832205683899e-02 3.378469871360866850e-01
8.389715832205683899e-02 3.425863236289776736e-01
8.457374830852502912e-02 3.425863236289776736e-01
8.457374830852502912e-02 3.439404197698036625e-01
8.525033829499323312e-02 3.439404197698036625e-01
8.525033829499323312e-02 3.473256601218686623e-01
8.660351826792964114e-02 3.473256601218686623e-01
8.660351826792964114e-02 3.486797562626946512e-01
8.863328822733423928e-02 3.486797562626946512e-01
8.863328822733423928e-02 3.513879485443466288e-01
8.930987821380242941e-02 3.513879485443466288e-01
8.930987821380242941e-02 3.527420446851726732e-01
8.998646820027063342e-02 3.527420446851726732e-01
8.998646820027063342e-02 3.534190927555856399e-01
9.066305818673883743e-02 3.534190927555856399e-01
9.066305818673883743e-02 3.554502369668246509e-01
9.201623815967523157e-02 3.554502369668246509e-01
9.336941813261163958e-02 3.554502369668246509e-01
9.336941813261163958e-02 3.615436696005416284e-01
9.472259810554803372e-02 3.615436696005416284e-01
9.472259810554803372e-02 3.649289099526066282e-01
9.607577807848444174e-02 3.649289099526066282e-01
9.607577807848444174e-02 3.656059580230196504e-01
9.742895805142083587e-02 3.656059580230196504e-01
9.742895805142083587e-02 3.662830060934326171e-01
9.878213802435724389e-02 3.662830060934326171e-01
9.878213802435724389e-02 3.669600541638456392e-01
1.001353179972936380e-01 3.669600541638456392e-01
1.001353179972936380e-01 3.683141503046716281e-01
1.008119079837618420e-01 3.683141503046716281e-01
1.008119079837618420e-01 3.716993906567366279e-01
1.028416779431664402e-01 3.716993906567366279e-01
1.028416779431664402e-01 3.723764387271496501e-01
1.041948579161028482e-01 3.723764387271496501e-01
1.041948579161028482e-01 3.744075829383886056e-01
1.048714479025710383e-01 3.744075829383886056e-01
1.048714479025710383e-01 3.750846310088016278e-01
1.055480378890392423e-01 3.750846310088016278e-01
1.055480378890392423e-01 3.757616790792146499e-01
1.062246278755074463e-01 3.757616790792146499e-01
1.062246278755074463e-01 3.764387271496276166e-01
1.069012178619756365e-01 3.764387271496276166e-01
1.069012178619756365e-01 3.771157752200406388e-01
1.075778078484438405e-01 3.771157752200406388e-01
1.075778078484438405e-01 3.811780636425186053e-01
1.089309878213802485e-01 3.811780636425186053e-01
1.089309878213802485e-01 3.825321597833445941e-01
1.102841677943166426e-01 3.825321597833445941e-01
1.102841677943166426e-01 3.859174001354095940e-01
1.116373477672530506e-01 3.859174001354095940e-01
1.116373477672530506e-01 3.872714962762356383e-01
1.129905277401894448e-01 3.872714962762356383e-01
1.129905277401894448e-01 3.886255924170616272e-01
1.136671177266576488e-01 3.886255924170616272e-01
1.136671177266576488e-01 3.906567366283005827e-01
1.150202976995940429e-01 3.906567366283005827e-01
1.150202976995940429e-01 3.926878808395395937e-01
1.156968876860622469e-01 3.926878808395395937e-01
1.156968876860622469e-01 3.933649289099526158e-01
1.163734776725304509e-01 3.933649289099526158e-01
1.163734776725304509e-01 3.947190250507786047e-01
1.177266576454668451e-01 3.947190250507786047e-01
1.177266576454668451e-01 3.960731211916045935e-01
1.190798376184032531e-01 3.960731211916045935e-01
1.190798376184032531e-01 3.981042654028436045e-01
1.211096075778078512e-01 3.981042654028436045e-01
1.211096075778078512e-01 3.987813134732566267e-01
1.238159675236806534e-01 3.987813134732566267e-01
1.238159675236806534e-01 3.994583615436695934e-01
1.251691474966170614e-01 3.994583615436695934e-01
1.251691474966170614e-01 4.014895057549086044e-01
1.258457374830852515e-01 4.014895057549086044e-01
1.271989174560216596e-01 4.014895057549086044e-01
1.278755074424898497e-01 4.014895057549086044e-01
1.278755074424898497e-01 4.035206499661476154e-01
1.299052774018944478e-01 4.035206499661476154e-01
1.299052774018944478e-01 4.048747461069736042e-01
1.305818673883626657e-01 4.048747461069736042e-01
1.332882273342354540e-01 4.048747461069736042e-01
1.332882273342354540e-01 4.082599864590386041e-01
1.339648173207036441e-01 4.082599864590386041e-01
1.339648173207036441e-01 4.089370345294515707e-01
1.353179972936400521e-01 4.089370345294515707e-01
1.353179972936400521e-01 4.102911306702776151e-01
1.366711772665764602e-01 4.102911306702776151e-01
1.366711772665764602e-01 4.143534190927555816e-01
1.380243572395128682e-01 4.143534190927555816e-01
1.380243572395128682e-01 4.157075152335815704e-01
1.387009472259810583e-01 4.157075152335815704e-01
1.387009472259810583e-01 4.170616113744075593e-01
1.393775372124492484e-01 4.170616113744075593e-01
1.393775372124492484e-01 4.184157075152336036e-01
1.407307171853856564e-01 4.184157075152336036e-01
1.407307171853856564e-01 4.190927555856465703e-01
1.420838971583220645e-01 4.190927555856465703e-01
1.427604871447902546e-01 4.190927555856465703e-01
1.427604871447902546e-01 4.211238997968855813e-01
1.447902571041948527e-01 4.211238997968855813e-01
1.461434370771312607e-01 4.211238997968855813e-01
1.461434370771312607e-01 4.218009478672986035e-01
1.468200270635994509e-01 4.218009478672986035e-01
1.468200270635994509e-01 4.238320920785375590e-01
1.474966170500676688e-01 4.238320920785375590e-01
1.474966170500676688e-01 4.258632362897765700e-01
1.481732070365358589e-01 4.258632362897765700e-01
1.481732070365358589e-01 4.292484766418415698e-01
1.495263870094722669e-01 4.292484766418415698e-01
1.495263870094722669e-01 4.346648612051455807e-01
1.502029769959404570e-01 4.346648612051455807e-01
1.502029769959404570e-01 4.353419092755585473e-01
1.515561569688768651e-01 4.353419092755585473e-01
1.515561569688768651e-01 4.373730534867975583e-01
1.522327469553450552e-01 4.373730534867975583e-01
1.522327469553450552e-01 4.380501015572105805e-01
1.529093369418132731e-01 4.380501015572105805e-01
1.529093369418132731e-01 4.400812457684495360e-01
1.549391069012178712e-01 4.400812457684495360e-01
1.549391069012178712e-01 4.434664861205145359e-01
1.569688768606224694e-01 4.434664861205145359e-01
1.569688768606224694e-01 4.448205822613405802e-01
1.583220568335588496e-01 4.448205822613405802e-01
1.583220568335588496e-01 4.468517264725795357e-01
1.596752368064952576e-01 4.468517264725795357e-01
1.596752368064952576e-01 4.502369668246445356e-01
1.603518267929634755e-01 4.502369668246445356e-01
1.603518267929634755e-01 4.509140148950575577e-01
1.617050067658998558e-01 4.509140148950575577e-01
1.617050067658998558e-01 4.522681110358835466e-01
1.630581867388362638e-01 4.522681110358835466e-01
1.630581867388362638e-01 4.529451591062965687e-01
1.644113667117726718e-01 4.529451591062965687e-01
1.644113667117726718e-01 4.536222071767095354e-01
1.657645466847090798e-01 4.536222071767095354e-01
1.657645466847090798e-01 4.549763033175355242e-01
1.671177266576454601e-01 4.549763033175355242e-01
1.691474966170500582e-01 4.549763033175355242e-01
1.698240866035182761e-01 4.549763033175355242e-01
1.698240866035182761e-01 4.556533513879485464e-01
1.705006765899864662e-01 4.556533513879485464e-01
1.705006765899864662e-01 4.570074475287745353e-01
1.711772665764546564e-01 4.570074475287745353e-01
1.711772665764546564e-01 4.583615436696005241e-01
1.725304465493910644e-01 4.583615436696005241e-01
1.725304465493910644e-01 4.644549763033175571e-01
1.738836265223274724e-01 4.644549763033175571e-01
1.738836265223274724e-01 4.658090724441435460e-01
1.745602165087956625e-01 4.658090724441435460e-01
1.745602165087956625e-01 4.671631685849695348e-01
1.759133964817320706e-01 4.671631685849695348e-01
1.765899864682002607e-01 4.671631685849695348e-01
1.765899864682002607e-01 4.705484089370345346e-01
1.772665764546684786e-01 4.705484089370345346e-01
1.772665764546684786e-01 4.712254570074475013e-01
1.792963464140730767e-01 4.712254570074475013e-01
1.792963464140730767e-01 4.725795531482735456e-01
1.799729364005412668e-01 4.725795531482735456e-01
1.799729364005412668e-01 4.732566012186865123e-01
1.806495263870094847e-01 4.732566012186865123e-01
1.806495263870094847e-01 4.752877454299255233e-01
1.833558863328822730e-01 4.752877454299255233e-01
1.833558863328822730e-01 4.786729857819905232e-01
1.853856562922868711e-01 4.786729857819905232e-01
1.853856562922868711e-01 4.800270819228165120e-01
1.860622462787550613e-01 4.800270819228165120e-01
1.880920162381596872e-01 4.800270819228165120e-01
1.880920162381596872e-01 4.807041299932295342e-01
1.887686062246278773e-01 4.807041299932295342e-01
1.887686062246278773e-01 4.847664184157075007e-01
1.894451962110960674e-01 4.847664184157075007e-01
1.894451962110960674e-01 4.861205145565334895e-01
1.901217861975642853e-01 4.861205145565334895e-01
1.914749661705006656e-01 4.861205145565334895e-01
1.921515561569688835e-01 4.861205145565334895e-01
1.921515561569688835e-01 4.881516587677725005e-01
1.935047361299052637e-01 4.881516587677725005e-01
1.935047361299052637e-01 4.908598510494245337e-01
1.941813261163734816e-01 4.908598510494245337e-01
1.941813261163734816e-01 4.915368991198375004e-01
1.948579161028416717e-01 4.915368991198375004e-01
1.962110960757780798e-01 4.915368991198375004e-01
1.968876860622462699e-01 4.915368991198375004e-01
1.968876860622462699e-01 4.935680433310765114e-01
1.975642760487144878e-01 4.935680433310765114e-01
1.975642760487144878e-01 4.942450914014894781e-01
1.982408660351826779e-01 4.942450914014894781e-01
1.995940460081190859e-01 4.942450914014894781e-01
1.995940460081190859e-01 4.949221394719025002e-01
2.002706359945872761e-01 4.949221394719025002e-01
2.002706359945872761e-01 4.955991875423155224e-01
2.016238159675236841e-01 4.955991875423155224e-01
2.016238159675236841e-01 4.962762356127284891e-01
2.023004059539918742e-01 4.962762356127284891e-01
2.023004059539918742e-01 5.016926201760324444e-01
2.029769959404600921e-01 5.016926201760324444e-01
2.029769959404600921e-01 5.030467163168584888e-01
2.036535859269282822e-01 5.030467163168584888e-01
2.036535859269282822e-01 5.044008124576845331e-01
2.050067658998646902e-01 5.044008124576845331e-01
2.056833558863328804e-01 5.044008124576845331e-01
2.056833558863328804e-01 5.050778605280974443e-01
2.063599458728010705e-01 5.050778605280974443e-01
2.063599458728010705e-01 5.057549085985104664e-01
2.070365358592692884e-01 5.057549085985104664e-01
2.070365358592692884e-01 5.071090047393365108e-01
2.077131258457374785e-01 5.071090047393365108e-01
2.077131258457374785e-01 5.098171970209884885e-01
2.097428958051420766e-01 5.098171970209884885e-01
2.097428958051420766e-01 5.132024373730534883e-01
2.110960757780784847e-01 5.132024373730534883e-01
2.110960757780784847e-01 5.138794854434665105e-01
2.131258457374830828e-01 5.138794854434665105e-01
2.131258457374830828e-01 5.172647257955315103e-01
2.138024357239512729e-01 5.172647257955315103e-01
2.138024357239512729e-01 5.179417738659445325e-01
2.144790257104194908e-01 5.179417738659445325e-01
2.144790257104194908e-01 5.206499661475965102e-01
2.151556156968876810e-01 5.206499661475965102e-01
2.151556156968876810e-01 5.213270142180095323e-01
2.158322056833558988e-01 5.213270142180095323e-01
2.158322056833558988e-01 5.226811103588354657e-01
2.171853856562922791e-01 5.226811103588354657e-01
2.171853856562922791e-01 5.233581584292484878e-01
2.178619756427604970e-01 5.233581584292484878e-01
2.178619756427604970e-01 5.287745429925524432e-01
2.192151556156968772e-01 5.287745429925524432e-01
2.219215155615696933e-01 5.287745429925524432e-01
2.219215155615696933e-01 5.321597833446174430e-01
2.225981055480378834e-01 5.321597833446174430e-01
2.225981055480378834e-01 5.328368314150304652e-01
2.239512855209742914e-01 5.328368314150304652e-01
2.239512855209742914e-01 5.355450236966824429e-01
2.246278755074424816e-01 5.355450236966824429e-01
2.246278755074424816e-01 5.368991198375084872e-01
2.259810554803788896e-01 5.368991198375084872e-01
2.266576454668470797e-01 5.368991198375084872e-01
2.266576454668470797e-01 5.375761679079215094e-01
2.273342354533152976e-01 5.375761679079215094e-01
2.273342354533152976e-01 5.389302640487474427e-01
2.286874154262516778e-01 5.389302640487474427e-01
2.286874154262516778e-01 5.409614082599865093e-01
2.293640054127198957e-01 5.409614082599865093e-01
2.293640054127198957e-01 5.423155044008124426e-01
2.300405953991880859e-01 5.423155044008124426e-01
2.300405953991880859e-01 5.429925524712254647e-01
2.320703653585926840e-01 5.429925524712254647e-01
2.334235453315290920e-01 5.429925524712254647e-01
2.341001353179972821e-01 5.429925524712254647e-01
2.341001353179972821e-01 5.443466486120515091e-01
2.354533152909336902e-01 5.443466486120515091e-01
2.381596752368065062e-01 5.443466486120515091e-01
2.381596752368065062e-01 5.450236966824644202e-01
2.388362652232746963e-01 5.450236966824644202e-01
2.388362652232746963e-01 5.457007447528774424e-01
2.401894451962111043e-01 5.457007447528774424e-01
2.408660351826792945e-01 5.457007447528774424e-01
2.408660351826792945e-01 5.477318889641163979e-01
2.415426251691474846e-01 5.477318889641163979e-01
2.415426251691474846e-01 5.484089370345294201e-01
2.422192151556157025e-01 5.484089370345294201e-01
2.435723951285521105e-01 5.484089370345294201e-01
2.442489851150203006e-01 5.484089370345294201e-01
2.442489851150203006e-01 5.490859851049424423e-01
2.456021650879567086e-01 5.490859851049424423e-01
2.456021650879567086e-01 5.511171293161813978e-01
2.462787550744248988e-01 5.511171293161813978e-01
2.462787550744248988e-01 5.517941773865944199e-01
2.476319350473613068e-01 5.517941773865944199e-01
2.476319350473613068e-01 5.531482735274204643e-01
2.503382949932341228e-01 5.531482735274204643e-01
2.503382949932341228e-01 5.545023696682463976e-01
2.523680649526386932e-01 5.545023696682463976e-01
2.523680649526386932e-01 5.565335138794854641e-01
2.537212449255751290e-01 5.565335138794854641e-01
2.537212449255751290e-01 5.578876100203113975e-01
2.543978349120433191e-01 5.578876100203113975e-01
2.543978349120433191e-01 5.599187542315504640e-01
2.550744248985115092e-01 5.599187542315504640e-01
2.550744248985115092e-01 5.612728503723763973e-01
2.577807848443843253e-01 5.612728503723763973e-01
2.598105548037888957e-01 5.612728503723763973e-01
2.598105548037888957e-01 5.619498984427894195e-01
2.611637347767253314e-01 5.619498984427894195e-01
2.625169147496617117e-01 5.619498984427894195e-01
2.625169147496617117e-01 5.626269465132024417e-01
2.638700947225980920e-01 5.626269465132024417e-01
2.645466847090662821e-01 5.626269465132024417e-01
2.645466847090662821e-01 5.639810426540284860e-01
2.652232746955345277e-01 5.639810426540284860e-01
2.652232746955345277e-01 5.646580907244413972e-01
2.658998646820027179e-01 5.646580907244413972e-01
2.658998646820027179e-01 5.673662830060934859e-01
2.665764546684709080e-01 5.673662830060934859e-01
2.665764546684709080e-01 5.714285714285713969e-01
2.672530446549390981e-01 5.714285714285713969e-01
2.672530446549390981e-01 5.754908598510494189e-01
2.686062246278755339e-01 5.754908598510494189e-01
2.686062246278755339e-01 5.768449559918754632e-01
2.713125845737482944e-01 5.768449559918754632e-01
2.713125845737482944e-01 5.775220040622883744e-01
2.740189445196211104e-01 5.775220040622883744e-01
2.740189445196211104e-01 5.781990521327013965e-01
2.746955345060893006e-01 5.781990521327013965e-01
2.760487144790257363e-01 5.781990521327013965e-01
2.760487144790257363e-01 5.788761002031144187e-01
2.767253044654939265e-01 5.788761002031144187e-01
2.767253044654939265e-01 5.802301963439404631e-01
2.780784844384303067e-01 5.802301963439404631e-01
2.787550744248984969e-01 5.802301963439404631e-01
2.787550744248984969e-01 5.815842924847663964e-01
2.801082543978349326e-01 5.815842924847663964e-01
2.801082543978349326e-01 5.829383886255924407e-01
2.821380243572395030e-01 5.829383886255924407e-01
2.821380243572395030e-01 5.863236289776574406e-01
2.834912043301759388e-01 5.863236289776574406e-01
2.834912043301759388e-01 5.870006770480704628e-01
2.848443843031123190e-01 5.870006770480704628e-01
2.861975642760486993e-01 5.870006770480704628e-01
2.861975642760486993e-01 5.876777251184833739e-01
2.868741542625168894e-01 5.876777251184833739e-01
2.868741542625168894e-01 5.883547731888963961e-01
2.889039242219215153e-01 5.883547731888963961e-01
2.889039242219215153e-01 5.890318212593094183e-01
2.895805142083897055e-01 5.890318212593094183e-01
2.895805142083897055e-01 5.897088693297224404e-01
2.909336941813261412e-01 5.897088693297224404e-01
2.909336941813261412e-01 5.910629654705483738e-01
2.916102841677943314e-01 5.910629654705483738e-01
2.916102841677943314e-01 5.917400135409613959e-01
2.929634641407307116e-01 5.917400135409613959e-01
2.929634641407307116e-01 5.924170616113744181e-01
2.936400541271989018e-01 5.924170616113744181e-01
2.936400541271989018e-01 5.930941096817874403e-01
2.949932341001353375e-01 5.930941096817874403e-01
2.956698240866035277e-01 5.930941096817874403e-01
2.970230040595399079e-01 5.930941096817874403e-01
2.983761840324763437e-01 5.930941096817874403e-01
2.997293640054127239e-01 5.930941096817874403e-01
2.997293640054127239e-01 5.937711577522003514e-01
3.010825439783491042e-01 5.937711577522003514e-01
3.010825439783491042e-01 5.944482058226133736e-01
3.017591339648172943e-01 5.944482058226133736e-01
3.017591339648172943e-01 5.998645903859174400e-01
3.024357239512855400e-01 5.998645903859174400e-01
3.024357239512855400e-01 6.005416384563303511e-01
3.037889039242219202e-01 6.005416384563303511e-01
3.051420838971583005e-01 6.005416384563303511e-01
3.051420838971583005e-01 6.025727826675694176e-01
3.058186738836265461e-01 6.025727826675694176e-01
3.058186738836265461e-01 6.046039268788083731e-01
3.071718538565629264e-01 6.046039268788083731e-01
3.071718538565629264e-01 6.073121191604603508e-01
3.085250338294993067e-01 6.073121191604603508e-01
3.092016238159674968e-01 6.073121191604603508e-01
3.092016238159674968e-01 6.086662153012863952e-01
3.112313937753721227e-01 6.086662153012863952e-01
3.112313937753721227e-01 6.093432633716994173e-01
3.132611637347767486e-01 6.093432633716994173e-01
3.132611637347767486e-01 6.127285037237644172e-01
3.146143437077131289e-01 6.127285037237644172e-01
3.159675236806495091e-01 6.127285037237644172e-01
3.166441136671176992e-01 6.127285037237644172e-01
3.166441136671176992e-01 6.134055517941774394e-01
3.179972936400541350e-01 6.134055517941774394e-01
3.179972936400541350e-01 6.140825998645903505e-01
3.186738836265223251e-01 6.140825998645903505e-01
3.186738836265223251e-01 6.147596479350033727e-01
3.193504736129905153e-01 6.147596479350033727e-01
3.193504736129905153e-01 6.154366960054163949e-01
3.200270635994587054e-01 6.154366960054163949e-01
3.200270635994587054e-01 6.181448882870683725e-01
3.207036535859269510e-01 6.181448882870683725e-01
3.207036535859269510e-01 6.188219363574813947e-01
3.234100135317997116e-01 6.188219363574813947e-01
3.234100135317997116e-01 6.215301286391333724e-01
3.240866035182679572e-01 6.215301286391333724e-01
3.240866035182679572e-01 6.228842247799594167e-01
3.254397834912043375e-01 6.228842247799594167e-01
3.261163734776725276e-01 6.228842247799594167e-01
3.261163734776725276e-01 6.235612728503723279e-01
3.267929634641407177e-01 6.235612728503723279e-01
3.267929634641407177e-01 6.242383209207853501e-01
3.281461434370771535e-01 6.242383209207853501e-01
3.294993234100135338e-01 6.242383209207853501e-01
3.315290933694181597e-01 6.242383209207853501e-01
3.328822733423545399e-01 6.242383209207853501e-01
3.335588633288227300e-01 6.242383209207853501e-01
3.349120433017591103e-01 6.242383209207853501e-01
3.362652232746955461e-01 6.242383209207853501e-01
3.389715832205683621e-01 6.242383209207853501e-01
3.389715832205683621e-01 6.249153689911983722e-01
3.403247631935047424e-01 6.249153689911983722e-01
3.403247631935047424e-01 6.262694651320244166e-01
3.410013531799729325e-01 6.262694651320244166e-01
3.423545331529093128e-01 6.262694651320244166e-01
3.430311231393775584e-01 6.262694651320244166e-01
3.430311231393775584e-01 6.269465132024373277e-01
3.443843031123139387e-01 6.269465132024373277e-01
3.443843031123139387e-01 6.276235612728503499e-01
3.450608930987821288e-01 6.276235612728503499e-01
3.450608930987821288e-01 6.283006093432633721e-01
3.457374830852503189e-01 6.283006093432633721e-01
3.457374830852503189e-01 6.296547054840894164e-01
3.491204330175913251e-01 6.296547054840894164e-01
3.491204330175913251e-01 6.303317535545023276e-01
3.511502029769959510e-01 6.303317535545023276e-01
3.511502029769959510e-01 6.310088016249153497e-01
3.525033829499323312e-01 6.310088016249153497e-01
3.531799729364005214e-01 6.310088016249153497e-01
3.552097428958051473e-01 6.310088016249153497e-01
3.552097428958051473e-01 6.316858496953283719e-01
3.572395128552097177e-01 6.316858496953283719e-01
3.572395128552097177e-01 6.323628977657413941e-01
3.579161028416779633e-01 6.323628977657413941e-01
3.579161028416779633e-01 6.337169939065673274e-01
3.585926928281461534e-01 6.337169939065673274e-01
3.585926928281461534e-01 6.350710900473933718e-01
3.599458728010825337e-01 6.350710900473933718e-01
3.599458728010825337e-01 6.357481381178063939e-01
3.606224627875507238e-01 6.357481381178063939e-01
3.619756427604871596e-01 6.357481381178063939e-01
3.619756427604871596e-01 6.404874746106973271e-01
3.626522327469553497e-01 6.404874746106973271e-01
3.626522327469553497e-01 6.425186188219363936e-01
3.640054127198917300e-01 6.425186188219363936e-01
3.640054127198917300e-01 6.431956668923493048e-01
3.673883626522327361e-01 6.431956668923493048e-01
3.673883626522327361e-01 6.438727149627623270e-01
3.687415426251691719e-01 6.438727149627623270e-01
3.687415426251691719e-01 6.459038591740013935e-01
3.694181326116373620e-01 6.459038591740013935e-01
3.694181326116373620e-01 6.465809072444143046e-01
3.707713125845737423e-01 6.465809072444143046e-01
3.714479025710419324e-01 6.465809072444143046e-01
3.714479025710419324e-01 6.499661475964793045e-01
3.728010825439783682e-01 6.499661475964793045e-01
3.728010825439783682e-01 6.513202437373053488e-01
3.734776725304465583e-01 6.513202437373053488e-01
3.734776725304465583e-01 6.526743398781313932e-01
3.761840324763193744e-01 6.526743398781313932e-01
3.761840324763193744e-01 6.533513879485443043e-01
3.775372124492557546e-01 6.533513879485443043e-01
3.788903924221921349e-01 6.533513879485443043e-01
3.788903924221921349e-01 6.540284360189573265e-01
3.802435723951285707e-01 6.540284360189573265e-01
3.802435723951285707e-01 6.560595802301963930e-01
3.815967523680649509e-01 6.560595802301963930e-01
3.815967523680649509e-01 6.567366283006093042e-01
3.822733423545331410e-01 6.567366283006093042e-01
3.836265223274695768e-01 6.567366283006093042e-01
3.836265223274695768e-01 6.580907244414353485e-01
3.843031123139377669e-01 6.580907244414353485e-01
3.843031123139377669e-01 6.594448205822613929e-01
3.856562922868741472e-01 6.594448205822613929e-01
3.856562922868741472e-01 6.601218686526743040e-01
3.870094722598105275e-01 6.601218686526743040e-01
3.890392422192151534e-01 6.601218686526743040e-01
3.890392422192151534e-01 6.607989167230873262e-01
3.910690121786197793e-01 6.607989167230873262e-01
3.910690121786197793e-01 6.614759647935003484e-01
3.924221921515561595e-01 6.614759647935003484e-01
3.924221921515561595e-01 6.628300609343262817e-01
3.930987821380243497e-01 6.628300609343262817e-01
3.930987821380243497e-01 6.635071090047393039e-01
3.937753721244925398e-01 6.635071090047393039e-01
3.937753721244925398e-01 6.662153012863912815e-01
3.951285520974289756e-01 6.662153012863912815e-01
3.951285520974289756e-01 6.682464454976303481e-01
3.958051420838971657e-01 6.682464454976303481e-01
3.958051420838971657e-01 6.689234935680433702e-01
3.964817320703653558e-01 6.689234935680433702e-01
3.964817320703653558e-01 6.696005416384562814e-01
3.978349120433017361e-01 6.696005416384562814e-01
3.991880920162381718e-01 6.696005416384562814e-01
3.991880920162381718e-01 6.709546377792823257e-01
4.018944519621109879e-01 6.709546377792823257e-01
4.018944519621109879e-01 6.743398781313473256e-01
4.025710419485791780e-01 6.743398781313473256e-01
4.025710419485791780e-01 6.763710223425862811e-01
4.046008119079837484e-01 6.763710223425862811e-01
4.046008119079837484e-01 6.777251184834123254e-01
4.059539918809201842e-01 6.777251184834123254e-01
4.059539918809201842e-01 6.817874069058903475e-01
4.066305818673883743e-01 6.817874069058903475e-01
4.066305818673883743e-01 6.831415030467162808e-01
4.093369418132611903e-01 6.831415030467162808e-01
4.093369418132611903e-01 6.838185511171293030e-01
4.106901217861975706e-01 6.838185511171293030e-01
4.106901217861975706e-01 6.844955991875423251e-01
4.127198917456021410e-01 6.844955991875423251e-01
4.147496617050067669e-01 6.844955991875423251e-01
4.147496617050067669e-01 6.851726472579553473e-01
4.161028416779431471e-01 6.851726472579553473e-01
4.161028416779431471e-01 6.858496953283683695e-01
4.167794316644113928e-01 6.858496953283683695e-01
4.167794316644113928e-01 6.872037914691943028e-01
4.174560216508795829e-01 6.872037914691943028e-01
4.174560216508795829e-01 6.878808395396073250e-01
4.194857916102841533e-01 6.878808395396073250e-01
4.194857916102841533e-01 6.885578876100203471e-01
4.201623815967523434e-01 6.885578876100203471e-01
4.201623815967523434e-01 6.899119837508462805e-01
4.228687415426251595e-01 6.899119837508462805e-01
4.228687415426251595e-01 6.905890318212593026e-01
4.248985115020297854e-01 6.905890318212593026e-01
4.262516914749661656e-01 6.905890318212593026e-01
4.269282814614343557e-01 6.905890318212593026e-01
4.269282814614343557e-01 6.912660798916723248e-01
4.276048714479025459e-01 6.912660798916723248e-01
4.289580514208389816e-01 6.912660798916723248e-01
4.303112313937753619e-01 6.912660798916723248e-01
4.316644113667117977e-01 6.912660798916723248e-01
4.336941813261163681e-01 6.912660798916723248e-01
4.357239512855209940e-01 6.912660798916723248e-01
4.357239512855209940e-01 6.926201760324982581e-01
4.364005412719891841e-01 6.926201760324982581e-01
4.377537212449255644e-01 6.926201760324982581e-01
4.397834912043301903e-01 6.926201760324982581e-01
4.397834912043301903e-01 6.932972241029112803e-01
4.418132611637347607e-01 6.932972241029112803e-01
4.418132611637347607e-01 6.939742721733243025e-01
4.431664411366711964e-01 6.939742721733243025e-01
4.438430311231393866e-01 6.939742721733243025e-01
4.438430311231393866e-01 6.946513202437373247e-01
4.445196211096075767e-01 6.946513202437373247e-01
4.445196211096075767e-01 6.953283683141503468e-01
4.465493910690122026e-01 6.953283683141503468e-01
4.472259810554803927e-01 6.953283683141503468e-01
4.472259810554803927e-01 6.960054163845632580e-01
4.479025710419485828e-01 6.960054163845632580e-01
4.479025710419485828e-01 6.966824644549762802e-01
4.492557510148849631e-01 6.966824644549762802e-01
4.506089309878213989e-01 6.966824644549762802e-01
4.512855209742895890e-01 6.966824644549762802e-01
4.533152909336941594e-01 6.966824644549762802e-01
4.533152909336941594e-01 6.980365605958023245e-01
4.539918809201624050e-01 6.980365605958023245e-01
4.539918809201624050e-01 6.987136086662153467e-01
4.546684709066305952e-01 6.987136086662153467e-01
4.546684709066305952e-01 6.993906567366282578e-01
4.560216508795669754e-01 6.993906567366282578e-01
4.560216508795669754e-01 7.014218009478673244e-01
4.566982408660351656e-01 7.014218009478673244e-01
4.566982408660351656e-01 7.020988490182803465e-01
4.587280108254397915e-01 7.020988490182803465e-01
4.587280108254397915e-01 7.048070412999323242e-01
4.614343707713126075e-01 7.048070412999323242e-01
4.627875507442489877e-01 7.048070412999323242e-01
4.641407307171853680e-01 7.048070412999323242e-01
4.641407307171853680e-01 7.054840893703453464e-01
4.668470906630581840e-01 7.054840893703453464e-01
4.668470906630581840e-01 7.061611374407582575e-01
4.688768606224628099e-01 7.061611374407582575e-01
4.702300405953991902e-01 7.061611374407582575e-01
4.702300405953991902e-01 7.068381855111712797e-01
4.709066305818673803e-01 7.068381855111712797e-01
4.709066305818673803e-01 7.081922816519973241e-01
4.715832205683355705e-01 7.081922816519973241e-01
4.715832205683355705e-01 7.088693297224103462e-01
4.722598105548038161e-01 7.088693297224103462e-01
4.722598105548038161e-01 7.102234258632362796e-01
4.729364005412720062e-01 7.102234258632362796e-01
4.729364005412720062e-01 7.109004739336493017e-01
4.742895805142083865e-01 7.109004739336493017e-01
4.769959404600812025e-01 7.109004739336493017e-01
4.769959404600812025e-01 7.115775220040623239e-01
4.776725304465493926e-01 7.115775220040623239e-01
4.776725304465493926e-01 7.122545700744752351e-01
4.783491204330175828e-01 7.122545700744752351e-01
4.783491204330175828e-01 7.136086662153012794e-01
4.790257104194857729e-01 7.136086662153012794e-01
4.790257104194857729e-01 7.149627623561273237e-01
4.803788903924222087e-01 7.149627623561273237e-01
4.803788903924222087e-01 7.156398104265402349e-01
4.817320703653585889e-01 7.156398104265402349e-01
4.817320703653585889e-01 7.163168584969532571e-01
4.864682002706359754e-01 7.163168584969532571e-01
4.864682002706359754e-01 7.169939065673662792e-01
4.878213802435724111e-01 7.169939065673662792e-01
4.884979702300406013e-01 7.169939065673662792e-01
4.884979702300406013e-01 7.183480027081923236e-01
4.898511502029769815e-01 7.183480027081923236e-01
4.898511502029769815e-01 7.203791469194312791e-01
4.905277401894451716e-01 7.203791469194312791e-01
4.905277401894451716e-01 7.224102911306702346e-01
4.912043301759134173e-01 7.224102911306702346e-01
4.912043301759134173e-01 7.237643872714962789e-01
4.918809201623816074e-01 7.237643872714962789e-01
4.918809201623816074e-01 7.244414353419093011e-01
4.925575101488497975e-01 7.244414353419093011e-01
4.925575101488497975e-01 7.251184834123223233e-01
4.939106901217861778e-01 7.251184834123223233e-01
4.939106901217861778e-01 7.257955314827352344e-01
4.952638700947226136e-01 7.257955314827352344e-01
4.966170500676589938e-01 7.257955314827352344e-01
4.966170500676589938e-01 7.264725795531482566e-01
4.972936400541271840e-01 7.264725795531482566e-01
4.986468200270636197e-01 7.264725795531482566e-01
4.986468200270636197e-01 7.271496276235612788e-01
4.993234100135318099e-01 7.271496276235612788e-01
4.993234100135318099e-01 7.278266756939743010e-01
5.000000000000000000e-01 7.278266756939743010e-01
5.000000000000000000e-01 7.285037237643873231e-01
5.006765899864682456e-01 7.285037237643873231e-01
5.006765899864682456e-01 7.291807718348002343e-01
5.020297699594046259e-01 7.291807718348002343e-01
5.020297699594046259e-01 7.318889641164523230e-01
5.027063599458727605e-01 7.318889641164523230e-01
5.027063599458727605e-01 7.339201083276912785e-01
5.047361299052773864e-01 7.339201083276912785e-01
5.047361299052773864e-01 7.359512525389302340e-01
5.067658998646820123e-01 7.359512525389302340e-01
5.067658998646820123e-01 7.366283006093432562e-01
5.081190798376183926e-01 7.366283006093432562e-01
5.081190798376183926e-01 7.373053486797562783e-01
5.087956698240866382e-01 7.373053486797562783e-01
5.101488497970230185e-01 7.373053486797562783e-01
5.101488497970230185e-01 7.379823967501693005e-01
5.108254397834911531e-01 7.379823967501693005e-01
5.108254397834911531e-01 7.386594448205822117e-01
5.128552097428957790e-01 7.386594448205822117e-01
5.128552097428957790e-01 7.406905890318212782e-01
5.135317997293640246e-01 7.406905890318212782e-01
5.148849797023004049e-01 7.406905890318212782e-01
5.162381596752367852e-01 7.406905890318212782e-01
5.162381596752367852e-01 7.420446851726472115e-01
5.182679296346414111e-01 7.420446851726472115e-01
5.182679296346414111e-01 7.440758293838862780e-01
5.189445196211096567e-01 7.440758293838862780e-01
5.189445196211096567e-01 7.447528774542993002e-01
5.196211096075777913e-01 7.447528774542993002e-01
5.196211096075777913e-01 7.454299255247122113e-01
5.209742895805141716e-01 7.454299255247122113e-01
5.223274695534506629e-01 7.454299255247122113e-01
5.243572395128551777e-01 7.454299255247122113e-01
5.243572395128551777e-01 7.461069735951252335e-01
5.257104194857915580e-01 7.461069735951252335e-01
5.263870094722598036e-01 7.461069735951252335e-01
5.263870094722598036e-01 7.467840216655382557e-01
5.290933694181325642e-01 7.467840216655382557e-01
5.304465493910690554e-01 7.467840216655382557e-01
5.317997293640054357e-01 7.467840216655382557e-01
5.317997293640054357e-01 7.474610697359512779e-01
5.345060893098781962e-01 7.474610697359512779e-01
5.358592692828145765e-01 7.474610697359512779e-01
5.358592692828145765e-01 7.481381178063643000e-01
5.365358592692828221e-01 7.481381178063643000e-01
5.378890392422192024e-01 7.481381178063643000e-01
5.378890392422192024e-01 7.494922139471902334e-01
5.385656292286874480e-01 7.494922139471902334e-01
5.385656292286874480e-01 7.528774542992552332e-01
5.399188092016238283e-01 7.528774542992552332e-01
5.399188092016238283e-01 7.535545023696682554e-01
5.405953991880919629e-01 7.535545023696682554e-01
5.405953991880919629e-01 7.542315504400812776e-01
5.419485791610284542e-01 7.542315504400812776e-01
5.419485791610284542e-01 7.549085985104942997e-01
5.426251691474965888e-01 7.549085985104942997e-01
5.446549391069012147e-01 7.549085985104942997e-01
5.446549391069012147e-01 7.562626946513202331e-01
5.453315290933694603e-01 7.562626946513202331e-01
5.453315290933694603e-01 7.569397427217332552e-01
5.460081190798375950e-01 7.569397427217332552e-01
5.460081190798375950e-01 7.589708869329722107e-01
5.473612990527739752e-01 7.589708869329722107e-01
5.473612990527739752e-01 7.603249830737982551e-01
5.487144790257104665e-01 7.603249830737982551e-01
5.493910690121786011e-01 7.603249830737982551e-01
5.493910690121786011e-01 7.610020311442112773e-01
5.507442489851149814e-01 7.610020311442112773e-01
5.514208389715832270e-01 7.610020311442112773e-01
5.514208389715832270e-01 7.623561272850372106e-01
5.520974289580514727e-01 7.623561272850372106e-01
5.520974289580514727e-01 7.630331753554502328e-01
5.554803788903923678e-01 7.630331753554502328e-01
5.554803788903923678e-01 7.643872714962762771e-01
5.561569688768606134e-01 7.643872714962762771e-01
5.561569688768606134e-01 7.657413676371022104e-01
5.568335588633288591e-01 7.657413676371022104e-01
5.568335588633288591e-01 7.664184157075152326e-01
5.581867388362652393e-01 7.664184157075152326e-01
5.581867388362652393e-01 7.670954637779282548e-01
5.588633288227333740e-01 7.670954637779282548e-01
5.602165087956698653e-01 7.670954637779282548e-01
5.602165087956698653e-01 7.691266079891672103e-01
5.608930987821379999e-01 7.691266079891672103e-01
5.629228687415426258e-01 7.691266079891672103e-01
5.635994587280108714e-01 7.691266079891672103e-01
5.649526387009472517e-01 7.691266079891672103e-01
5.649526387009472517e-01 7.698036560595802325e-01
5.669824086603518776e-01 7.698036560595802325e-01
5.669824086603518776e-01 7.704807041299932546e-01
5.676589986468200122e-01 7.704807041299932546e-01
5.676589986468200122e-01 7.711577522004062768e-01
5.696887686062246381e-01 7.711577522004062768e-01
5.696887686062246381e-01 7.718348002708191880e-01
5.737483085250337789e-01 7.718348002708191880e-01
5.751014884979702702e-01 7.718348002708191880e-01
5.751014884979702702e-01 7.731888964116452323e-01
5.757780784844384048e-01 7.731888964116452323e-01
5.757780784844384048e-01 7.738659444820582545e-01
5.771312584573747850e-01 7.738659444820582545e-01
5.798376184032476566e-01 7.738659444820582545e-01
5.798376184032476566e-01 7.752200406228841878e-01
5.825439783491204171e-01 7.752200406228841878e-01
5.825439783491204171e-01 7.758970886932972100e-01
5.838971583220567974e-01 7.758970886932972100e-01
5.866035182679296689e-01 7.758970886932972100e-01
5.886332882273341838e-01 7.758970886932972100e-01
5.893098782138024294e-01 7.758970886932972100e-01
5.893098782138024294e-01 7.779282329045362765e-01
5.933694181326116812e-01 7.779282329045362765e-01
5.933694181326116812e-01 7.799593771157752320e-01
5.947225981055480615e-01 7.799593771157752320e-01
5.947225981055480615e-01 7.806364251861882542e-01
5.953991880920161961e-01 7.806364251861882542e-01
5.953991880920161961e-01 7.813134732566011653e-01
5.974289580514208220e-01 7.813134732566011653e-01
5.974289580514208220e-01 7.819905213270141875e-01
5.987821380243572023e-01 7.819905213270141875e-01
5.994587280108254479e-01 7.819905213270141875e-01
5.994587280108254479e-01 7.833446174678402318e-01
6.008119079837618282e-01 7.833446174678402318e-01
6.008119079837618282e-01 7.846987136086661652e-01
6.014884979702300738e-01 7.846987136086661652e-01
6.014884979702300738e-01 7.860528097494922095e-01
6.021650879566982084e-01 7.860528097494922095e-01
6.021650879566982084e-01 7.867298578199052317e-01
6.028416779431664541e-01 7.867298578199052317e-01
6.028416779431664541e-01 7.874069058903182539e-01
6.041948579161028343e-01 7.874069058903182539e-01
6.055480378890392146e-01 7.874069058903182539e-01
6.062246278755074602e-01 7.874069058903182539e-01
6.062246278755074602e-01 7.887610020311441872e-01
6.089309878213802207e-01 7.887610020311441872e-01
6.089309878213802207e-01 7.928232904536222092e-01
6.096075778078484664e-01 7.928232904536222092e-01
6.096075778078484664e-01 7.948544346648611647e-01
6.102841677943166010e-01 7.948544346648611647e-01
6.102841677943166010e-01 7.955314827352741869e-01
6.109607577807848466e-01 7.955314827352741869e-01
6.109607577807848466e-01 7.968855788761002312e-01
6.129905277401894725e-01 7.968855788761002312e-01
6.136671177266576072e-01 7.968855788761002312e-01
6.163734776725304787e-01 7.968855788761002312e-01
6.177266576454668590e-01 7.968855788761002312e-01
6.177266576454668590e-01 7.975626269465132534e-01
6.184032476319349936e-01 7.975626269465132534e-01
6.197564276048714849e-01 7.975626269465132534e-01
6.197564276048714849e-01 7.982396750169261646e-01
6.211096075778078651e-01 7.982396750169261646e-01
6.217861975642759997e-01 7.982396750169261646e-01
6.217861975642759997e-01 7.989167230873391867e-01
6.244925575101488713e-01 7.989167230873391867e-01
6.244925575101488713e-01 7.995937711577522089e-01
6.258457374830852515e-01 7.995937711577522089e-01
6.271989174560216318e-01 7.995937711577522089e-01
6.278755074424898774e-01 7.995937711577522089e-01
6.278755074424898774e-01 8.002708192281652311e-01
6.285520974289580121e-01 8.002708192281652311e-01
6.285520974289580121e-01 8.023019634394041866e-01
6.305818673883626380e-01 8.023019634394041866e-01
6.305818673883626380e-01 8.029790115098172087e-01
6.319350473612990182e-01 8.029790115098172087e-01
6.346414073071718898e-01 8.029790115098172087e-01
6.346414073071718898e-01 8.036560595802302309e-01
6.359945872801082700e-01 8.036560595802302309e-01
6.359945872801082700e-01 8.056872037914691864e-01
6.373477672530446503e-01 8.056872037914691864e-01
6.373477672530446503e-01 8.063642518618822086e-01
6.393775372124492762e-01 8.063642518618822086e-01
6.393775372124492762e-01 8.070412999322952308e-01
6.420838971583220367e-01 8.070412999322952308e-01
6.420838971583220367e-01 8.090724441435341863e-01
6.441136671177266626e-01 8.090724441435341863e-01
6.441136671177266626e-01 8.104265402843602306e-01
6.447902571041949082e-01 8.104265402843602306e-01
6.474966170500676688e-01 8.104265402843602306e-01
6.474966170500676688e-01 8.117806364251861639e-01
6.495263870094722947e-01 8.117806364251861639e-01
6.495263870094722947e-01 8.131347325660122083e-01
6.508795669824086749e-01 8.131347325660122083e-01
6.508795669824086749e-01 8.138117806364252305e-01
6.522327469553450552e-01 8.138117806364252305e-01
6.522327469553450552e-01 8.144888287068381416e-01
6.583220568335588219e-01 8.144888287068381416e-01
6.596752368064953131e-01 8.144888287068381416e-01
6.596752368064953131e-01 8.165199729180772081e-01
6.610284167794316934e-01 8.165199729180772081e-01
6.617050067658998280e-01 8.165199729180772081e-01
6.617050067658998280e-01 8.185511171293161636e-01
6.623815967523680737e-01 8.185511171293161636e-01
6.637347767253044539e-01 8.185511171293161636e-01
6.637347767253044539e-01 8.192281651997291858e-01
6.650879566982408342e-01 8.192281651997291858e-01
6.650879566982408342e-01 8.199052132701422080e-01
6.657645466847090798e-01 8.199052132701422080e-01
6.657645466847090798e-01 8.205822613405552302e-01
6.671177266576454601e-01 8.205822613405552302e-01
6.671177266576454601e-01 8.212593094109681413e-01
6.691474966170500860e-01 8.212593094109681413e-01
6.691474966170500860e-01 8.219363574813811635e-01
6.698240866035182206e-01 8.219363574813811635e-01
6.698240866035182206e-01 8.226134055517941857e-01
6.718538565629228465e-01 8.226134055517941857e-01
6.718538565629228465e-01 8.232904536222072078e-01
6.732070365358592268e-01 8.232904536222072078e-01
6.732070365358592268e-01 8.239675016926202300e-01
6.752368064952638527e-01 8.239675016926202300e-01
6.752368064952638527e-01 8.246445497630331412e-01
6.759133964817320983e-01 8.246445497630331412e-01
6.779431664411367242e-01 8.246445497630331412e-01
6.786197564276048588e-01 8.246445497630331412e-01
6.786197564276048588e-01 8.253215978334461633e-01
6.792963464140731045e-01 8.253215978334461633e-01
6.792963464140731045e-01 8.266756939742722077e-01
6.813261163734776193e-01 8.266756939742722077e-01
6.813261163734776193e-01 8.273527420446851188e-01
6.820027063599458650e-01 8.273527420446851188e-01
6.833558863328822452e-01 8.273527420446851188e-01
6.833558863328822452e-01 8.287068381855111632e-01
6.840324763193504909e-01 8.287068381855111632e-01
6.840324763193504909e-01 8.293838862559241853e-01
6.847090663058186255e-01 8.293838862559241853e-01
6.847090663058186255e-01 8.300609343263372075e-01
6.853856562922868711e-01 8.300609343263372075e-01
6.853856562922868711e-01 8.314150304671631408e-01
6.860622462787551168e-01 8.314150304671631408e-01
6.860622462787551168e-01 8.327691266079891852e-01
6.867388362652232514e-01 8.327691266079891852e-01
6.867388362652232514e-01 8.341232227488151185e-01
6.874154262516914971e-01 8.341232227488151185e-01
6.874154262516914971e-01 8.361543669600541850e-01
6.887686062246278773e-01 8.361543669600541850e-01
6.887686062246278773e-01 8.368314150304672072e-01
6.894451962110961230e-01 8.368314150304672072e-01
6.894451962110961230e-01 8.388625592417061627e-01
6.914749661705006378e-01 8.388625592417061627e-01
6.928281461434371291e-01 8.388625592417061627e-01
6.928281461434371291e-01 8.402166553825322071e-01
6.935047361299052637e-01 8.402166553825322071e-01
6.948579161028416440e-01 8.402166553825322071e-01
6.948579161028416440e-01 8.408937034529451182e-01
6.962110960757780243e-01 8.408937034529451182e-01
6.962110960757780243e-01 8.422477995937711626e-01
6.975642760487145155e-01 8.422477995937711626e-01
6.989174560216508958e-01 8.422477995937711626e-01
6.989174560216508958e-01 8.429248476641841847e-01
7.002706359945872761e-01 8.429248476641841847e-01
7.002706359945872761e-01 8.436018957345972069e-01
7.009472259810555217e-01 8.436018957345972069e-01
7.009472259810555217e-01 8.442789438050101181e-01
7.023004059539919020e-01 8.442789438050101181e-01
7.023004059539919020e-01 8.449559918754231402e-01
7.036535859269282822e-01 8.449559918754231402e-01
7.036535859269282822e-01 8.463100880162491846e-01
7.050067658998646625e-01 8.463100880162491846e-01
7.063599458728010427e-01 8.463100880162491846e-01
7.070365358592692884e-01 8.463100880162491846e-01
7.070365358592692884e-01 8.469871360866622068e-01
7.077131258457375340e-01 8.469871360866622068e-01
7.104194857916102945e-01 8.469871360866622068e-01
7.124492557510149204e-01 8.469871360866622068e-01
7.124492557510149204e-01 8.490182802979011623e-01
7.131258457374830551e-01 8.490182802979011623e-01
7.144790257104194353e-01 8.490182802979011623e-01
7.151556156968876810e-01 8.490182802979011623e-01
7.151556156968876810e-01 8.503723764387270956e-01
7.165087956698240612e-01 8.503723764387270956e-01
7.178619756427604415e-01 8.503723764387270956e-01
7.192151556156969328e-01 8.503723764387270956e-01
7.198917456021650674e-01 8.503723764387270956e-01
7.198917456021650674e-01 8.510494245091401178e-01
7.225981055480379389e-01 8.510494245091401178e-01
7.225981055480379389e-01 8.524035206499661621e-01
7.246278755074424538e-01 8.524035206499661621e-01
7.259810554803789451e-01 8.524035206499661621e-01
7.293640054127198402e-01 8.524035206499661621e-01
7.293640054127198402e-01 8.530805687203791843e-01
7.300405953991880859e-01 8.530805687203791843e-01
7.300405953991880859e-01 8.537576167907920954e-01
7.313937753721244661e-01 8.537576167907920954e-01
7.327469553450608464e-01 8.537576167907920954e-01
7.327469553450608464e-01 8.564658090724441841e-01
7.341001353179973377e-01 8.564658090724441841e-01
7.341001353179973377e-01 8.571428571428570953e-01
7.347767253044654723e-01 8.571428571428570953e-01
7.361299052774018525e-01 8.571428571428570953e-01
7.368064952638700982e-01 8.571428571428570953e-01
7.368064952638700982e-01 8.578199052132701175e-01
7.381596752368064784e-01 8.578199052132701175e-01
7.388362652232747241e-01 8.578199052132701175e-01
7.388362652232747241e-01 8.584969532836831396e-01
7.408660351826793500e-01 8.584969532836831396e-01
7.408660351826793500e-01 8.598510494245091840e-01
7.422192151556157302e-01 8.598510494245091840e-01
7.428958051420838649e-01 8.598510494245091840e-01
7.428958051420838649e-01 8.612051455653351173e-01
7.442489851150202451e-01 8.612051455653351173e-01
7.449255751014884908e-01 8.612051455653351173e-01
7.462787550744248710e-01 8.612051455653351173e-01
7.483085250338294969e-01 8.612051455653351173e-01
7.483085250338294969e-01 8.618821936357481395e-01
7.489851150202977426e-01 8.618821936357481395e-01
7.489851150202977426e-01 8.639133378469870950e-01
7.503382949932341228e-01 8.639133378469870950e-01
7.503382949932341228e-01 8.645903859174001171e-01
7.516914749661705031e-01 8.645903859174001171e-01
7.516914749661705031e-01 8.672985781990520948e-01
7.530446549391068833e-01 8.672985781990520948e-01
7.530446549391068833e-01 8.686526743398781392e-01
7.557510148849797549e-01 8.686526743398781392e-01
7.611637347767252759e-01 8.686526743398781392e-01
7.611637347767252759e-01 8.713608666215301168e-01
7.618403247631935216e-01 8.713608666215301168e-01
7.618403247631935216e-01 8.720379146919431390e-01
7.631935047361299018e-01 8.720379146919431390e-01
7.631935047361299018e-01 8.727149627623561612e-01
7.645466847090662821e-01 8.727149627623561612e-01
7.652232746955345277e-01 8.727149627623561612e-01
7.652232746955345277e-01 8.747461069735951167e-01
7.665764546684709080e-01 8.747461069735951167e-01
7.665764546684709080e-01 8.767772511848340722e-01
7.672530446549391536e-01 8.767772511848340722e-01
7.672530446549391536e-01 8.781313473256601165e-01
7.699594046008119141e-01 8.781313473256601165e-01
7.706359945872801598e-01 8.781313473256601165e-01
7.719891745602165400e-01 8.781313473256601165e-01
7.733423545331529203e-01 8.781313473256601165e-01
7.733423545331529203e-01 8.794854434664861609e-01
7.746955345060893006e-01 8.794854434664861609e-01
7.753721244925575462e-01 8.794854434664861609e-01
7.767253044654939265e-01 8.794854434664861609e-01
7.767253044654939265e-01 8.801624915368990720e-01
7.787550744248985524e-01 8.801624915368990720e-01
7.801082543978349326e-01 8.801624915368990720e-01
7.814614343707713129e-01 8.801624915368990720e-01
7.814614343707713129e-01 8.808395396073120942e-01
7.821380243572395585e-01 8.808395396073120942e-01
7.834912043301759388e-01 8.808395396073120942e-01
7.855209742895805647e-01 8.808395396073120942e-01
7.861975642760486993e-01 8.808395396073120942e-01
7.875507442489850796e-01 8.808395396073120942e-01
7.875507442489850796e-01 8.815165876777251164e-01
7.889039242219215708e-01 8.815165876777251164e-01
7.889039242219215708e-01 8.835477318889640719e-01
7.902571041948579511e-01 8.835477318889640719e-01
7.902571041948579511e-01 8.862559241706161606e-01
7.909336941813260857e-01 8.862559241706161606e-01
7.909336941813260857e-01 8.876100203114420939e-01
7.922868741542624660e-01 8.876100203114420939e-01
7.922868741542624660e-01 8.882870683818551161e-01
7.936400541271989573e-01 8.882870683818551161e-01
7.936400541271989573e-01 8.889641164522681382e-01
7.943166441136670919e-01 8.889641164522681382e-01
7.943166441136670919e-01 8.896411645226811604e-01
8.017591339648173498e-01 8.896411645226811604e-01
8.037889039242219757e-01 8.896411645226811604e-01
8.044654939106901104e-01 8.896411645226811604e-01
8.044654939106901104e-01 8.903182125930940716e-01
8.098782138024357424e-01 8.903182125930940716e-01
8.119079837618403683e-01 8.903182125930940716e-01
8.119079837618403683e-01 8.916723087339201159e-01
8.132611637347767486e-01 8.916723087339201159e-01
8.132611637347767486e-01 8.937034529451590714e-01
8.146143437077131289e-01 8.937034529451590714e-01
8.159675236806495091e-01 8.937034529451590714e-01
8.159675236806495091e-01 8.943805010155720936e-01
8.166441136671177548e-01 8.943805010155720936e-01
8.166441136671177548e-01 8.957345971563981379e-01
8.173207036535858894e-01 8.957345971563981379e-01
8.173207036535858894e-01 8.977657413676370934e-01
8.186738836265223807e-01 8.977657413676370934e-01
8.186738836265223807e-01 8.997968855788760489e-01
8.200270635994587609e-01 8.997968855788760489e-01
8.213802435723951412e-01 8.997968855788760489e-01
8.220568335588632758e-01 8.997968855788760489e-01
8.234100135317997671e-01 8.997968855788760489e-01
8.234100135317997671e-01 9.025050778605281376e-01
8.254397834912042820e-01 9.025050778605281376e-01
8.254397834912042820e-01 9.045362220717670931e-01
8.267929634641407732e-01 9.045362220717670931e-01
8.294993234100135338e-01 9.045362220717670931e-01
8.308525033829499140e-01 9.045362220717670931e-01
8.308525033829499140e-01 9.079214624238320930e-01
8.315290933694181597e-01 9.079214624238320930e-01
8.315290933694181597e-01 9.085985104942451152e-01
8.322056833558862943e-01 9.085985104942451152e-01
8.322056833558862943e-01 9.092755585646581373e-01
8.328822733423545399e-01 9.092755585646581373e-01
8.328822733423545399e-01 9.099526066350710485e-01
8.349120433017591658e-01 9.099526066350710485e-01
8.349120433017591658e-01 9.113067027758970928e-01
8.355886332882273004e-01 9.113067027758970928e-01
8.355886332882273004e-01 9.119837508463101150e-01
8.376184032476319263e-01 9.119837508463101150e-01
8.389715832205683066e-01 9.119837508463101150e-01
8.389715832205683066e-01 9.126607989167231372e-01
8.403247631935046869e-01 9.126607989167231372e-01
8.403247631935046869e-01 9.153689911983751148e-01
8.410013531799729325e-01 9.153689911983751148e-01
8.410013531799729325e-01 9.160460392687881370e-01
8.457374830852503189e-01 9.160460392687881370e-01
8.470906630581866992e-01 9.160460392687881370e-01
8.497970230040595707e-01 9.160460392687881370e-01
8.497970230040595707e-01 9.167230873392010482e-01
8.504736129905277053e-01 9.167230873392010482e-01
8.531799729364005769e-01 9.167230873392010482e-01
8.531799729364005769e-01 9.174001354096140703e-01
8.552097428958050918e-01 9.174001354096140703e-01
8.565629228687415830e-01 9.174001354096140703e-01
8.572395128552097177e-01 9.174001354096140703e-01
8.572395128552097177e-01 9.180771834800270925e-01
8.579161028416779633e-01 9.180771834800270925e-01
8.579161028416779633e-01 9.187542315504401147e-01
8.585926928281460979e-01 9.187542315504401147e-01
8.585926928281460979e-01 9.194312796208530258e-01
8.612990527740189695e-01 9.194312796208530258e-01
8.612990527740189695e-01 9.207853757616790702e-01
8.626522327469553497e-01 9.207853757616790702e-01
8.626522327469553497e-01 9.221394719025051145e-01
8.633288227334235954e-01 9.221394719025051145e-01
8.633288227334235954e-01 9.228165199729180257e-01
8.640054127198917300e-01 9.228165199729180257e-01
8.640054127198917300e-01 9.248476641841570922e-01
8.673883626522327361e-01 9.248476641841570922e-01
8.687415426251691164e-01 9.248476641841570922e-01
8.687415426251691164e-01 9.255247122545701144e-01
8.714479025710419879e-01 9.255247122545701144e-01
8.714479025710419879e-01 9.262017603249830255e-01
8.721244925575101226e-01 9.262017603249830255e-01
8.721244925575101226e-01 9.268788083953960477e-01
8.748308525033829941e-01 9.268788083953960477e-01
8.748308525033829941e-01 9.275558564658090699e-01
8.761840324763193744e-01 9.275558564658090699e-01
8.761840324763193744e-01 9.282329045362220921e-01
8.768606224627875090e-01 9.282329045362220921e-01
8.768606224627875090e-01 9.289099526066351142e-01
8.782138024357240003e-01 9.289099526066351142e-01
8.809201623815967608e-01 9.289099526066351142e-01
8.815967523680650064e-01 9.289099526066351142e-01
8.815967523680650064e-01 9.309410968178740697e-01
8.849797023004059016e-01 9.309410968178740697e-01
8.849797023004059016e-01 9.316181448882870919e-01
8.856562922868741472e-01 9.316181448882870919e-01
8.856562922868741472e-01 9.336492890995260474e-01
8.870094722598105275e-01 9.336492890995260474e-01
8.870094722598105275e-01 9.350033852403520918e-01
8.876860622462787731e-01 9.350033852403520918e-01
8.876860622462787731e-01 9.356804333107651139e-01
8.883626522327469077e-01 9.356804333107651139e-01
8.883626522327469077e-01 9.363574813811780251e-01
8.890392422192151534e-01 9.363574813811780251e-01
8.890392422192151534e-01 9.377115775220040694e-01
8.903924221921515336e-01 9.377115775220040694e-01
8.903924221921515336e-01 9.383886255924170916e-01
8.910690121786197793e-01 9.383886255924170916e-01
8.910690121786197793e-01 9.397427217332430249e-01
8.917456021650879139e-01 9.397427217332430249e-01
8.930987821380244052e-01 9.397427217332430249e-01
8.937753721244925398e-01 9.397427217332430249e-01
8.937753721244925398e-01 9.417738659444820915e-01
8.944519621109607854e-01 9.417738659444820915e-01
8.944519621109607854e-01 9.431279620853080248e-01
8.958051420838971657e-01 9.431279620853080248e-01
8.958051420838971657e-01 9.444820582261340691e-01
8.964817320703654113e-01 9.444820582261340691e-01
8.964817320703654113e-01 9.458361543669600024e-01
8.971583220568335459e-01 9.458361543669600024e-01
8.971583220568335459e-01 9.465132024373730246e-01
8.985115020297699262e-01 9.465132024373730246e-01
8.985115020297699262e-01 9.478672985781990690e-01
8.991880920162381718e-01 9.478672985781990690e-01
8.991880920162381718e-01 9.498984427894380245e-01
8.998646820027063065e-01 9.498984427894380245e-01
8.998646820027063065e-01 9.505754908598510466e-01
9.018944519621109324e-01 9.505754908598510466e-01
9.018944519621109324e-01 9.512525389302640688e-01
9.025710419485791780e-01 9.512525389302640688e-01
9.025710419485791780e-01 9.519295870006770910e-01
9.046008119079838039e-01 9.519295870006770910e-01
9.066305818673883188e-01 9.519295870006770910e-01
9.079837618403248101e-01 9.519295870006770910e-01
9.079837618403248101e-01 9.526066350710900021e-01
9.093369418132611903e-01 9.526066350710900021e-01
9.106901217861975706e-01 9.526066350710900021e-01
9.120433017591339508e-01 9.526066350710900021e-01
9.120433017591339508e-01 9.532836831415030243e-01
9.127198917456021965e-01 9.532836831415030243e-01
9.127198917456021965e-01 9.546377792823290687e-01
9.133964817320703311e-01 9.546377792823290687e-01
9.133964817320703311e-01 9.553148273527420908e-01
9.147496617050067114e-01 9.553148273527420908e-01
9.174560216508795829e-01 9.553148273527420908e-01
9.174560216508795829e-01 9.559918754231550020e-01
9.181326116373477175e-01 9.559918754231550020e-01
9.208389715832205891e-01 9.559918754231550020e-01
9.208389715832205891e-01 9.573459715639810463e-01
9.221921515561569693e-01 9.573459715639810463e-01
9.228687415426252150e-01 9.573459715639810463e-01
9.228687415426252150e-01 9.580230196343940685e-01
9.242219215155615952e-01 9.580230196343940685e-01
9.255751014884979755e-01 9.580230196343940685e-01
9.255751014884979755e-01 9.587000677048070907e-01
9.269282814614343557e-01 9.587000677048070907e-01
9.269282814614343557e-01 9.607312119160460462e-01
9.282814614343707360e-01 9.607312119160460462e-01
9.282814614343707360e-01 9.614082599864590684e-01
9.289580514208389816e-01 9.614082599864590684e-01
9.289580514208389816e-01 9.620853080568720905e-01
9.296346414073072273e-01 9.620853080568720905e-01
9.296346414073072273e-01 9.634394041976980239e-01
9.309878213802436075e-01 9.634394041976980239e-01
9.309878213802436075e-01 9.654705484089369794e-01
9.316644113667117422e-01 9.654705484089369794e-01
9.330175913396481224e-01 9.654705484089369794e-01
9.330175913396481224e-01 9.661475964793500015e-01
9.350473612990527483e-01 9.661475964793500015e-01
9.364005412719891286e-01 9.661475964793500015e-01
9.397834912043301347e-01 9.661475964793500015e-01
9.397834912043301347e-01 9.675016926201760459e-01
9.418132611637347607e-01 9.675016926201760459e-01
9.431664411366711409e-01 9.675016926201760459e-01
9.438430311231393866e-01 9.675016926201760459e-01
9.451962110960757668e-01 9.675016926201760459e-01
9.458728010825440125e-01 9.675016926201760459e-01
9.458728010825440125e-01 9.688557887610019792e-01
9.472259810554803927e-01 9.688557887610019792e-01
9.472259810554803927e-01 9.702098849018280236e-01
9.492557510148850186e-01 9.702098849018280236e-01
9.499323410013531532e-01 9.702098849018280236e-01
9.499323410013531532e-01 9.708869329722410457e-01
9.512855209742895335e-01 9.708869329722410457e-01
9.512855209742895335e-01 9.729180771834800012e-01
9.526387009472260248e-01 9.729180771834800012e-01
9.533152909336941594e-01 9.729180771834800012e-01
9.533152909336941594e-01 9.735951252538930234e-01
9.560216508795670309e-01 9.735951252538930234e-01
9.573748308525034112e-01 9.735951252538930234e-01
9.573748308525034112e-01 9.742721733243060456e-01
9.580514208389715458e-01 9.742721733243060456e-01
9.580514208389715458e-01 9.756262694651319789e-01
9.614343707713125520e-01 9.756262694651319789e-01
9.614343707713125520e-01 9.783344617467840676e-01
9.627875507442489322e-01 9.783344617467840676e-01
9.627875507442489322e-01 9.796885578876100009e-01
9.641407307171854235e-01 9.796885578876100009e-01
9.641407307171854235e-01 9.803656059580230231e-01
9.648173207036535581e-01 9.803656059580230231e-01
9.648173207036535581e-01 9.810426540284360453e-01
9.661705006765899384e-01 9.810426540284360453e-01
9.675236806495264297e-01 9.810426540284360453e-01
9.688768606224628099e-01 9.810426540284360453e-01
9.688768606224628099e-01 9.823967501692619786e-01
9.695534506089309446e-01 9.823967501692619786e-01
9.695534506089309446e-01 9.830737982396750008e-01
9.709066305818674358e-01 9.830737982396750008e-01
9.709066305818674358e-01 9.837508463100880229e-01
9.715832205683355705e-01 9.837508463100880229e-01
9.715832205683355705e-01 9.851049424509140673e-01
9.729364005412719507e-01 9.851049424509140673e-01
9.729364005412719507e-01 9.857819905213269784e-01
9.736129905277401964e-01 9.857819905213269784e-01
9.736129905277401964e-01 9.864590385917400006e-01
9.749661705006765766e-01 9.864590385917400006e-01
9.776725304465493371e-01 9.864590385917400006e-01
9.797023004059539630e-01 9.864590385917400006e-01
9.797023004059539630e-01 9.871360866621530228e-01
9.817320703653585889e-01 9.871360866621530228e-01
9.817320703653585889e-01 9.884901828029789561e-01
9.824086603518268346e-01 9.884901828029789561e-01
9.824086603518268346e-01 9.905213270142180226e-01
9.844384303112313495e-01 9.905213270142180226e-01
9.844384303112313495e-01 9.925524712254569781e-01
9.857916102841678407e-01 9.925524712254569781e-01
9.857916102841678407e-01 9.932295192958700003e-01
9.864682002706359754e-01 9.932295192958700003e-01
9.864682002706359754e-01 9.939065673662830225e-01
9.871447902571042210e-01 9.939065673662830225e-01
9.884979702300406013e-01 9.939065673662830225e-01
9.891745602165088469e-01 9.939065673662830225e-01
9.891745602165088469e-01 9.945836154366960447e-01
9.898511502029769815e-01 9.945836154366960447e-01
9.898511502029769815e-01 9.959377115775219780e-01
9.918809201623816074e-01 9.959377115775219780e-01
9.932341001353179877e-01 9.959377115775219780e-01
9.932341001353179877e-01 9.966147596479350002e-01
9.939106901217862333e-01 9.966147596479350002e-01
9.939106901217862333e-01 9.986459038591739557e-01
9.952638700947226136e-01 9.986459038591739557e-01
9.952638700947226136e-01 9.993229519295869778e-01
1.000000000000000000e+00 9.993229519295869778e-01
1.000000000000000000e+00 1.000000000000000000e+00
