# auc=0.558
# acc=0.512
0.000000000000000000e+00 0.000000000000000000e+00
7.645466847090663653e-02 2.491536899119837500e-01
8.322056833558863498e-02 2.586323628977657552e-01
1.096075778078484386e-01 2.958700067704806980e-01
1.177266576454668451e-01 3.026404874746106977e-01
1.393775372124492484e-01 3.229519295870006967e-01
1.407307171853856564e-01 3.256601218686526744e-01
1.535859269282814632e-01 3.331076506431956408e-01
1.569688768606224694e-01 3.337846987136086629e-01
1.637347767253044539e-01 3.405551794177386626e-01
1.644113667117726718e-01 3.419092755585646515e-01
1.711772665764546564e-01 3.459715639810426735e-01
1.718538565629228743e-01 3.473256601218686623e-01
1.806495263870094847e-01 3.527420446851726732e-01
1.847090663058186810e-01 3.547731888964116287e-01
1.907983761840324755e-01 3.608666215301286617e-01
1.955345060893098896e-01 3.642518618821936616e-01
1.955345060893098896e-01 3.669600541638456392e-01
2.009472259810554939e-01 3.696682464454976169e-01
2.023004059539918742e-01 3.703452945159106391e-01
2.036535859269282822e-01 3.744075829383886056e-01
2.056833558863328804e-01 3.744075829383886056e-01
2.090663058186738865e-01 3.777928232904536054e-01
2.097428958051420766e-01 3.805010155721056386e-01
2.124492557510148927e-01 3.838862559241706385e-01
2.124492557510148927e-01 3.845633039945836051e-01
2.158322056833558988e-01 3.852403520649966273e-01
2.165087956698240890e-01 3.872714962762356383e-01
2.165087956698240890e-01 3.893026404874745938e-01
2.171853856562922791e-01 3.899796885578876160e-01
2.185385656292286871e-01 3.899796885578876160e-01
2.219215155615696933e-01 3.940419769803655825e-01
2.219215155615696933e-01 3.953960731211916269e-01
2.225981055480378834e-01 3.981042654028436045e-01
2.225981055480378834e-01 3.994583615436695934e-01
2.232746955345061013e-01 4.014895057549086044e-01
2.232746955345061013e-01 4.021665538253215710e-01
2.286874154262516778e-01 4.021665538253215710e-01
2.307171853856563037e-01 4.028436018957345932e-01
2.347767253044655000e-01 4.041976980365605820e-01
2.361299052774019080e-01 4.048747461069736042e-01
2.374830852503382883e-01 4.062288422477995931e-01
2.374830852503382883e-01 4.075829383886255819e-01
2.381596752368065062e-01 4.116452268111036039e-01
2.381596752368065062e-01 4.123222748815165706e-01
2.388362652232746963e-01 4.143534190927555816e-01
2.388362652232746963e-01 4.163845633039945926e-01
2.422192151556157025e-01 4.163845633039945926e-01
2.422192151556157025e-01 4.170616113744075593e-01
2.428958051420838926e-01 4.177386594448205814e-01
2.442489851150203006e-01 4.184157075152336036e-01
2.462787550744248988e-01 4.204468517264725591e-01
2.469553450608930889e-01 4.224779959377115701e-01
2.469553450608930889e-01 4.231550440081245923e-01
2.476319350473613068e-01 4.238320920785375590e-01
2.476319350473613068e-01 4.245091401489505811e-01
2.489851150202976870e-01 4.251861882193635478e-01
2.489851150202976870e-01 4.258632362897765700e-01
2.489851150202976870e-01 4.278943805010155810e-01
2.489851150202976870e-01 4.285714285714285476e-01
2.496617050067659049e-01 4.299255247122545920e-01
2.503382949932341228e-01 4.299255247122545920e-01
2.516914749661705031e-01 4.306025727826675586e-01
2.523680649526386932e-01 4.312796208530805808e-01
2.530446549391068833e-01 4.326337169939065697e-01
2.543978349120433191e-01 4.339878131347325585e-01
2.543978349120433191e-01 4.366960054163845362e-01
2.557510148849796994e-01 4.373730534867975583e-01
2.564276048714478895e-01 4.380501015572105805e-01
2.577807848443843253e-01 4.387271496276235472e-01
2.584573748308525154e-01 4.387271496276235472e-01
2.598105548037888957e-01 4.387271496276235472e-01
2.604871447902570858e-01 4.387271496276235472e-01
2.631935047361299018e-01 4.387271496276235472e-01
2.631935047361299018e-01 4.394041976980365694e-01
2.645466847090662821e-01 4.394041976980365694e-01
2.665764546684709080e-01 4.394041976980365694e-01
2.665764546684709080e-01 4.407582938388625582e-01
2.672530446549390981e-01 4.407582938388625582e-01
2.672530446549390981e-01 4.421123899796885470e-01
2.679296346414072882e-01 4.427894380501015692e-01
2.713125845737482944e-01 4.434664861205145359e-01
2.726657645466847302e-01 4.434664861205145359e-01
2.733423545331529203e-01 4.434664861205145359e-01
2.733423545331529203e-01 4.441435341909275580e-01
2.733423545331529203e-01 4.454976303317535469e-01
2.740189445196211104e-01 4.468517264725795357e-01
2.746955345060893006e-01 4.475287745429925579e-01
2.753721244925574907e-01 4.475287745429925579e-01
2.753721244925574907e-01 4.482058226134055245e-01
2.794316644113666870e-01 4.482058226134055245e-01
2.794316644113666870e-01 4.488828706838185467e-01
2.814614343707713129e-01 4.488828706838185467e-01
2.814614343707713129e-01 4.502369668246445356e-01
2.821380243572395030e-01 4.502369668246445356e-01
2.821380243572395030e-01 4.509140148950575577e-01
2.821380243572395030e-01 4.522681110358835466e-01
2.828146143437076931e-01 4.522681110358835466e-01
2.841677943166441289e-01 4.536222071767095354e-01
2.855209742895805092e-01 4.536222071767095354e-01
2.882273342354533252e-01 4.542992552471225576e-01
2.889039242219215153e-01 4.549763033175355242e-01
2.902571041948578956e-01 4.556533513879485464e-01
2.929634641407307116e-01 4.563303994583615686e-01
2.956698240866035277e-01 4.583615436696005241e-01
2.956698240866035277e-01 4.590385917400135463e-01
2.963464140730717178e-01 4.590385917400135463e-01
2.963464140730717178e-01 4.597156398104265129e-01
2.976995940460080980e-01 4.597156398104265129e-01
2.976995940460080980e-01 4.610697359512525573e-01
2.990527740189445338e-01 4.610697359512525573e-01
2.990527740189445338e-01 4.617467840216655239e-01
2.997293640054127239e-01 4.617467840216655239e-01
2.997293640054127239e-01 4.624238320920785461e-01
3.004059539918809141e-01 4.624238320920785461e-01
3.017591339648172943e-01 4.624238320920785461e-01
3.024357239512855400e-01 4.624238320920785461e-01
3.037889039242219202e-01 4.637779282329045349e-01
3.051420838971583005e-01 4.637779282329045349e-01
3.058186738836265461e-01 4.637779282329045349e-01
3.058186738836265461e-01 4.644549763033175571e-01
3.064952638700947363e-01 4.651320243737305238e-01
3.092016238159674968e-01 4.658090724441435460e-01
3.092016238159674968e-01 4.664861205145565126e-01
3.105548037889039326e-01 4.664861205145565126e-01
3.105548037889039326e-01 4.691943127962085458e-01
3.119079837618403128e-01 4.691943127962085458e-01
3.125845737483085029e-01 4.698713608666215125e-01
3.152909336941813190e-01 4.698713608666215125e-01
3.166441136671176992e-01 4.705484089370345346e-01
3.173207036535859449e-01 4.719025050778605235e-01
3.179972936400541350e-01 4.719025050778605235e-01
3.179972936400541350e-01 4.725795531482735456e-01
3.200270635994587054e-01 4.725795531482735456e-01
3.227334235453315214e-01 4.725795531482735456e-01
3.227334235453315214e-01 4.739336492890995345e-01
3.234100135317997116e-01 4.739336492890995345e-01
3.254397834912043375e-01 4.739336492890995345e-01
3.261163734776725276e-01 4.739336492890995345e-01
3.261163734776725276e-01 4.746106973595125011e-01
3.267929634641407177e-01 4.752877454299255233e-01
3.267929634641407177e-01 4.759647935003385455e-01
3.281461434370771535e-01 4.759647935003385455e-01
3.288227334235453436e-01 4.766418415707515122e-01
3.288227334235453436e-01 4.773188896411645343e-01
3.288227334235453436e-01 4.786729857819905232e-01
3.294993234100135338e-01 4.786729857819905232e-01
3.294993234100135338e-01 4.793500338524035453e-01
3.301759133964817239e-01 4.813811780636425008e-01
3.301759133964817239e-01 4.820582261340555230e-01
3.315290933694181597e-01 4.820582261340555230e-01
3.322056833558863498e-01 4.820582261340555230e-01
3.322056833558863498e-01 4.834123222748815119e-01
3.335588633288227300e-01 4.834123222748815119e-01
3.335588633288227300e-01 4.840893703452945340e-01
3.349120433017591103e-01 4.854434664861205229e-01
3.355886332882273559e-01 4.854434664861205229e-01
3.376184032476319263e-01 4.854434664861205229e-01
3.382949932341001165e-01 4.854434664861205229e-01
3.382949932341001165e-01 4.861205145565334895e-01
3.389715832205683621e-01 4.861205145565334895e-01
3.389715832205683621e-01 4.874746106973595339e-01
3.396481732070365522e-01 4.874746106973595339e-01
3.410013531799729325e-01 4.881516587677725005e-01
3.410013531799729325e-01 4.888287068381855227e-01
3.416779431664411226e-01 4.895057549085984894e-01
3.416779431664411226e-01 4.908598510494245337e-01
3.423545331529093128e-01 4.908598510494245337e-01
3.423545331529093128e-01 4.922139471902505226e-01
3.430311231393775584e-01 4.928909952606634892e-01
3.437077131258457485e-01 4.928909952606634892e-01
3.450608930987821288e-01 4.935680433310765114e-01
3.457374830852503189e-01 4.942450914014894781e-01
3.470906630581867547e-01 4.942450914014894781e-01
3.470906630581867547e-01 4.949221394719025002e-01
3.477672530446549448e-01 4.962762356127284891e-01
3.484438430311231349e-01 4.962762356127284891e-01
3.484438430311231349e-01 4.983073798239675001e-01
3.491204330175913251e-01 4.983073798239675001e-01
3.491204330175913251e-01 4.996614759647934889e-01
3.504736129905277608e-01 4.996614759647934889e-01
3.525033829499323312e-01 4.996614759647934889e-01
3.525033829499323312e-01 5.010155721056195333e-01
3.538565629228687670e-01 5.010155721056195333e-01
3.538565629228687670e-01 5.071090047393365108e-01
3.552097428958051473e-01 5.077860528097495330e-01
3.565629228687415275e-01 5.077860528097495330e-01
3.565629228687415275e-01 5.091401489505754663e-01
3.579161028416779633e-01 5.091401489505754663e-01
3.585926928281461534e-01 5.091401489505754663e-01
3.585926928281461534e-01 5.098171970209884885e-01
3.592692828146143436e-01 5.098171970209884885e-01
3.606224627875507238e-01 5.098171970209884885e-01
3.619756427604871596e-01 5.098171970209884885e-01
3.619756427604871596e-01 5.111712931618145328e-01
3.626522327469553497e-01 5.111712931618145328e-01
3.640054127198917300e-01 5.111712931618145328e-01
3.646820027063599201e-01 5.111712931618145328e-01
3.646820027063599201e-01 5.118483412322274440e-01
3.653585926928281657e-01 5.118483412322274440e-01
3.667117726657645460e-01 5.118483412322274440e-01
3.687415426251691719e-01 5.125253893026404661e-01
3.687415426251691719e-01 5.132024373730534883e-01
3.700947225981055522e-01 5.145565335138795326e-01
3.700947225981055522e-01 5.152335815842924438e-01
3.707713125845737423e-01 5.152335815842924438e-01
3.721244925575101226e-01 5.152335815842924438e-01
3.734776725304465583e-01 5.152335815842924438e-01
3.748308525033829386e-01 5.152335815842924438e-01
3.748308525033829386e-01 5.159106296547054660e-01
3.748308525033829386e-01 5.172647257955315103e-01
3.761840324763193744e-01 5.172647257955315103e-01
3.768606224627875645e-01 5.172647257955315103e-01
3.768606224627875645e-01 5.186188219363574436e-01
3.775372124492557546e-01 5.199729180771834880e-01
3.782138024357239448e-01 5.199729180771834880e-01
3.782138024357239448e-01 5.220040622884224435e-01
3.788903924221921349e-01 5.226811103588354657e-01
3.788903924221921349e-01 5.240352064996615100e-01
3.788903924221921349e-01 5.280974949221394210e-01
3.802435723951285707e-01 5.280974949221394210e-01
3.815967523680649509e-01 5.287745429925524432e-01
3.815967523680649509e-01 5.294515910629654654e-01
3.822733423545331410e-01 5.294515910629654654e-01
3.822733423545331410e-01 5.301286391333784875e-01
3.849797023004059571e-01 5.314827352742044209e-01
3.863328822733423373e-01 5.314827352742044209e-01
3.870094722598105275e-01 5.321597833446174430e-01
3.883626522327469632e-01 5.321597833446174430e-01
3.883626522327469632e-01 5.328368314150304652e-01
3.897158322056833435e-01 5.328368314150304652e-01
3.897158322056833435e-01 5.348679756262694207e-01
3.903924221921515336e-01 5.355450236966824429e-01
3.903924221921515336e-01 5.362220717670954651e-01
3.917456021650879694e-01 5.362220717670954651e-01
3.917456021650879694e-01 5.368991198375084872e-01
3.924221921515561595e-01 5.368991198375084872e-01
3.924221921515561595e-01 5.423155044008124426e-01
3.930987821380243497e-01 5.423155044008124426e-01
3.944519621109607854e-01 5.423155044008124426e-01
3.944519621109607854e-01 5.436696005416384869e-01
3.951285520974289756e-01 5.450236966824644202e-01
3.958051420838971657e-01 5.450236966824644202e-01
3.971583220568335459e-01 5.450236966824644202e-01
3.985115020297699817e-01 5.450236966824644202e-01
3.985115020297699817e-01 5.470548408937034868e-01
3.985115020297699817e-01 5.484089370345294201e-01
3.985115020297699817e-01 5.497630331753554644e-01
3.985115020297699817e-01 5.524712254570074421e-01
3.985115020297699817e-01 5.538253215978334865e-01
3.985115020297699817e-01 5.551794177386594198e-01
3.998646820027063620e-01 5.551794177386594198e-01
3.998646820027063620e-01 5.565335138794854641e-01
4.005412719891745521e-01 5.565335138794854641e-01
4.005412719891745521e-01 5.592417061611374418e-01
4.012178619756427422e-01 5.592417061611374418e-01
4.012178619756427422e-01 5.605958023019634862e-01
4.032476319350473681e-01 5.605958023019634862e-01
4.032476319350473681e-01 5.619498984427894195e-01
4.032476319350473681e-01 5.633039945836154638e-01
4.039242219215155583e-01 5.633039945836154638e-01
4.039242219215155583e-01 5.646580907244413972e-01
4.046008119079837484e-01 5.646580907244413972e-01
4.046008119079837484e-01 5.660121868652674415e-01
4.059539918809201842e-01 5.660121868652674415e-01
4.059539918809201842e-01 5.687203791469194192e-01
4.073071718538565644e-01 5.687203791469194192e-01
4.073071718538565644e-01 5.693974272173324414e-01
4.079837618403247546e-01 5.693974272173324414e-01
4.079837618403247546e-01 5.707515233581583747e-01
4.086603518267929447e-01 5.707515233581583747e-01
4.086603518267929447e-01 5.714285714285713969e-01
4.100135317997293805e-01 5.714285714285713969e-01
4.106901217861975706e-01 5.714285714285713969e-01
4.106901217861975706e-01 5.768449559918754632e-01
4.120433017591339508e-01 5.768449559918754632e-01
4.120433017591339508e-01 5.775220040622883744e-01
4.127198917456021410e-01 5.775220040622883744e-01
4.127198917456021410e-01 5.795531482735274409e-01
4.140730717185385767e-01 5.795531482735274409e-01
4.140730717185385767e-01 5.822613405551794186e-01
4.147496617050067669e-01 5.822613405551794186e-01
4.147496617050067669e-01 5.829383886255924407e-01
4.161028416779431471e-01 5.829383886255924407e-01
4.161028416779431471e-01 5.836154366960054629e-01
4.167794316644113928e-01 5.836154366960054629e-01
4.167794316644113928e-01 5.856465809072444184e-01
4.174560216508795829e-01 5.856465809072444184e-01
4.174560216508795829e-01 5.870006770480704628e-01
4.188092016238159632e-01 5.870006770480704628e-01
4.188092016238159632e-01 5.876777251184833739e-01
4.194857916102841533e-01 5.876777251184833739e-01
4.194857916102841533e-01 5.917400135409613959e-01
4.221921515561569693e-01 5.917400135409613959e-01
4.221921515561569693e-01 5.924170616113744181e-01
4.228687415426251595e-01 5.924170616113744181e-01
4.228687415426251595e-01 5.964793500338524401e-01
4.235453315290933496e-01 5.964793500338524401e-01
4.235453315290933496e-01 5.985104942450913956e-01
4.248985115020297854e-01 5.985104942450913956e-01
4.248985115020297854e-01 5.991875423155044178e-01
4.262516914749661656e-01 5.991875423155044178e-01
4.262516914749661656e-01 5.998645903859174400e-01
4.269282814614343557e-01 5.998645903859174400e-01
4.269282814614343557e-01 6.005416384563303511e-01
4.276048714479025459e-01 6.005416384563303511e-01
4.276048714479025459e-01 6.052809749492213953e-01
4.282814614343707915e-01 6.052809749492213953e-01
4.282814614343707915e-01 6.066350710900474397e-01
4.296346414073071718e-01 6.066350710900474397e-01
4.316644113667117977e-01 6.066350710900474397e-01
4.316644113667117977e-01 6.086662153012863952e-01
4.330175913396481779e-01 6.086662153012863952e-01
4.330175913396481779e-01 6.106973595125253507e-01
4.343707713125845582e-01 6.106973595125253507e-01
4.343707713125845582e-01 6.113744075829383728e-01
4.357239512855209940e-01 6.113744075829383728e-01
4.357239512855209940e-01 6.127285037237644172e-01
4.364005412719891841e-01 6.127285037237644172e-01
4.364005412719891841e-01 6.134055517941774394e-01
4.370771312584573742e-01 6.134055517941774394e-01
4.391069012178620001e-01 6.134055517941774394e-01
4.397834912043301903e-01 6.134055517941774394e-01
4.397834912043301903e-01 6.140825998645903505e-01
4.411366711772665705e-01 6.140825998645903505e-01
4.411366711772665705e-01 6.154366960054163949e-01
4.424898511502029508e-01 6.154366960054163949e-01
4.438430311231393866e-01 6.154366960054163949e-01
4.438430311231393866e-01 6.167907921462423282e-01
4.445196211096075767e-01 6.167907921462423282e-01
4.445196211096075767e-01 6.174678402166553504e-01
4.451962110960757668e-01 6.174678402166553504e-01
4.451962110960757668e-01 6.215301286391333724e-01
4.485791610284167730e-01 6.215301286391333724e-01
4.499323410013531532e-01 6.215301286391333724e-01
4.499323410013531532e-01 6.222071767095463946e-01
4.512855209742895890e-01 6.222071767095463946e-01
4.533152909336941594e-01 6.222071767095463946e-01
4.533152909336941594e-01 6.269465132024373277e-01
4.546684709066305952e-01 6.269465132024373277e-01
4.546684709066305952e-01 6.276235612728503499e-01
4.560216508795669754e-01 6.276235612728503499e-01
4.573748308525033557e-01 6.276235612728503499e-01
4.573748308525033557e-01 6.283006093432633721e-01
4.587280108254397915e-01 6.283006093432633721e-01
4.587280108254397915e-01 6.296547054840894164e-01
4.594046008119079816e-01 6.296547054840894164e-01
4.594046008119079816e-01 6.316858496953283719e-01
4.607577807848443618e-01 6.316858496953283719e-01
4.607577807848443618e-01 6.330399458361544163e-01
4.614343707713126075e-01 6.337169939065673274e-01
4.627875507442489877e-01 6.337169939065673274e-01
4.634641407307171779e-01 6.337169939065673274e-01
4.634641407307171779e-01 6.343940419769803496e-01
4.648173207036536136e-01 6.343940419769803496e-01
4.648173207036536136e-01 6.357481381178063939e-01
4.668470906630581840e-01 6.357481381178063939e-01
4.688768606224628099e-01 6.357481381178063939e-01
4.688768606224628099e-01 6.391333784698713938e-01
4.709066305818673803e-01 6.391333784698713938e-01
4.722598105548038161e-01 6.391333784698713938e-01
4.729364005412720062e-01 6.391333784698713938e-01
4.742895805142083865e-01 6.391333784698713938e-01
4.763193504736130124e-01 6.391333784698713938e-01
4.763193504736130124e-01 6.404874746106973271e-01
4.769959404600812025e-01 6.404874746106973271e-01
4.769959404600812025e-01 6.411645226811103493e-01
4.783491204330175828e-01 6.411645226811103493e-01
4.803788903924222087e-01 6.411645226811103493e-01
4.803788903924222087e-01 6.418415707515233715e-01
4.817320703653585889e-01 6.418415707515233715e-01
4.830852503382949692e-01 6.418415707515233715e-01
4.837618403247632148e-01 6.425186188219363936e-01
4.837618403247632148e-01 6.438727149627623270e-01
4.844384303112314050e-01 6.438727149627623270e-01
4.844384303112314050e-01 6.452268111035883713e-01
4.851150202976995951e-01 6.452268111035883713e-01
4.851150202976995951e-01 6.459038591740013935e-01
4.871447902571042210e-01 6.459038591740013935e-01
4.871447902571042210e-01 6.465809072444143046e-01
4.878213802435724111e-01 6.465809072444143046e-01
4.878213802435724111e-01 6.479350033852403490e-01
4.898511502029769815e-01 6.479350033852403490e-01
4.898511502029769815e-01 6.486120514556533712e-01
4.912043301759134173e-01 6.486120514556533712e-01
4.912043301759134173e-01 6.492890995260663933e-01
4.918809201623816074e-01 6.492890995260663933e-01
4.918809201623816074e-01 6.499661475964793045e-01
4.925575101488497975e-01 6.499661475964793045e-01
4.932341001353179877e-01 6.506431956668923267e-01
4.932341001353179877e-01 6.513202437373053488e-01
4.945872801082544234e-01 6.513202437373053488e-01
4.945872801082544234e-01 6.519972918077183710e-01
4.966170500676589938e-01 6.519972918077183710e-01
4.966170500676589938e-01 6.540284360189573265e-01
4.972936400541271840e-01 6.540284360189573265e-01
4.972936400541271840e-01 6.574136763710223264e-01
4.979702300405953741e-01 6.574136763710223264e-01
4.979702300405953741e-01 6.580907244414353485e-01
4.986468200270636197e-01 6.580907244414353485e-01
5.000000000000000000e-01 6.580907244414353485e-01
5.013531799729363803e-01 6.580907244414353485e-01
5.013531799729363803e-01 6.587677725118483707e-01
5.020297699594046259e-01 6.587677725118483707e-01
5.033829499323410062e-01 6.587677725118483707e-01
5.040595399188092518e-01 6.587677725118483707e-01
5.040595399188092518e-01 6.594448205822613929e-01
5.060893098782137667e-01 6.594448205822613929e-01
5.060893098782137667e-01 6.607989167230873262e-01
5.081190798376183926e-01 6.607989167230873262e-01
5.081190798376183926e-01 6.614759647935003484e-01
5.087956698240866382e-01 6.614759647935003484e-01
5.087956698240866382e-01 6.635071090047393039e-01
5.108254397834911531e-01 6.635071090047393039e-01
5.108254397834911531e-01 6.641841570751523260e-01
5.115020297699593987e-01 6.641841570751523260e-01
5.115020297699593987e-01 6.648612051455653482e-01
5.128552097428957790e-01 6.648612051455653482e-01
5.128552097428957790e-01 6.662153012863912815e-01
5.135317997293640246e-01 6.662153012863912815e-01
5.162381596752367852e-01 6.662153012863912815e-01
5.169147496617050308e-01 6.662153012863912815e-01
5.169147496617050308e-01 6.668923493568043037e-01
5.175913396481731654e-01 6.668923493568043037e-01
5.175913396481731654e-01 6.682464454976303481e-01
5.182679296346414111e-01 6.682464454976303481e-01
5.182679296346414111e-01 6.696005416384562814e-01
5.189445196211096567e-01 6.696005416384562814e-01
5.189445196211096567e-01 6.702775897088693036e-01
5.202976995940460370e-01 6.702775897088693036e-01
5.216508795669824172e-01 6.702775897088693036e-01
5.230040595399187975e-01 6.702775897088693036e-01
5.230040595399187975e-01 6.723087339201083701e-01
5.250338294993234234e-01 6.723087339201083701e-01
5.250338294993234234e-01 6.736628300609343034e-01
5.263870094722598036e-01 6.736628300609343034e-01
5.263870094722598036e-01 6.743398781313473256e-01
5.270635994587280493e-01 6.743398781313473256e-01
5.270635994587280493e-01 6.763710223425862811e-01
5.284167794316644295e-01 6.763710223425862811e-01
5.284167794316644295e-01 6.770480704129993033e-01
5.297699594046008098e-01 6.770480704129993033e-01
5.304465493910690554e-01 6.777251184834123254e-01
5.311231393775371901e-01 6.777251184834123254e-01
5.311231393775371901e-01 6.784021665538253476e-01
5.317997293640054357e-01 6.784021665538253476e-01
5.331529093369418160e-01 6.784021665538253476e-01
5.331529093369418160e-01 6.797562626946512809e-01
5.338294993234100616e-01 6.797562626946512809e-01
5.338294993234100616e-01 6.804333107650643031e-01
5.351826792963464419e-01 6.804333107650643031e-01
5.351826792963464419e-01 6.824644549763033696e-01
5.358592692828145765e-01 6.824644549763033696e-01
5.358592692828145765e-01 6.838185511171293030e-01
5.365358592692828221e-01 6.838185511171293030e-01
5.378890392422192024e-01 6.838185511171293030e-01
5.392422192151555826e-01 6.838185511171293030e-01
5.405953991880919629e-01 6.838185511171293030e-01
5.405953991880919629e-01 6.844955991875423251e-01
5.419485791610284542e-01 6.844955991875423251e-01
5.419485791610284542e-01 6.858496953283683695e-01
5.446549391069012147e-01 6.858496953283683695e-01
5.446549391069012147e-01 6.865267433987812806e-01
5.453315290933694603e-01 6.865267433987812806e-01
5.466847090663058406e-01 6.865267433987812806e-01
5.473612990527739752e-01 6.865267433987812806e-01
5.473612990527739752e-01 6.885578876100203471e-01
5.487144790257104665e-01 6.885578876100203471e-01
5.493910690121786011e-01 6.885578876100203471e-01
5.507442489851149814e-01 6.885578876100203471e-01
5.520974289580514727e-01 6.885578876100203471e-01
5.520974289580514727e-01 6.892349356804332583e-01
5.527740189445196073e-01 6.892349356804332583e-01
5.527740189445196073e-01 6.905890318212593026e-01
5.534506089309878529e-01 6.905890318212593026e-01
5.548037889039242332e-01 6.905890318212593026e-01
5.554803788903923678e-01 6.905890318212593026e-01
5.554803788903923678e-01 6.926201760324982581e-01
5.568335588633288591e-01 6.926201760324982581e-01
5.575101488497969937e-01 6.926201760324982581e-01
5.575101488497969937e-01 6.932972241029112803e-01
5.588633288227333740e-01 6.932972241029112803e-01
5.588633288227333740e-01 6.953283683141503468e-01
5.602165087956698653e-01 6.953283683141503468e-01
5.602165087956698653e-01 6.973595125253893023e-01
5.608930987821379999e-01 6.973595125253893023e-01
5.608930987821379999e-01 6.980365605958023245e-01
5.622462787550743801e-01 6.980365605958023245e-01
5.622462787550743801e-01 6.987136086662153467e-01
5.635994587280108714e-01 6.987136086662153467e-01
5.642760487144790060e-01 6.987136086662153467e-01
5.642760487144790060e-01 7.007447528774543022e-01
5.649526387009472517e-01 7.007447528774543022e-01
5.649526387009472517e-01 7.014218009478673244e-01
5.676589986468200122e-01 7.014218009478673244e-01
5.676589986468200122e-01 7.020988490182803465e-01
5.683355886332882578e-01 7.020988490182803465e-01
5.683355886332882578e-01 7.027758970886932577e-01
5.690121786197563925e-01 7.027758970886932577e-01
5.690121786197563925e-01 7.034529451591062799e-01
5.696887686062246381e-01 7.034529451591062799e-01
5.696887686062246381e-01 7.041299932295193020e-01
5.703653585926927727e-01 7.041299932295193020e-01
5.717185385656292640e-01 7.041299932295193020e-01
5.730717185385656443e-01 7.041299932295193020e-01
5.730717185385656443e-01 7.054840893703453464e-01
5.737483085250337789e-01 7.054840893703453464e-01
5.737483085250337789e-01 7.061611374407582575e-01
5.757780784844384048e-01 7.061611374407582575e-01
5.757780784844384048e-01 7.075152335815843019e-01
5.771312584573747850e-01 7.075152335815843019e-01
5.771312584573747850e-01 7.081922816519973241e-01
5.784844384303112763e-01 7.081922816519973241e-01
5.784844384303112763e-01 7.088693297224103462e-01
5.798376184032476566e-01 7.088693297224103462e-01
5.811907983761840368e-01 7.088693297224103462e-01
5.811907983761840368e-01 7.115775220040623239e-01
5.825439783491204171e-01 7.115775220040623239e-01
5.825439783491204171e-01 7.122545700744752351e-01
5.832205683355886627e-01 7.122545700744752351e-01
5.832205683355886627e-01 7.136086662153012794e-01
5.838971583220567974e-01 7.136086662153012794e-01
5.838971583220567974e-01 7.142857142857143016e-01
5.845737483085250430e-01 7.142857142857143016e-01
5.845737483085250430e-01 7.149627623561273237e-01
5.872801082543978035e-01 7.149627623561273237e-01
5.872801082543978035e-01 7.156398104265402349e-01
5.893098782138024294e-01 7.156398104265402349e-01
5.893098782138024294e-01 7.163168584969532571e-01
5.899864682002706751e-01 7.163168584969532571e-01
5.899864682002706751e-01 7.169939065673662792e-01
5.913396481732070553e-01 7.169939065673662792e-01
5.913396481732070553e-01 7.176709546377793014e-01
5.920162381596751899e-01 7.176709546377793014e-01
5.920162381596751899e-01 7.197020988490182569e-01
5.940460081190798158e-01 7.197020988490182569e-01
5.953991880920161961e-01 7.197020988490182569e-01
5.953991880920161961e-01 7.217332430602573234e-01
5.960757780784844417e-01 7.217332430602573234e-01
5.960757780784844417e-01 7.224102911306702346e-01
5.974289580514208220e-01 7.224102911306702346e-01
5.987821380243572023e-01 7.224102911306702346e-01
6.001353179972936935e-01 7.224102911306702346e-01
6.001353179972936935e-01 7.244414353419093011e-01
6.008119079837618282e-01 7.244414353419093011e-01
6.008119079837618282e-01 7.251184834123223233e-01
6.021650879566982084e-01 7.251184834123223233e-01
6.021650879566982084e-01 7.257955314827352344e-01
6.035182679296345887e-01 7.257955314827352344e-01
6.041948579161028343e-01 7.257955314827352344e-01
6.041948579161028343e-01 7.264725795531482566e-01
6.055480378890392146e-01 7.264725795531482566e-01
6.062246278755074602e-01 7.264725795531482566e-01
6.062246278755074602e-01 7.278266756939743010e-01
6.075778078484438405e-01 7.278266756939743010e-01
6.082543978349120861e-01 7.278266756939743010e-01
6.082543978349120861e-01 7.298578199052132565e-01
6.089309878213802207e-01 7.298578199052132565e-01
6.089309878213802207e-01 7.312119160460393008e-01
6.102841677943166010e-01 7.312119160460393008e-01
6.102841677943166010e-01 7.318889641164523230e-01
6.123139377537212269e-01 7.318889641164523230e-01
6.123139377537212269e-01 7.325660121868652341e-01
6.136671177266576072e-01 7.325660121868652341e-01
6.136671177266576072e-01 7.339201083276912785e-01
6.143437077131258528e-01 7.339201083276912785e-01
6.143437077131258528e-01 7.345971563981043007e-01
6.150202976995940984e-01 7.345971563981043007e-01
6.150202976995940984e-01 7.400135409614082560e-01
6.163734776725304787e-01 7.400135409614082560e-01
6.163734776725304787e-01 7.406905890318212782e-01
6.170500676589986133e-01 7.406905890318212782e-01
6.170500676589986133e-01 7.420446851726472115e-01
6.177266576454668590e-01 7.420446851726472115e-01
6.177266576454668590e-01 7.474610697359512779e-01
6.184032476319349936e-01 7.474610697359512779e-01
6.184032476319349936e-01 7.488151658767772112e-01
6.197564276048714849e-01 7.488151658767772112e-01
6.197564276048714849e-01 7.501692620176032555e-01
6.211096075778078651e-01 7.501692620176032555e-01
6.224627875507442454e-01 7.501692620176032555e-01
6.231393775372124910e-01 7.501692620176032555e-01
6.231393775372124910e-01 7.515233581584292999e-01
6.251691474966170059e-01 7.515233581584292999e-01
6.251691474966170059e-01 7.522004062288422110e-01
6.271989174560216318e-01 7.522004062288422110e-01
6.285520974289580121e-01 7.522004062288422110e-01
6.292286874154262577e-01 7.522004062288422110e-01
6.292286874154262577e-01 7.528774542992552332e-01
6.299052774018945033e-01 7.528774542992552332e-01
6.299052774018945033e-01 7.542315504400812776e-01
6.305818673883626380e-01 7.542315504400812776e-01
6.305818673883626380e-01 7.589708869329722107e-01
6.326116373477672639e-01 7.589708869329722107e-01
6.326116373477672639e-01 7.596479350033852329e-01
6.332882273342353985e-01 7.596479350033852329e-01
6.332882273342353985e-01 7.603249830737982551e-01
6.346414073071718898e-01 7.603249830737982551e-01
6.346414073071718898e-01 7.623561272850372106e-01
6.353179972936400244e-01 7.623561272850372106e-01
6.353179972936400244e-01 7.630331753554502328e-01
6.366711772665764046e-01 7.630331753554502328e-01
6.366711772665764046e-01 7.657413676371022104e-01
6.387009472259810305e-01 7.657413676371022104e-01
6.393775372124492762e-01 7.657413676371022104e-01
6.393775372124492762e-01 7.664184157075152326e-01
6.407307171853856564e-01 7.664184157075152326e-01
6.407307171853856564e-01 7.670954637779282548e-01
6.414073071718539021e-01 7.670954637779282548e-01
6.414073071718539021e-01 7.684495599187541881e-01
6.420838971583220367e-01 7.684495599187541881e-01
6.434370771312584170e-01 7.684495599187541881e-01
6.434370771312584170e-01 7.691266079891672103e-01
6.468200270635994231e-01 7.691266079891672103e-01
6.468200270635994231e-01 7.711577522004062768e-01
6.481732070365359144e-01 7.711577522004062768e-01
6.488497970230040490e-01 7.711577522004062768e-01
6.488497970230040490e-01 7.738659444820582545e-01
6.515561569688768095e-01 7.738659444820582545e-01
6.515561569688768095e-01 7.745429925524712766e-01
6.542625169147496811e-01 7.745429925524712766e-01
6.542625169147496811e-01 7.752200406228841878e-01
6.556156968876860613e-01 7.752200406228841878e-01
6.562922868741543070e-01 7.752200406228841878e-01
6.576454668470906872e-01 7.752200406228841878e-01
6.603518267929634478e-01 7.752200406228841878e-01
6.603518267929634478e-01 7.765741367637102321e-01
6.610284167794316934e-01 7.765741367637102321e-01
6.623815967523680737e-01 7.765741367637102321e-01
6.630581867388363193e-01 7.765741367637102321e-01
6.630581867388363193e-01 7.799593771157752320e-01
6.671177266576454601e-01 7.799593771157752320e-01
6.684709066305818403e-01 7.799593771157752320e-01
6.684709066305818403e-01 7.806364251861882542e-01
6.698240866035182206e-01 7.806364251861882542e-01
6.705006765899864662e-01 7.806364251861882542e-01
6.705006765899864662e-01 7.813134732566011653e-01
6.711772665764547119e-01 7.813134732566011653e-01
6.725304465493910921e-01 7.813134732566011653e-01
6.725304465493910921e-01 7.819905213270141875e-01
6.725304465493910921e-01 7.833446174678402318e-01
6.732070365358592268e-01 7.833446174678402318e-01
6.732070365358592268e-01 7.840216655382532540e-01
6.738836265223274724e-01 7.840216655382532540e-01
6.738836265223274724e-01 7.846987136086661652e-01
6.752368064952638527e-01 7.846987136086661652e-01
6.752368064952638527e-01 7.853757616790791873e-01
6.765899864682002329e-01 7.853757616790791873e-01
6.765899864682002329e-01 7.860528097494922095e-01
6.772665764546684786e-01 7.860528097494922095e-01
6.772665764546684786e-01 7.874069058903182539e-01
6.779431664411367242e-01 7.874069058903182539e-01
6.779431664411367242e-01 7.894380501015572094e-01
6.799729364005412391e-01 7.894380501015572094e-01
6.799729364005412391e-01 7.941773865944482536e-01
6.813261163734776193e-01 7.941773865944482536e-01
6.813261163734776193e-01 7.948544346648611647e-01
6.833558863328822452e-01 7.948544346648611647e-01
6.833558863328822452e-01 7.962085308056872091e-01
6.847090663058186255e-01 7.962085308056872091e-01
6.860622462787551168e-01 7.962085308056872091e-01
6.874154262516914971e-01 7.962085308056872091e-01
6.874154262516914971e-01 7.968855788761002312e-01
6.880920162381596317e-01 7.968855788761002312e-01
6.894451962110961230e-01 7.968855788761002312e-01
6.894451962110961230e-01 7.975626269465132534e-01
6.907983761840325032e-01 7.975626269465132534e-01
6.907983761840325032e-01 7.982396750169261646e-01
6.921515561569688835e-01 7.982396750169261646e-01
6.921515561569688835e-01 7.989167230873391867e-01
6.928281461434371291e-01 7.989167230873391867e-01
6.928281461434371291e-01 8.009478672985782532e-01
6.962110960757780243e-01 8.009478672985782532e-01
6.975642760487145155e-01 8.009478672985782532e-01
6.982408660351826502e-01 8.009478672985782532e-01
6.982408660351826502e-01 8.023019634394041866e-01
6.995940460081190304e-01 8.023019634394041866e-01
6.995940460081190304e-01 8.036560595802302309e-01
7.002706359945872761e-01 8.036560595802302309e-01
7.002706359945872761e-01 8.043331076506431421e-01
7.009472259810555217e-01 8.043331076506431421e-01
7.009472259810555217e-01 8.050101557210561642e-01
7.016238159675236563e-01 8.050101557210561642e-01
7.016238159675236563e-01 8.063642518618822086e-01
7.043301759133965279e-01 8.063642518618822086e-01
7.043301759133965279e-01 8.077183480027081419e-01
7.056833558863329081e-01 8.077183480027081419e-01
7.056833558863329081e-01 8.083953960731211641e-01
7.063599458728010427e-01 8.083953960731211641e-01
7.063599458728010427e-01 8.097494922139472084e-01
7.070365358592692884e-01 8.097494922139472084e-01
7.070365358592692884e-01 8.104265402843602306e-01
7.077131258457375340e-01 8.104265402843602306e-01
7.077131258457375340e-01 8.144888287068381416e-01
7.083897158322056686e-01 8.144888287068381416e-01
7.097428958051420489e-01 8.144888287068381416e-01
7.124492557510149204e-01 8.144888287068381416e-01
7.124492557510149204e-01 8.158429248476641860e-01
7.138024357239513007e-01 8.158429248476641860e-01
7.138024357239513007e-01 8.165199729180772081e-01
7.151556156968876810e-01 8.165199729180772081e-01
7.151556156968876810e-01 8.199052132701422080e-01
7.158322056833559266e-01 8.199052132701422080e-01
7.158322056833559266e-01 8.205822613405552302e-01
7.165087956698240612e-01 8.205822613405552302e-01
7.165087956698240612e-01 8.212593094109681413e-01
7.171853856562923069e-01 8.212593094109681413e-01
7.171853856562923069e-01 8.226134055517941857e-01
7.178619756427604415e-01 8.226134055517941857e-01
7.178619756427604415e-01 8.239675016926202300e-01
7.185385656292286871e-01 8.239675016926202300e-01
7.185385656292286871e-01 8.246445497630331412e-01
7.198917456021650674e-01 8.246445497630331412e-01
7.198917456021650674e-01 8.307379823967501187e-01
7.219215155615696933e-01 8.307379823967501187e-01
7.232746955345060735e-01 8.307379823967501187e-01
7.239512855209743192e-01 8.307379823967501187e-01
7.239512855209743192e-01 8.314150304671631408e-01
7.246278755074424538e-01 8.314150304671631408e-01
7.246278755074424538e-01 8.320920785375761630e-01
7.259810554803789451e-01 8.320920785375761630e-01
7.273342354533153253e-01 8.320920785375761630e-01
7.273342354533153253e-01 8.327691266079891852e-01
7.293640054127198402e-01 8.327691266079891852e-01
7.307171853856563315e-01 8.327691266079891852e-01
7.307171853856563315e-01 8.334461746784022074e-01
7.313937753721244661e-01 8.334461746784022074e-01
7.313937753721244661e-01 8.341232227488151185e-01
7.327469553450608464e-01 8.341232227488151185e-01
7.327469553450608464e-01 8.354773188896411629e-01
7.334235453315290920e-01 8.354773188896411629e-01
7.334235453315290920e-01 8.375084631008801184e-01
7.354533152909337179e-01 8.375084631008801184e-01
7.354533152909337179e-01 8.381855111712931405e-01
7.368064952638700982e-01 8.381855111712931405e-01
7.381596752368064784e-01 8.381855111712931405e-01
7.381596752368064784e-01 8.388625592417061627e-01
7.395128552097428587e-01 8.388625592417061627e-01
7.408660351826793500e-01 8.388625592417061627e-01
7.408660351826793500e-01 8.395396073121191849e-01
7.422192151556157302e-01 8.395396073121191849e-01
7.422192151556157302e-01 8.402166553825322071e-01
7.428958051420838649e-01 8.402166553825322071e-01
7.428958051420838649e-01 8.408937034529451182e-01
7.442489851150202451e-01 8.408937034529451182e-01
7.442489851150202451e-01 8.415707515233581404e-01
7.483085250338294969e-01 8.415707515233581404e-01
7.483085250338294969e-01 8.422477995937711626e-01
7.510148849797022574e-01 8.422477995937711626e-01
7.510148849797022574e-01 8.442789438050101181e-01
7.530446549391068833e-01 8.442789438050101181e-01
7.530446549391068833e-01 8.476641841570751179e-01
7.550744248985115092e-01 8.476641841570751179e-01
7.550744248985115092e-01 8.490182802979011623e-01
7.557510148849797549e-01 8.490182802979011623e-01
7.557510148849797549e-01 8.496953283683141844e-01
7.564276048714478895e-01 8.496953283683141844e-01
7.564276048714478895e-01 8.503723764387270956e-01
7.584573748308525154e-01 8.503723764387270956e-01
7.584573748308525154e-01 8.517264725795531399e-01
7.611637347767252759e-01 8.517264725795531399e-01
7.611637347767252759e-01 8.530805687203791843e-01
7.618403247631935216e-01 8.530805687203791843e-01
7.618403247631935216e-01 8.557887610020311620e-01
7.631935047361299018e-01 8.557887610020311620e-01
7.631935047361299018e-01 8.571428571428570953e-01
7.645466847090662821e-01 8.571428571428570953e-01
7.645466847090662821e-01 8.578199052132701175e-01
7.652232746955345277e-01 8.578199052132701175e-01
7.665764546684709080e-01 8.578199052132701175e-01
7.672530446549391536e-01 8.578199052132701175e-01
7.672530446549391536e-01 8.598510494245091840e-01
7.679296346414072882e-01 8.598510494245091840e-01
7.679296346414072882e-01 8.605280974949220951e-01
7.686062246278755339e-01 8.605280974949220951e-01
7.686062246278755339e-01 8.618821936357481395e-01
7.699594046008119141e-01 8.618821936357481395e-01
7.699594046008119141e-01 8.625592417061611616e-01
7.719891745602165400e-01 8.625592417061611616e-01
7.740189445196210549e-01 8.625592417061611616e-01
7.740189445196210549e-01 8.639133378469870950e-01
7.753721244925575462e-01 8.639133378469870950e-01
7.753721244925575462e-01 8.645903859174001171e-01
7.760487144790256808e-01 8.645903859174001171e-01
7.760487144790256808e-01 8.652674339878131393e-01
7.774018944519620611e-01 8.652674339878131393e-01
7.774018944519620611e-01 8.672985781990520948e-01
7.787550744248985524e-01 8.672985781990520948e-01
7.787550744248985524e-01 8.706838185511170947e-01
7.794316644113666870e-01 8.706838185511170947e-01
7.794316644113666870e-01 8.720379146919431390e-01
7.821380243572395585e-01 8.720379146919431390e-01
7.821380243572395585e-01 8.747461069735951167e-01
7.834912043301759388e-01 8.747461069735951167e-01
7.834912043301759388e-01 8.788083953960731387e-01
7.841677943166440734e-01 8.788083953960731387e-01
7.841677943166440734e-01 8.794854434664861609e-01
7.855209742895805647e-01 8.794854434664861609e-01
7.882273342354533252e-01 8.794854434664861609e-01
7.889039242219215708e-01 8.794854434664861609e-01
7.902571041948579511e-01 8.794854434664861609e-01
7.909336941813260857e-01 8.794854434664861609e-01
7.922868741542624660e-01 8.794854434664861609e-01
7.929634641407307116e-01 8.794854434664861609e-01
7.943166441136670919e-01 8.794854434664861609e-01
7.943166441136670919e-01 8.801624915368990720e-01
7.949932341001353375e-01 8.801624915368990720e-01
7.949932341001353375e-01 8.815165876777251164e-01
7.963464140730717178e-01 8.815165876777251164e-01
7.970230040595399634e-01 8.815165876777251164e-01
7.970230040595399634e-01 8.828706838185511607e-01
7.983761840324763437e-01 8.828706838185511607e-01
7.983761840324763437e-01 8.835477318889640719e-01
7.997293640054127239e-01 8.835477318889640719e-01
8.004059539918809696e-01 8.835477318889640719e-01
8.017591339648173498e-01 8.835477318889640719e-01
8.017591339648173498e-01 8.842247799593770941e-01
8.024357239512854845e-01 8.842247799593770941e-01
8.037889039242219757e-01 8.842247799593770941e-01
8.037889039242219757e-01 8.849018280297901162e-01
8.051420838971583560e-01 8.849018280297901162e-01
8.051420838971583560e-01 8.855788761002031384e-01
8.058186738836264906e-01 8.855788761002031384e-01
8.058186738836264906e-01 8.862559241706161606e-01
8.071718538565628709e-01 8.862559241706161606e-01
8.085250338294993622e-01 8.862559241706161606e-01
8.085250338294993622e-01 8.903182125930940716e-01
8.098782138024357424e-01 8.903182125930940716e-01
8.098782138024357424e-01 8.909952606635070937e-01
8.125845737483085029e-01 8.909952606635070937e-01
8.139377537212448832e-01 8.909952606635070937e-01
8.139377537212448832e-01 8.916723087339201159e-01
8.152909336941813745e-01 8.916723087339201159e-01
8.166441136671177548e-01 8.916723087339201159e-01
8.166441136671177548e-01 8.923493568043331381e-01
8.186738836265223807e-01 8.923493568043331381e-01
8.186738836265223807e-01 8.937034529451590714e-01
8.200270635994587609e-01 8.937034529451590714e-01
8.207036535859268955e-01 8.937034529451590714e-01
8.220568335588632758e-01 8.937034529451590714e-01
8.220568335588632758e-01 8.943805010155720936e-01
8.227334235453315214e-01 8.943805010155720936e-01
8.240866035182679017e-01 8.943805010155720936e-01
8.240866035182679017e-01 8.957345971563981379e-01
8.254397834912042820e-01 8.957345971563981379e-01
8.254397834912042820e-01 8.964116452268110491e-01
8.267929634641407732e-01 8.964116452268110491e-01
8.294993234100135338e-01 8.964116452268110491e-01
8.308525033829499140e-01 8.964116452268110491e-01
8.308525033829499140e-01 8.970886932972240713e-01
8.315290933694181597e-01 8.970886932972240713e-01
8.328822733423545399e-01 8.970886932972240713e-01
8.328822733423545399e-01 8.977657413676370934e-01
8.342354533152909202e-01 8.977657413676370934e-01
8.342354533152909202e-01 8.984427894380501156e-01
8.355886332882273004e-01 8.984427894380501156e-01
8.355886332882273004e-01 8.997968855788760489e-01
8.389715832205683066e-01 8.997968855788760489e-01
8.389715832205683066e-01 9.004739336492890711e-01
8.396481732070365522e-01 9.004739336492890711e-01
8.396481732070365522e-01 9.011509817197020933e-01
8.403247631935046869e-01 9.011509817197020933e-01
8.403247631935046869e-01 9.018280297901151155e-01
8.410013531799729325e-01 9.018280297901151155e-01
8.410013531799729325e-01 9.025050778605281376e-01
8.423545331529093128e-01 9.025050778605281376e-01
8.423545331529093128e-01 9.031821259309410488e-01
8.443843031123139387e-01 9.031821259309410488e-01
8.457374830852503189e-01 9.031821259309410488e-01
8.470906630581866992e-01 9.031821259309410488e-01
8.470906630581866992e-01 9.038591740013540710e-01
8.484438430311231905e-01 9.038591740013540710e-01
8.497970230040595707e-01 9.038591740013540710e-01
8.497970230040595707e-01 9.045362220717670931e-01
8.511502029769959510e-01 9.045362220717670931e-01
8.525033829499323312e-01 9.045362220717670931e-01
8.525033829499323312e-01 9.052132701421801153e-01
8.538565629228687115e-01 9.052132701421801153e-01
8.538565629228687115e-01 9.079214624238320930e-01
8.579161028416779633e-01 9.079214624238320930e-01
8.592692828146143436e-01 9.079214624238320930e-01
8.592692828146143436e-01 9.085985104942451152e-01
8.599458728010825892e-01 9.085985104942451152e-01
8.599458728010825892e-01 9.099526066350710485e-01
8.606224627875507238e-01 9.099526066350710485e-01
8.606224627875507238e-01 9.106296547054840707e-01
8.612990527740189695e-01 9.106296547054840707e-01
8.612990527740189695e-01 9.113067027758970928e-01
8.619756427604871041e-01 9.113067027758970928e-01
8.619756427604871041e-01 9.119837508463101150e-01
8.626522327469553497e-01 9.119837508463101150e-01
8.626522327469553497e-01 9.140148950575490705e-01
8.640054127198917300e-01 9.140148950575490705e-01
8.640054127198917300e-01 9.146919431279620927e-01
8.646820027063599756e-01 9.146919431279620927e-01
8.646820027063599756e-01 9.160460392687881370e-01
8.673883626522327361e-01 9.160460392687881370e-01
8.687415426251691164e-01 9.160460392687881370e-01
8.687415426251691164e-01 9.174001354096140703e-01
8.694181326116373620e-01 9.174001354096140703e-01
8.721244925575101226e-01 9.174001354096140703e-01
8.734776725304465028e-01 9.174001354096140703e-01
8.734776725304465028e-01 9.180771834800270925e-01
8.748308525033829941e-01 9.180771834800270925e-01
8.748308525033829941e-01 9.194312796208530258e-01
8.755074424898511287e-01 9.194312796208530258e-01
8.755074424898511287e-01 9.201083276912660480e-01
8.768606224627875090e-01 9.201083276912660480e-01
8.768606224627875090e-01 9.207853757616790702e-01
8.775372124492557546e-01 9.207853757616790702e-01
8.775372124492557546e-01 9.214624238320920924e-01
8.782138024357240003e-01 9.214624238320920924e-01
8.782138024357240003e-01 9.241706161137440700e-01
8.795669824086603805e-01 9.241706161137440700e-01
8.802435723951285151e-01 9.241706161137440700e-01
8.802435723951285151e-01 9.248476641841570922e-01
8.829499323410013867e-01 9.248476641841570922e-01
8.856562922868741472e-01 9.248476641841570922e-01
8.856562922868741472e-01 9.262017603249830255e-01
8.883626522327469077e-01 9.262017603249830255e-01
8.883626522327469077e-01 9.268788083953960477e-01
8.903924221921515336e-01 9.268788083953960477e-01
8.903924221921515336e-01 9.275558564658090699e-01
8.910690121786197793e-01 9.275558564658090699e-01
8.910690121786197793e-01 9.289099526066351142e-01
8.917456021650879139e-01 9.289099526066351142e-01
8.917456021650879139e-01 9.302640487474610476e-01
8.924221921515561595e-01 9.302640487474610476e-01
8.937753721244925398e-01 9.302640487474610476e-01
8.951285520974289200e-01 9.302640487474610476e-01
8.951285520974289200e-01 9.309410968178740697e-01
8.964817320703654113e-01 9.309410968178740697e-01
8.964817320703654113e-01 9.316181448882870919e-01
8.971583220568335459e-01 9.316181448882870919e-01
8.971583220568335459e-01 9.322951929587001141e-01
8.978349120433017916e-01 9.322951929587001141e-01
8.978349120433017916e-01 9.329722410291130252e-01
8.985115020297699262e-01 9.329722410291130252e-01
9.012178619756427977e-01 9.329722410291130252e-01
9.012178619756427977e-01 9.350033852403520918e-01
9.025710419485791780e-01 9.350033852403520918e-01
9.032476319350473126e-01 9.350033852403520918e-01
9.032476319350473126e-01 9.356804333107651139e-01
9.052774018944519385e-01 9.356804333107651139e-01
9.052774018944519385e-01 9.377115775220040694e-01
9.073071718538565644e-01 9.377115775220040694e-01
9.079837618403248101e-01 9.377115775220040694e-01
9.100135317997293249e-01 9.377115775220040694e-01
9.100135317997293249e-01 9.390656736628301138e-01
9.127198917456021965e-01 9.390656736628301138e-01
9.127198917456021965e-01 9.397427217332430249e-01
9.147496617050067114e-01 9.397427217332430249e-01
9.147496617050067114e-01 9.410968178740690693e-01
9.161028416779432026e-01 9.410968178740690693e-01
9.161028416779432026e-01 9.417738659444820915e-01
9.167794316644113373e-01 9.417738659444820915e-01
9.167794316644113373e-01 9.424509140148950026e-01
9.181326116373477175e-01 9.424509140148950026e-01
9.181326116373477175e-01 9.438050101557210469e-01
9.208389715832205891e-01 9.438050101557210469e-01
9.221921515561569693e-01 9.438050101557210469e-01
9.221921515561569693e-01 9.444820582261340691e-01
9.235453315290933496e-01 9.444820582261340691e-01
9.235453315290933496e-01 9.465132024373730246e-01
9.242219215155615952e-01 9.465132024373730246e-01
9.242219215155615952e-01 9.471902505077860468e-01
9.248985115020297298e-01 9.471902505077860468e-01
9.248985115020297298e-01 9.485443466486120911e-01
9.262516914749662211e-01 9.485443466486120911e-01
9.262516914749662211e-01 9.512525389302640688e-01
9.276048714479026014e-01 9.512525389302640688e-01
9.276048714479026014e-01 9.526066350710900021e-01
9.282814614343707360e-01 9.526066350710900021e-01
9.282814614343707360e-01 9.532836831415030243e-01
9.296346414073072273e-01 9.532836831415030243e-01
9.296346414073072273e-01 9.539607312119160465e-01
9.309878213802436075e-01 9.539607312119160465e-01
9.309878213802436075e-01 9.559918754231550020e-01
9.316644113667117422e-01 9.559918754231550020e-01
9.316644113667117422e-01 9.573459715639810463e-01
9.330175913396481224e-01 9.573459715639810463e-01
9.350473612990527483e-01 9.573459715639810463e-01
9.350473612990527483e-01 9.580230196343940685e-01
9.364005412719891286e-01 9.580230196343940685e-01
9.364005412719891286e-01 9.587000677048070907e-01
9.370771312584573742e-01 9.587000677048070907e-01
9.370771312584573742e-01 9.600541638456330240e-01
9.377537212449256199e-01 9.600541638456330240e-01
9.377537212449256199e-01 9.607312119160460462e-01
9.411366711772666260e-01 9.607312119160460462e-01
9.411366711772666260e-01 9.647935003385240682e-01
9.418132611637347607e-01 9.647935003385240682e-01
9.418132611637347607e-01 9.654705484089369794e-01
9.431664411366711409e-01 9.654705484089369794e-01
9.431664411366711409e-01 9.661475964793500015e-01
9.451962110960757668e-01 9.661475964793500015e-01
9.451962110960757668e-01 9.668246445497630237e-01
9.465493910690121471e-01 9.668246445497630237e-01
9.465493910690121471e-01 9.681787406905890681e-01
9.472259810554803927e-01 9.681787406905890681e-01
9.472259810554803927e-01 9.688557887610019792e-01
9.492557510148850186e-01 9.688557887610019792e-01
9.492557510148850186e-01 9.695328368314150014e-01
9.506089309878213989e-01 9.695328368314150014e-01
9.506089309878213989e-01 9.735951252538930234e-01
9.519621109607577791e-01 9.735951252538930234e-01
9.519621109607577791e-01 9.742721733243060456e-01
9.533152909336941594e-01 9.742721733243060456e-01
9.533152909336941594e-01 9.749492213947190677e-01
9.539918809201624050e-01 9.749492213947190677e-01
9.539918809201624050e-01 9.756262694651319789e-01
9.546684709066305397e-01 9.756262694651319789e-01
9.546684709066305397e-01 9.769803656059580232e-01
9.566982408660351656e-01 9.769803656059580232e-01
9.566982408660351656e-01 9.776574136763710454e-01
9.573748308525034112e-01 9.776574136763710454e-01
9.573748308525034112e-01 9.783344617467840676e-01
9.587280108254397915e-01 9.783344617467840676e-01
9.587280108254397915e-01 9.790115098171969787e-01
9.607577807848444174e-01 9.790115098171969787e-01
9.614343707713125520e-01 9.790115098171969787e-01
9.614343707713125520e-01 9.796885578876100009e-01
9.627875507442489322e-01 9.796885578876100009e-01
9.627875507442489322e-01 9.823967501692619786e-01
9.634641407307171779e-01 9.823967501692619786e-01
9.634641407307171779e-01 9.837508463100880229e-01
9.641407307171854235e-01 9.837508463100880229e-01
9.654939106901218038e-01 9.837508463100880229e-01
9.661705006765899384e-01 9.837508463100880229e-01
9.661705006765899384e-01 9.844278943805010451e-01
9.682002706359945643e-01 9.844278943805010451e-01
9.682002706359945643e-01 9.851049424509140673e-01
9.722598105548038161e-01 9.851049424509140673e-01
9.722598105548038161e-01 9.857819905213269784e-01
9.736129905277401964e-01 9.857819905213269784e-01
9.749661705006765766e-01 9.857819905213269784e-01
9.763193504736129569e-01 9.857819905213269784e-01
9.769959404600812025e-01 9.857819905213269784e-01
9.783491204330175828e-01 9.857819905213269784e-01
9.783491204330175828e-01 9.864590385917400006e-01
9.810554803788903433e-01 9.864590385917400006e-01
9.810554803788903433e-01 9.878131347325660450e-01
9.837618403247632148e-01 9.878131347325660450e-01
9.837618403247632148e-01 9.884901828029789561e-01
9.844384303112313495e-01 9.884901828029789561e-01
9.844384303112313495e-01 9.891672308733919783e-01
9.851150202976995951e-01 9.891672308733919783e-01
9.864682002706359754e-01 9.891672308733919783e-01
9.864682002706359754e-01 9.911983750846310448e-01
9.871447902571042210e-01 9.911983750846310448e-01
9.871447902571042210e-01 9.918754231550439560e-01
9.878213802435723556e-01 9.918754231550439560e-01
9.878213802435723556e-01 9.932295192958700003e-01
9.898511502029769815e-01 9.932295192958700003e-01
9.898511502029769815e-01 9.939065673662830225e-01
9.925575101488497420e-01 9.939065673662830225e-01
9.932341001353179877e-01 9.939065673662830225e-01
9.932341001353179877e-01 9.945836154366960447e-01
9.939106901217862333e-01 9.945836154366960447e-01
9.939106901217862333e-01 9.959377115775219780e-01
9.952638700947226136e-01 9.959377115775219780e-01
9.972936400541272395e-01 9.959377115775219780e-01
9.972936400541272395e-01 9.966147596479350002e-01
9.979702300405953741e-01 9.966147596479350002e-01
9.979702300405953741e-01 9.993229519295869778e-01
9.993234100135317544e-01 9.993229519295869778e-01
9.993234100135317544e-01 1.000000000000000000e+00
1.000000000000000000e+00 1.000000000000000000e+00
